0 0.30720981406250003 0.4063238375 0.3057887171875 0.4007716546875 0.3032432875 0.400091575 0.30112945468749996 0.4004263734375 0.296276471875 0.402278246875 0.281118553125 0.40576226249999997 0.2799089875 0.40667599687499995 0.27913101875 0.40860460937500004 0.281347890625 0.42089125000000005 0.28258689531250003 0.4235836421875 0.2841312 0.4247833640625 0.2927949703125 0.423050078125 0.29912174999999996 0.42024262187500006 0.3050874375 0.41857559218749996 0.30729813125 0.41714221562500003 0.3080760984375 0.41521360312500005 0.3082140296875 0.41266420468750004 0.30720981406250003 0.4063238375
0 0.885419509375 0.3311833296875 0.887273025 0.319113659375 0.8667101593750001 0.31271795468749997 0.8646557187499999 0.324433346875 0.885419509375 0.3311833296875
0 0.82581226875 0.3105082546875 0.8278667093750001 0.2987928640625 0.8103459125000001 0.29423195468749996 0.8073841937499999 0.3057049421875 0.82581226875 0.3105082546875
0 0.769123215625 0.297286071875 0.7723533859375 0.287508021875 0.7551888734375 0.281539325 0.751192696875 0.291052596875 0.769123215625 0.297286071875
0 0.7097019343750001 0.3097862921875 0.712575821875 0.301416028125 0.697842728125 0.2952552828125 0.6941730078125 0.303172440625 0.7097019343750001 0.3097862921875
0 0.661144365625 0.3223033265625 0.6625160671875 0.31359183281249997 0.64943595 0.3123816546875 0.647781709375 0.3211378984375 0.661144365625 0.3223033265625
0 0.6272362359375 0.3203379140625 0.62932215625 0.3124785546875 0.6172591062499999 0.3076323734375 0.614771334375 0.314783178125 0.6272362359375 0.3203379140625
0 0.602300603125 0.329306653125 0.6040443265625 0.3211153890625 0.59295608125 0.3178522734375 0.5908999875000001 0.325899959375 0.602300603125 0.329306653125
0 0.5418539984375 0.3271043515625 0.5435757640625 0.3196887703125 0.5342863328125 0.31498244375 0.5319100015625 0.321922546875 0.5418539984375 0.3271043515625
0 0.509807640625 0.33140779375 0.51190143125 0.324512440625 0.5027234390624999 0.3195954125 0.5005182078125 0.32670146718750004 0.509807640625 0.33140779375
0 0.048253921875 0.3711311421875 0.04674091875 0.365219871875 0.035527790625 0.36725214375 0.036463584375000004 0.3737674109375 0.048253921875 0.3711311421875
0 0.4726679546875 0.33207188125 0.47485733906250005 0.3259283859375 0.4664590890625 0.3219887796875 0.464351128125 0.32864635625 0.4726679546875 0.33207188125
0 0.451277065625 0.3384460609375 0.4530265375 0.332020921875 0.445975159375 0.3290976046875 0.44414426406249996 0.33500866406249996 0.451277065625 0.3384460609375
0 0.43041016093750006 0.336481296875 0.4330322921875 0.3297422859375 0.4261222765625 0.32521564999999997 0.4240143140625 0.3318732265625 0.43041016093750006 0.336481296875
0 0.3979958828125 0.3389803375 0.39956969062500003 0.33310999531249996 0.3938508625 0.32944864687500003 0.39256127812499997 0.3354496296875 0.3979958828125 0.3389803375
0 0.3849527625 0.3273447953125 0.385930978125 0.32104181249999997 0.3797794 0.3179759796875 0.3786455 0.32412796250000003 0.3849527625 0.3273447953125