0 0.67509920625 0.387896825 0.6773313484375 0.3888888890625 0.6830357140625 0.38955026406250004 0.6892361109375 0.391203703125 0.697420634375 0.39153439218749997 0.6986607140625 0.39021164062499997 0.6994047625 0.3875661375 0.699652778125 0.37599206406249996 0.6986607140625 0.374338625 0.697420634375 0.3736772484375 0.6830357140625 0.3726851859375 0.6783234125 0.37169312187500003 0.6763392859375 0.37169312187500003 0.6741071421875 0.3726851859375 0.6736111109375 0.377976190625 0.6736111109375 0.38392857187499996 0.6741071421875 0.38624338593749996 0.67509920625 0.387896825
0 0.129817078125 0.38224654375 0.1332647234375 0.3930314828125 0.15129855625 0.38383776406250003 0.1477183109375 0.37340642968750004 0.129817078125 0.38224654375
0 0.18126654375 0.355018990625 0.184846790625 0.3654503265625 0.2010242 0.358378234375 0.19664834375 0.34830050468749996 0.18126654375 0.355018990625
0 0.23046178125 0.33663155312500004 0.2348376375 0.3451180640625 0.2503520375 0.33680835625 0.24531317187499999 0.32867545 0.23046178125 0.33663155312500004
0 0.2872153140625 0.34069800625 0.2910607640625 0.3479469 0.3043209359375 0.3396371921875 0.299812478125 0.33291870625 0.2872153140625 0.34069800625
0 0.3348193296875 0.34458765625 0.3373387625 0.3523669578125 0.34940551875 0.34936131875 0.34662088281250003 0.34158201718750003 0.3348193296875 0.34458765625
0 0.365052521875 0.33875318125 0.3681023609375 0.3456484703125 0.3787104984375 0.33875318125 0.3753954546875 0.3325651015625 0.365052521875 0.33875318125
0 0.3894512375 0.3429964359375 0.3922358734375 0.3502453296875 0.40218100156250003 0.34547166875 0.39913116249999997 0.33839957656249997 0.3894512375 0.3429964359375
0 0.44461354999999997 0.33291870625 0.447265584375 0.339460390625 0.4556194921875 0.3332723109375 0.45243705156249997 0.32726103281249996 0.44461354999999997 0.33291870625
0 0.474316334375 0.33274190312499996 0.477233571875 0.33875318125 0.48505707343750004 0.3330955078125 0.482007234375 0.326907428125 0.474316334375 0.33274190312499996
0 0.9061532890624999 0.30254987031249997 0.9056251765625 0.308183071875 0.9168035609375 0.308887221875 0.9167155421875 0.3027845859375 0.9061532890624999 0.30254987031249997
0 0.5084418265624999 0.328665290625 0.51133755625 0.333974128125 0.518456225 0.329630534375 0.5155604953124999 0.32383907500000003 0.5084418265624999 0.328665290625
0 0.529315209375 0.3310783984375 0.5318489734375 0.336708984375 0.5378817421875 0.3325262640625 0.5353479796875 0.3273783 0.529315209375 0.3310783984375
0 0.5472928640625 0.326091309375 0.5506712140625 0.33188276875 0.5558593968750001 0.3267348046875 0.5529636671875 0.3209433453125 0.5472928640625 0.326091309375
0 0.5784219546875 0.324321696875 0.5807144078124999 0.32946966093749996 0.58517865625 0.3254478140625 0.583127515625 0.3201389765625 0.5784219546875 0.324321696875
0 0.589160284375 0.3112909140625 0.590970115625 0.31692149999999997 0.596278953125 0.3130605265625 0.5943484671875 0.307590815625 0.589160284375 0.3112909140625