0 0.6333463640625 0.437958709375 0.6346166875 0.42368270625 0.6324389921875 0.4229568078125 0.6135656328125 0.42102107968749997 0.6121138359375 0.43553904687499995 0.6122953109375 0.43650691249999996 0.6324389921875 0.43941050625000005 0.6333463640625 0.437958709375
0 0.9135188734374999 0.36988796874999996 0.9125305453125 0.3694825 0.89816178125 0.3694825 0.89778165625 0.37019206875 0.89778165625 0.378605525 0.9131387468750001 0.3790109921875 0.9134428484375 0.3779973234375 0.9135188734374999 0.36988796874999996
0 0.21416682968749998 0.44085803593749995 0.2176650171875 0.4508775375 0.23450814375 0.4420672859375 0.23165776875000002 0.4318750359375 0.21416682968749998 0.44085803593749995
0 0.262882334375 0.41529103437500003 0.266380521875 0.424965034375 0.2812802109375 0.41770953437499997 0.2775228984375 0.4080355328125 0.262882334375 0.41529103437500003
0 0.30952483750000004 0.3971522828125 0.3136708390625 0.4047532828125 0.3277931515625 0.39680678281250004 0.3235175890625 0.38903303125 0.30952483750000004 0.3971522828125
0 0.36212721718749996 0.39974353281249997 0.3657549671875 0.4069990328125 0.37858165625 0.39870703281250003 0.37469478125 0.3919697828125 0.36212721718749996 0.39974353281249997
0 0.40672528750000003 0.4028854703125 0.4090882515625 0.40997436406250004 0.420410790625 0.40695502031249997 0.4180478265625 0.3993410234375 0.40672528750000003 0.4028854703125
0 0.4351793203125 0.39658423125 0.438428396875 0.40327929687499997 0.448667909375 0.396059128125 0.4453203765625 0.38975788906250003 0.4351793203125 0.39658423125
0 0.4585135953125 0.39999740156249997 0.4610734734375 0.40721757187499996 0.4710176171875 0.402229090625 0.4680639109375 0.395140196875 0.4585135953125 0.39999740156249997
0 0.5125664109375 0.3894953375 0.5155201171875 0.3952714734375 0.5231012953125 0.3894953375 0.5199506765625 0.3837192015625 0.5125664109375 0.3894953375
0 0.541414271875 0.388051303125 0.5448602625000001 0.3943525421875 0.5523429828124999 0.38857640625 0.5487985359375 0.38253771875 0.541414271875 0.388051303125
0 0.5757757156250001 0.3837192015625 0.5784340515624999 0.388970234375 0.5852275734375 0.3847694078125 0.5824707828125 0.37938710000000003 0.5757757156250001 0.3837192015625
0 0.5963532 0.385950890625 0.5987161640625 0.3914644734375 0.605017403125 0.387132371875 0.6021621546875 0.3817500640625 0.5963532 0.385950890625