0 0.646050096875 0.460180521875 0.6470126828125 0.45857855625 0.6481270296874999 0.442971665625 0.645736609375 0.442220809375 0.6251025984374999 0.440467428125 0.6237948109375 0.4563418875 0.6240113 0.45739488437500003 0.646050096875 0.460180521875
0 0.9515489265625 0.3877932359375 0.9514773890624999 0.3789401796875 0.9503910687499999 0.378516425 0.9347099562500001 0.378790140625 0.9343086312500001 0.3795718984375 0.9344689296875 0.388755440625 0.9512363640625001 0.3889054796875 0.9515489265625 0.3877932359375
0 0.21182545625000002 0.47066078125 0.20852055468750003 0.45958992656250003 0.1896032578125 0.46972833593749996 0.193611846875 0.48059828906249996 0.21182545625000002 0.47066078125
0 0.2624052953125 0.44318257812499995 0.258120496875 0.4326946859375 0.2422809984375 0.44089317812499995 0.246283003125 0.4513860078125 0.2624052953125 0.44318257812499995
0 0.3127681703125 0.41948054843750004 0.3079539953125 0.41107670937499996 0.29283793125 0.4202056703125 0.29750741875000003 0.428423415625 0.3127681703125 0.41948054843750004
0 0.368231571875 0.42058724375 0.36386133125 0.41330737187500005 0.3502940390625 0.4220320609375 0.35439136250000003 0.42988255625000005 0.368231571875 0.42058724375
0 0.41403825312500003 0.4287933578125 0.4113144046875 0.42052746250000006 0.39902526875 0.4246120203125 0.40173911562500003 0.43230475 0.41403825312500003 0.4287933578125
0 0.444668596875 0.41636188125 0.44089526718750005 0.40954765625 0.4299580515625 0.417191996875 0.43363143906249996 0.4244379734375 0.444668596875 0.41636188125
0 0.4691771359375 0.4226708390625 0.4658185953125 0.4149893609375 0.455488559375 0.42047307343749996 0.4584198046875 0.42830534531250003 0.4691771359375 0.4226708390625
0 0.5257751875000001 0.4077794 0.5222267578124999 0.40153458906250006 0.514278115625 0.40798008125 0.51761164375 0.41422864375 0.5257751875000001 0.4077794
0 0.5576701109375 0.406219325 0.5536868828125 0.399695434375 0.5457332375 0.40585434375 0.5496140171875 0.41266669375 0.5576701109375 0.406219325
0 0.5934856328125 0.4014374421875 0.59037450625 0.395615003125 0.58315049375 0.4004711625 0.5861516703125 0.40615218437499995 0.5934856328125 0.4014374421875
0 0.61512795625 0.40363970781249997 0.6119093796875 0.3978191453125 0.6056499109375 0.40251513125000005 0.6083337421875 0.4084883640625 0.61512795625 0.40363970781249997