0 0.0414342625 0.784313725 0.040637450000000006 0.7892156859375 0.040637450000000006 0.8039215687500001 0.0438247015625 0.8529411765624999 0.048605578125 0.901960784375 0.0669322703125 0.8774509796875 0.0820717125 0.8676470593750001 0.0844621515625 0.8627450984375 0.0852589640625 0.848039215625 0.07808765 0.7549019609375 0.07250996093749999 0.7549019609375 0.057370517187500004 0.7794117640625 0.0414342625 0.784313725
0 0.228685259375 0.7352941171875 0.2247011953125 0.75 0.21752988125 0.759803921875 0.21593625468750002 0.76960784375 0.21593625468750002 0.7794117640625 0.21912350625000002 0.8088235296875 0.22231075625000002 0.8627450984375 0.22390438281249997 0.8725490203125 0.22788844687499998 0.8725490203125 0.23027888437500002 0.8627450984375 0.2326693234375 0.8627450984375 0.2541832671875 0.813725490625 0.2557768921875 0.8039215687500001 0.2557768921875 0.794117646875 0.2541832671875 0.784313725 0.248605578125 0.7107843140625 0.2470119515625 0.705882353125 0.24063745 0.7107843140625 0.2358565734375 0.7254901953124999 0.228685259375 0.7352941171875
0 0.14661354531249998 0.6764705875 0.14581673281250002 0.6813725484375001 0.1442231078125 0.6813725484375001 0.14183266875 0.6911764703125 0.14023904375000001 0.6911764703125 0.13705179218750002 0.7009803921875 0.13705179218750002 0.7205882359375 0.14183266875 0.75 0.1450199203125 0.794117646875 0.14661354531249998 0.8039215687500001 0.150597609375 0.8039215687500001 0.1585657375 0.7794117640625 0.1601593625 0.76960784375 0.1633466140625 0.7647058828125 0.1649402390625 0.7549019609375 0.17848605625 0.715686275 0.17928286875 0.7009803921875 0.17768924375 0.6911764703125 0.1752988046875 0.6568627453125 0.17131474062500002 0.6225490203125 0.169721115625 0.6176470593750001 0.1673306765625 0.6176470593750001 0.15139442187500002 0.671568628125 0.14661354531249998 0.6764705875
0 0.6055776890625 0.6274509796875 0.609561753125 0.6323529406249999 0.6175298812500001 0.6029411765625 0.62151394375 0.598039215625 0.6262948203125001 0.5833333328125 0.627888446875 0.5735294125 0.627888446875 0.5588235296875 0.6231075703125 0.509803921875 0.6207171312499999 0.49509803906250005 0.6175298812500001 0.49509803906250005 0.6 0.544117646875 0.5992031875 0.563725490625 0.6055776890625 0.6274509796875
0 0.4039840640625 0.5833333328125 0.4007968125 0.58823529375 0.3936254984375 0.6127450984375 0.3936254984375 0.6274509796875 0.3976095625 0.6568627453125 0.4007968125 0.7009803921875 0.4039840640625 0.705882353125 0.4127490046875 0.6764705875 0.41752988125 0.6666666671875 0.42709163281249996 0.6274509796875 0.41832669375 0.544117646875 0.4143426296875 0.5490196078125 0.41115537812499997 0.563725490625 0.40717131406249996 0.5686274515624999 0.4039840640625 0.5833333328125
0 0.49880478124999994 0.5735294125 0.49322709218750005 0.58823529375 0.48844621562499996 0.6078431375 0.48924302812500003 0.6274509796875 0.49721115468750005 0.7009803921875 0.5011952187500001 0.7009803921875 0.5211155375 0.6274509796875 0.5211155375 0.6029411765625 0.5131474109374999 0.534313725 0.509163346875 0.534313725 0.5059760953125 0.5490196078125 0.5011952187500001 0.5588235296875 0.49880478124999994 0.5735294125
0 0.6661354578124999 0.5833333328125 0.6661354578124999 0.6078431375 0.667729084375 0.6176470593750001 0.670916334375 0.66176470625 0.6725099609375 0.671568628125 0.6772908359375001 0.6666666671875 0.679681275 0.651960784375 0.6908366531250001 0.6176470593750001 0.6908366531250001 0.598039215625 0.688446215625 0.5686274515624999 0.6852589640625 0.544117646875 0.6852589640625 0.5392156859375 0.6836653390625 0.534313725 0.6828685265625001 0.5392156859375 0.6804780874999999 0.5392156859375 0.6661354578124999 0.5833333328125
0 0.7243027890625 0.509803921875 0.7243027890625 0.5294117640625 0.732270915625 0.5931372546875 0.7362549796875 0.58823529375 0.749003984375 0.534313725 0.7482071718750001 0.5049019609375 0.74103585625 0.44607843125 0.73944223125 0.44607843125 0.73784860625 0.455882353125 0.732270915625 0.4705882359375 0.7243027890625 0.509803921875
0 0.9617529875 0.3970588234375 0.9657370515625001 0.436274509375 0.970517928125 0.43137254843750006 0.98167330625 0.38725490156250003 0.98087649375 0.382352940625 0.98087649375 0.367647059375 0.9760956171874999 0.3186274515625 0.972111553125 0.3186274515625 0.9625498015625 0.348039215625 0.9601593625 0.36274509843749997 0.9617529875 0.3970588234375
0 0.8637450203125001 0.37745097968749997 0.8653386453125 0.37745097968749997 0.870119521875 0.3578431375 0.8733067734375 0.3529411765625 0.8764940234375 0.33823529375 0.87808765 0.33823529375 0.879681275 0.3235294125 0.8749003984374999 0.26960784375 0.8749003984374999 0.259803921875 0.8733067734375 0.25 0.8677290843750001 0.259803921875 0.8573705171875 0.294117646875 0.86055776875 0.3529411765625 0.8637450203125001 0.37745097968749997
0 0.9266932265625 0.4264705875 0.930677290625 0.4166666671875 0.9410358562500001 0.367647059375 0.9410358562500001 0.3431372546875 0.93864541875 0.3235294125 0.93784860625 0.294117646875 0.9354581671875 0.28431372499999996 0.9211155375000001 0.348039215625 0.9195219124999999 0.36274509843749997 0.9235059765625 0.4068627453125 0.9266932265625 0.4264705875
0 0.8231075703125 0.4852941171875 0.8231075703125 0.5049019609375 0.829482071875 0.563725490625 0.8326693234375 0.563725490625 0.8422310749999999 0.5245098046875001 0.8438247015625 0.509803921875 0.8382470124999999 0.436274509375 0.8358565734375001 0.436274509375 0.8334661359375 0.4509803921875 0.830278884375 0.455882353125 0.8231075703125 0.4852941171875