0 0.0576306640625 0.88074393125 0.043132015625 0.782557796875 0.037224276562500005 0.78297090625 0.02300555625 0.8100704343749999 0.020528165625 0.811026828125 0.028924690625 0.9311027281250001 0.040399409375 0.9132751671875001 0.055708073437500005 0.901762578125 0.05787664687500001 0.896389884375 0.0576306640625 0.88074393125
0 0.20388221406249998 0.88618018125 0.2062967703125 0.8964534421874999 0.210516584375 0.8961583640624999 0.2123218421875 0.885590025 0.21485373124999999 0.885412978125 0.23400757656249999 0.8318630953125 0.2349688734375 0.821353771875 0.23424224374999997 0.8109624796875 0.2318276875 0.80068921875 0.2204702234375 0.7231676359375 0.2184189828125 0.7180900218749999 0.21203059375 0.72375779375 0.2080567625 0.739698825 0.201187728125 0.7506212578125 0.19805785781250002 0.766503275 0.19118882343750002 0.7774257062500001 0.1902275265625 0.78793503125 0.19095415625 0.7983263234375 0.1965098984375 0.8292641375 0.20388221406249998 0.88618018125
0 0.103042059375 0.7418211171875 0.11028572656249999 0.7726409000000001 0.1169314109375 0.819165653125 0.119345965625 0.8294389125 0.12356578124999999 0.829143834375 0.130188834375 0.8025754484375 0.1311501296875 0.7920661250000001 0.1341626671875 0.7866344171875 0.1351239625 0.7761250921875 0.1465648109375 0.7335566578125 0.146318828125 0.717910703125 0.1439042734375 0.70763744375 0.1388291796875 0.6714449671875 0.132066159375 0.6353705234375 0.1300149203125 0.630292909375 0.1274830328125 0.63046995625 0.11460023906250001 0.6888023734375001 0.10989977656250001 0.694352115625 0.1094191296875 0.6996067765625 0.1077312046875 0.6997248078125 0.10592594687500001 0.710293146875 0.1042380203125 0.710411178125 0.10158879999999999 0.72103853125 0.103042059375 0.7418211171875
0 0.6109337609375001 0.53401116875 0.602236834375 0.48240879999999997 0.598615 0.466998909375 0.5952391484375 0.46723497187499996 0.5803051171875 0.520489778125 0.5809144140625 0.5413313765625001 0.5923892109375 0.60840265 0.596972340625 0.6133032203125001 0.603232078125 0.5815391875 0.6070885765625 0.5760484609375001 0.611062409375 0.5601074296874999 0.61202370625 0.54959810625 0.6109337609375001 0.53401116875
0 0.3846796578125 0.70646394375 0.39178335937500003 0.6746408953125 0.39612050625 0.6638955078125 0.4033415390625 0.6216221515625 0.38788159375000003 0.533945340625 0.3840250953125 0.5394360640625 0.38173918906250004 0.5552590656249999 0.3778826890625 0.5607497890625 0.37559678281250003 0.576572790625 0.37258424687499997 0.5820045 0.36680515625 0.6085138703124999 0.3678951015625 0.6241008078125 0.3742948046875 0.65497960625 0.38094049218750003 0.701504359375 0.3846796578125 0.70646394375
0 0.5029291515625001 0.6146583078125001 0.501112578125 0.588680078125 0.4875865390625 0.5165311890625001 0.4833667265625 0.5168262671875 0.48108081875 0.5326492671875 0.476743671875 0.543394653125 0.4753017296875 0.5591586390625001 0.4704839328125 0.5751586859375 0.466873415625 0.5962953640624999 0.46917064062499997 0.6170189328125 0.48305999218749995 0.6943634671875001 0.48727980625 0.6940683890625 0.5029291515625001 0.6146583078125001
0 0.672694328125 0.628892428125 0.6819666015625 0.5916966875 0.6805133421875 0.5709141015625 0.6758015640624999 0.539917271875 0.6706091375 0.5141751046875 0.6702458234375 0.5089794578125 0.6681945828125 0.50390184375 0.6677139359375001 0.5091565046875 0.665182046875 0.5093335515625 0.6532605499999999 0.5571566484375 0.655077125 0.5831348796875 0.65749168125 0.593408140625 0.6641373671874999 0.6399328921875 0.6665519234375 0.650206153125 0.671252384375 0.6446564125 0.672694328125 0.628892428125
0 0.7224202359375 0.4061310890625 0.7207323109375 0.4062491203125 0.719771015625 0.41675844375000004 0.7149532203125 0.4327584921875 0.7094201109375 0.474913815625 0.710873371875 0.4956964015625 0.7240360953125 0.56264964375 0.7278925921875 0.5571589203125 0.7373995343749999 0.4990625625 0.73437568125 0.46794770156250004 0.7224202359375 0.4061310890625
0 0.9619430781249999 0.25363467968750003 0.9577232640625001 0.2539297578125 0.9497756 0.285811821875 0.9483336578125 0.30157580624999997 0.9525647875000001 0.33782729843750003 0.9596911218749999 0.3790973890625 0.9643915828124999 0.3735476484375 0.972937228125 0.325960615625 0.97172995 0.3208239859375 0.9706400046875 0.305237046875 0.9619430781249999 0.25363467968750003
0 0.8601868921875001 0.2659712171875 0.85112665 0.20917320312499998 0.8504000203125001 0.1987819109375 0.847985465625 0.18850865156250002 0.8428043546874999 0.1993130515625 0.8343760437500001 0.23644977812499998 0.842111675 0.29856146875 0.8473041 0.3243036359375 0.848992025 0.3241856046875 0.8526025421875 0.3030489265625 0.8556150796875001 0.29761721875 0.8579009859375001 0.28179421875 0.8595889109374999 0.2816761875 0.8601868921875001 0.2659712171875
0 0.9163577703125 0.22027495468749997 0.9058895343750001 0.288880634375 0.9052915515625 0.304585603125 0.9127812015625001 0.351051340625 0.9176103124999999 0.3715978625 0.921103496875 0.36091149218749996 0.9284418640625001 0.308187828125 0.9266252890625 0.28220959843750004 0.922640140625 0.2616040609375 0.9196162875 0.2304892 0.9163577703125 0.22027495468749997
0 0.8246570703125 0.3885398890625 0.8221251828125 0.3887169359375 0.8206832374999999 0.404480921875 0.8176707015625 0.40991263125 0.8122549265625001 0.44161764843749995 0.8137081859374999 0.46240023125 0.8248196671875 0.524275859375 0.8281955203125 0.524039796875 0.8354165531250001 0.48176644062499996 0.8360145343750001 0.46606147187499997 0.8246570703125 0.3885398890625