3 0.2828125 0.64609375 0.03984375 0.0984375
3 0.40625 0.5765625 0.04375 0.08984375
3 0.36484375 0.52109375 0.03125 0.06796875
3 0.41015625 0.46796875 0.028125 0.06015625
3 0.38125 0.4609375 0.0203125 0.06484375
2 0.14765625 0.53984375 0.11640625 0.1234375
1 0.3265625 0.390625 0.04765625 0.0546875
1 0.39453125 0.321875 0.0265625 0.03671875
1 0.36640625 0.34140625 0.02578125 0.03984375
1 0.828125 0.453125 0.078125 0.0796875
2 0.60546875 0.328125 0.028125 0.05703125
1 0.571875 0.271875 0.01640625 0.0203125
1 0.66484375 0.2921875 0.01875 0.03203125