1 0.828125 0.45078125 0.08359375 0.078125
1 0.2140625 0.48359375 0.07890625 0.0765625
1 0.365625 0.34453125 0.04375 0.0453125
1 0.3953125 0.3234375 0.03671875 0.03359375
1 0.50234375 0.31484375 0.02890625 0.03671875
1 0.6625 0.2921875 0.0265625 0.03828125
3 0.4046875 0.4328125 0.02421875 0.05859375
3 0.41796875 0.38359375 0.0234375 0.03984375
3 0.89609375 0.8921875 0.0875 0.15859375
3 0.70078125 0.39921875 0.03359375 0.0484375
1 0.58125 0.271875 0.015625 0.0234375
4 0.4796875 0.3671875 0.03671875 0.06796875
3 0.3375 0.40234375 0.03671875 0.03203125