3 0.71875 0.73828125 0.084375 0.1765625
3 0.8765625 0.79609375 0.0703125 0.225
3 0.81953125 0.55078125 0.0375 0.0953125
3 0.8015625 0.48828125 0.021875 0.06640625
3 0.69375 0.45234375 0.01875 0.071875
3 0.59296875 0.3078125 0.0109375 0.03828125
3 0.615625 0.29921875 0.01875 0.03515625
3 0.5859375 0.26640625 0.015625 0.03359375
3 0.359375 0.44921875 0.0265625 0.08203125
4 0.41640625 0.325 0.028125 0.0296875
1 0.365625 0.340625 0.0390625 0.0515625
1 0.49609375 0.3515625 0.03125 0.046875
1 0.48125 0.33203125 0.0265625 0.06640625
1 0.8625 0.50078125 0.0765625 0.10859375
1 0.41328125 0.42890625 0.0546875 0.08203125
2 0.453125 0.4609375 0.06328125 0.11796875