1 0.1390625 0.534375 0.14921875 0.14140625
1 0.74921875 0.73828125 0.1578125 0.2796875
1 0.6640625 0.5765625 0.10234375 0.146875
1 0.7203125 0.53046875 0.115625 0.14140625
1 0.628125 0.4828125 0.0734375 0.1015625
1 0.6203125 0.4171875 0.06796875 0.075
1 0.59296875 0.37890625 0.03671875 0.08203125
2 0.58671875 0.33671875 0.03203125 0.06015625
1 0.615625 0.3296875 0.04140625 0.0734375
0 0.86875 0.55 0.2625 0.3875
3 0.6703125 0.43046875 0.04453125 0.1015625
3 0.6484375 0.3359375 0.01796875 0.06171875
3 0.5765625 0.246875 0.0125 0.0296875
3 0.3328125 0.74921875 0.13828125 0.23203125
3 0.44453125 0.31796875 0.01875 0.06328125
3 0.4796875 0.2828125 0.021875 0.025
3 0.4828125 0.2703125 0.00859375 0.0234375
3 0.50390625 0.26015625 0.01328125 0.0203125
1 0.446875 0.365625 0.0578125 0.11484375
1 0.36640625 0.34453125 0.05 0.075
1 0.396875 0.328125 0.0421875 0.053125
3 0.4328125 0.29453125 0.01640625 0.04140625
5 0.33125 0.53359375 0.22890625 0.28671875
1 0.640625 0.27265625 0.0359375 0.0515625