1 0.14375 0.53828125 0.1125 0.13671875
1 0.22109375 0.4890625 0.1109375 0.11796875
1 0.371875 0.35234375 0.05234375 0.06796875
1 0.39453125 0.3265625 0.03359375 0.05703125
1 0.4578125 0.3078125 0.04140625 0.05859375
1 0.6546875 0.42265625 0.06875 0.121875
1 0.83046875 0.4453125 0.08984375 0.096875
1 0.66484375 0.2953125 0.05703125 0.04296875
1 0.6359375 0.26796875 0.0296875 0.0265625
5 0.56640625 0.259375 0.021875 0.0484375
1 0.578125 0.25390625 0.0203125 0.0484375
4 0.75546875 0.61796875 0.1546875 0.19296875
3 0.3515625 0.5296875 0.05078125 0.13671875
3 0.3390625 0.40234375 0.0625 0.071875
4 0.75546875 0.3796875 0.05546875 0.1296875