1 0.59375 0.38828125 0.03984375 0.06796875
1 0.56484375 0.26953125 0.01328125 0.01796875
1 0.365625 0.34765625 0.04140625 0.04140625
1 0.39453125 0.32578125 0.040625 0.04765625
1 0.5078125 0.29375 0.0234375 0.04609375
2 0.29609375 0.41015625 0.08671875 0.0875
0 0.74140625 0.5234375 0.19765625 0.415625
1 0.8421875 0.45625 0.0421875 0.0953125
4 0.6265625 0.275 0.0203125 0.04921875
4 0.590625 0.26328125 0.02109375 0.03828125
1 0.453125 0.290625 0.01640625 0.02421875
1 0.5734375 0.2578125 0.01171875 0.021875
3 0.61875 0.32890625 0.01640625 0.0328125
3 0.62734375 0.31953125 0.009375 0.0296875
3 0.63515625 0.31328125 0.0078125 0.02734375
3 0.60234375 0.28359375 0.009375 0.028125