2 0.146875 0.54921875 0.13984375 0.0953125
2 0.41953125 0.35859375 0.03984375 0.06015625
4 0.75234375 0.3765625 0.05859375 0.06640625
1 0.82265625 0.45 0.08203125 0.08671875
1 0.83828125 0.90234375 0.1890625 0.1953125
1 0.29609375 0.4328125 0.05546875 0.06171875
1 0.37890625 0.35234375 0.04140625 0.03203125
1 0.3890625 0.30859375 0.05078125 0.05703125
1 0.22109375 0.47734375 0.08359375 0.05859375
3 0.71953125 0.50703125 0.0359375 0.1
3 0.59921875 0.328125 0.01328125 0.053125
3 0.6140625 0.296875 0.02109375 0.03671875
3 0.63828125 0.37421875 0.0203125 0.0546875
3 0.70078125 0.44296875 0.02421875 0.08828125
3 0.6578125 0.41328125 0.02578125 0.06015625
3 0.709375 0.40546875 0.02421875 0.046875
3 0.76640625 0.45234375 0.0234375 0.05859375
1 0.66796875 0.29296875 0.03203125 0.03828125
0 0.5875 0.2484375 0.046875 0.05625