1 0.31328125 0.40078125 0.0515625 0.046875
1 0.353125 0.36171875 0.03828125 0.03828125
1 0.36953125 0.34765625 0.02578125 0.03359375
2 0.42890625 0.359375 0.03671875 0.0515625
2 0.621875 0.33046875 0.03671875 0.059375
2 0.9765625 0.65625 0.046875 0.18515625
1 0.57109375 0.33046875 0.0296875 0.04296875
1 0.58203125 0.28828125 0.021875 0.0359375
1 0.5 0.30859375 0.02265625 0.0328125
1 0.471875 0.2875 0.015625 0.0265625
1 0.4828125 0.29765625 0.0234375 0.03203125
1 0.40234375 0.3203125 0.0296875 0.03984375
3 0.634375 0.45234375 0.03515625 0.06328125
3 0.87421875 0.490625 0.0390625 0.07734375
3 0.59765625 0.33515625 0.025 0.05546875