1 0.046875 0.8734375 0.09375 0.253125
1 0.1546875 0.659375 0.18671875 0.146875
1 0.16328125 0.5296875 0.11875 0.08984375
1 0.23203125 0.4625 0.103125 0.0796875
1 0.35859375 0.359375 0.05 0.0484375
1 0.4484375 0.2875 0.02578125 0.028125
1 0.6546875 0.62890625 0.11796875 0.2015625
0 0.86015625 0.74375 0.2796875 0.5125
0 0.90078125 0.575 0.1984375 0.25703125
0 0.76015625 0.425 0.12578125 0.153125
1 0.61171875 0.4265625 0.05546875 0.0734375
1 0.60234375 0.36015625 0.034375 0.053125
3 0.68359375 0.38828125 0.028125 0.05703125
3 0.69453125 0.35390625 0.01640625 0.04140625
1 0.60546875 0.3265625 0.04140625 0.03359375
0 0.58125 0.2625 0.028125 0.04140625
1 0.63046875 0.26953125 0.01796875 0.021875