3 0.82734375 0.5671875 0.0890625 0.11171875
3 0.5984375 0.2625 0.0109375 0.021875
3 0.60546875 0.27734375 0.0078125 0.028125
1 0.2 0.575 0.2859375 0.23671875
1 0.371875 0.35546875 0.03203125 0.071875
1 0.39375 0.3328125 0.03125 0.06796875
1 0.48671875 0.2703125 0.02578125 0.0296875
1 0.58984375 0.3765625 0.0453125 0.096875
1 0.65078125 0.396875 0.0578125 0.08671875
1 0.72109375 0.44296875 0.0765625 0.13984375
1 0.81953125 0.46015625 0.09375 0.15
1 0.65390625 0.4984375 0.09765625 0.13359375
1 0.815625 0.8296875 0.1609375 0.33671875
1 0.90546875 0.78984375 0.1890625 0.2921875
1 0.64140625 0.27734375 0.0265625 0.0484375
1 0.56796875 0.2671875 0.01875 0.03828125
0 0.5921875 0.2859375 0.03203125 0.071875
0 0.46953125 0.2875 0.07265625 0.125
0 0.56640625 0.25703125 0.0265625 0.03359375
0 0.5859375 0.24140625 0.02890625 0.03984375