1 0.14375 0.53359375 0.17578125 0.18671875
1 0.31875 0.3984375 0.04140625 0.0734375
1 0.496875 0.3390625 0.0578125 0.071875
1 0.4515625 0.2859375 0.0265625 0.0546875
1 0.66640625 0.296875 0.03359375 0.053125
1 0.8390625 0.4734375 0.11484375 0.153125
1 0.6390625 0.27265625 0.03671875 0.03828125
3 0.45390625 0.35859375 0.028125 0.0734375
3 0.471875 0.315625 0.021875 0.06796875
3 0.32265625 0.65390625 0.078125 0.1453125
1 0.45234375 0.5421875 0.12421875 0.1453125
0 0.3734375 0.3953125 0.12578125 0.246875
4 0.7515625 0.36953125 0.0609375 0.09140625
4 0.4671875 0.2640625 0.02890625 0.0453125