1 0.82265625 0.44140625 0.0921875 0.13671875
1 0.67109375 0.30390625 0.0390625 0.078125
1 0.5125 0.3109375 0.034375 0.06171875
1 0.5234375 0.26015625 0.03359375 0.046875
1 0.47890625 0.2671875 0.01875 0.03203125
4 0.471875 0.271875 0.02890625 0.03359375
4 0.6296875 0.25703125 0.0234375 0.053125
1 0.63828125 0.26796875 0.01796875 0.03359375
1 0.4140625 0.49453125 0.08359375 0.1515625
1 0.4328125 0.36484375 0.05078125 0.06328125
1 0.36953125 0.34609375 0.053125 0.071875
1 0.40234375 0.3296875 0.05546875 0.11015625
1 0.325 0.39140625 0.053125 0.103125
1 0.15703125 0.528125 0.13203125 0.13671875
1 0.284375 0.6234375 0.15 0.18984375
1 0.34296875 0.8734375 0.2921875 0.253125
1 0.48671875 0.37265625 0.05 0.08203125
1 0.48671875 0.3171875 0.03984375 0.03828125
1 0.46015625 0.3875 0.07578125 0.0953125
3 0.74765625 0.5875 0.10703125 0.18203125
3 0.6546875 0.409375 0.0375 0.10859375
3 0.60078125 0.37421875 0.028125 0.078125
3 0.3328125 0.39140625 0.0390625 0.0734375
3 0.30390625 0.41015625 0.021875 0.053125
3 0.5875 0.24921875 0.0078125 0.0234375
3 0.5859375 0.2625 0.01484375 0.02578125
0 0.4984375 0.2703125 0.04140625 0.05703125