1 0.27109375 0.709375 0.22734375 0.37890625
1 0.09453125 0.31640625 0.1578125 0.1765625
1 0.1671875 0.17421875 0.103125 0.1265625
1 0.384375 0.3625 0.13515625 0.2421875
1 0.90703125 0.57734375 0.1859375 0.4015625
3 0.453125 0.22109375 0.03671875 0.12578125
3 0.37890625 0.1 0.0328125 0.05078125
3 0.65078125 0.2140625 0.04140625 0.10546875
2 0.7953125 0.14921875 0.1078125 0.16875
2 0.3734375 0.19765625 0.11328125 0.17265625
0 0.55625 0.20703125 0.14140625 0.36171875
0 0.4890625 0.046875 0.0734375 0.09375