1 0.88359375 0.49765625 0.09453125 0.10859375
1 0.8265625 0.44609375 0.065625 0.08515625
1 0.30234375 0.8984375 0.1890625 0.203125
1 0.45859375 0.35859375 0.04140625 0.053125
1 0.47578125 0.31015625 0.02890625 0.0265625
1 0.36328125 0.34140625 0.03359375 0.03984375
1 0.3921875 0.32109375 0.0359375 0.03515625
1 0.425 0.309375 0.0234375 0.03203125
1 0.50546875 0.3109375 0.0234375 0.03828125
1 0.66640625 0.33515625 0.03125 0.046875
2 0.4421875 0.43984375 0.0703125 0.10703125
3 0.40703125 0.37890625 0.021875 0.04140625
3 0.4203125 0.3359375 0.0109375 0.0515625
3 0.33671875 0.4015625 0.034375 0.0296875
1 0.665625 0.29296875 0.01875 0.0296875
3 0.090625 0.74296875 0.05703125 0.09296875