1 0.20625 0.4859375 0.11640625 0.10859375
1 0.834375 0.4421875 0.09140625 0.125
1 0.95546875 0.67578125 0.0890625 0.25859375
1 0.3953125 0.32109375 0.04765625 0.04140625
1 0.3609375 0.3375 0.04375 0.04140625
1 0.6703125 0.29609375 0.02890625 0.06484375
3 0.33671875 0.403125 0.0421875 0.096875
3 0.409375 0.3671875 0.02890625 0.06796875
3 0.6640625 0.428125 0.04921875 0.11015625
3 0.71015625 0.4265625 0.03203125 0.08671875
3 0.609375 0.3390625 0.0203125 0.0515625
3 0.59921875 0.3125 0.01640625 0.03203125
3 0.646875 0.3359375 0.02421875 0.0546875
3 0.59140625 0.29140625 0.015625 0.0296875
3 0.5671875 0.25859375 0.01328125 0.03984375
0 0.6046875 0.25703125 0.046875 0.05703125
3 0.7375 0.39765625 0.03359375 0.075