0 0.79375 0.6921875 0.32578125 0.5953125
3 0.64921875 0.42109375 0.0375 0.09140625
1 0.87890625 0.49921875 0.159375 0.19140625
1 0.73984375 0.3734375 0.05703125 0.08984375
3 0.653125 0.34140625 0.0421875 0.06328125
3 0.609375 0.32109375 0.01796875 0.0515625
1 0.58046875 0.29921875 0.021875 0.0546875
3 0.59140625 0.2625 0.0125 0.028125
0 0.45625 0.303125 0.046875 0.13359375
1 0.50234375 0.26953125 0.021875 0.0453125
2 0.33828125 0.4078125 0.05859375 0.08515625
1 0.35390625 0.365625 0.04375 0.0515625
1 0.37109375 0.34609375 0.04375 0.0546875
4 0.2234375 0.44921875 0.11328125 0.121875