3 0.2765625 0.59921875 0.03671875 0.1015625
3 0.4578125 0.4375 0.028125 0.06796875
3 0.40078125 0.39921875 0.02109375 0.06484375
3 0.45546875 0.3171875 0.01640625 0.0515625
3 0.503125 0.284375 0.01640625 0.021875
3 0.5140625 0.31484375 0.01015625 0.0265625
1 0.28828125 0.425 0.07109375 0.06015625
1 0.30625 0.3890625 0.04765625 0.0546875
1 0.3421875 0.36015625 0.0265625 0.03359375
1 0.36953125 0.33515625 0.0265625 0.04296875
1 0.48828125 0.34140625 0.03125 0.03984375
1 0.48125 0.384375 0.053125 0.06484375
1 0.40234375 0.60859375 0.1015625 0.15
1 0.8484375 0.459375 0.07578125 0.08203125
3 0.88125 0.49609375 0.034375 0.06171875
2 0.21328125 0.47421875 0.07890625 0.10859375