3 0.38203125 0.496875 0.03203125 0.06640625
3 0.3921875 0.571875 0.046875 0.08359375
3 0.87890625 0.48984375 0.06015625 0.1
3 0.6484375 0.33828125 0.021875 0.05
3 0.6859375 0.33203125 0.0203125 0.05
3 0.42890625 0.33203125 0.0234375 0.03671875
3 0.46015625 0.309375 0.01796875 0.021875
3 0.45625 0.34453125 0.01796875 0.01796875
3 0.4640625 0.36015625 0.01640625 0.03984375
3 0.3546875 0.36953125 0.0359375 0.0453125
3 0.3734375 0.34140625 0.01796875 0.06640625
3 0.48828125 0.37734375 0.03984375 0.08515625
3 0.43828125 0.3953125 0.046875 0.0765625
3 0.490625 0.28359375 0.01875 0.04296875
3 0.45390625 0.2875 0.0203125 0.025
3 0.509375 0.27890625 0.021875 0.03515625
3 0.9390625 0.81015625 0.12109375 0.20703125