1 0.15234375 0.5453125 0.1734375 0.16328125
1 0.2390625 0.80546875 0.2734375 0.36484375
1 0.328125 0.38515625 0.06015625 0.11640625
1 0.4890625 0.4046875 0.06328125 0.096875
1 0.49375 0.3453125 0.03984375 0.053125
1 0.58359375 0.34453125 0.0375 0.08828125
1 0.6296875 0.37109375 0.046875 0.10859375
1 0.83046875 0.45859375 0.13203125 0.13359375
1 0.63515625 0.265625 0.03359375 0.03828125
1 0.6703125 0.2984375 0.028125 0.05
1 0.39609375 0.31640625 0.0390625 0.08671875
1 0.3640625 0.32734375 0.05234375 0.1046875
1 0.49453125 0.25234375 0.01640625 0.03515625
4 0.46015625 0.26015625 0.01796875 0.046875
4 0.47734375 0.2640625 0.0296875 0.071875
4 0.58203125 0.26015625 0.0390625 0.053125
3 0.496875 0.27421875 0.01875 0.03828125
3 0.38671875 0.396875 0.04375 0.08984375