1 0.14609375 0.53828125 0.1078125 0.11328125
1 0.40625 0.48515625 0.06015625 0.08359375
1 0.4578125 0.3953125 0.0421875 0.05703125
1 0.32734375 0.3875 0.053125 0.04140625
1 0.31171875 0.4796875 0.0859375 0.11015625
1 0.8296875 0.44453125 0.0890625 0.08515625
4 0.7484375 0.375 0.053125 0.05703125
3 0.65234375 0.3515625 0.0234375 0.05
3 0.42890625 0.34453125 0.01796875 0.0453125
3 0.3828125 0.3859375 0.01796875 0.0484375
1 0.39453125 0.32578125 0.0296875 0.03828125
3 0.46796875 0.30703125 0.01484375 0.0296875
1 0.6625 0.2953125 0.02421875 0.04296875
0 0.48828125 0.25703125 0.0265625 0.0765625
1 0.5046875 0.30078125 0.0296875 0.0453125
1 0.634375 0.26640625 0.02109375 0.03359375