1 0.1390625 0.5390625 0.09453125 0.1140625
1 0.21796875 0.4734375 0.07578125 0.0578125
1 0.2171875 0.5390625 0.0859375 0.09921875
1 0.43984375 0.46171875 0.065625 0.07421875
1 0.36796875 0.34375 0.0359375 0.03515625
1 0.39609375 0.325 0.03125 0.03359375
1 0.50546875 0.3 0.025 0.03515625
1 0.83046875 0.453125 0.07890625 0.08125
1 0.5890625 0.29296875 0.02265625 0.02890625
1 0.5796875 0.27109375 0.01953125 0.025
1 0.57109375 0.26015625 0.0109375 0.02265625
1 0.66484375 0.29609375 0.02578125 0.03125
4 0.63359375 0.26796875 0.021875 0.03125
3 0.34453125 0.946875 0.05703125 0.10625
3 0.36796875 0.61015625 0.0296875 0.09296875
3 0.33046875 0.57109375 0.0328125 0.090625
3 0.2109375 0.721875 0.04765625 0.1015625
3 0.4 0.39609375 0.01875 0.05625
3 0.425 0.4015625 0.0265625 0.0453125
3 0.47421875 0.36015625 0.02421875 0.0453125
3 0.46640625 0.31171875 0.01640625 0.02890625
3 0.609375 0.3125 0.015625 0.03515625
4 0.7515625 0.371875 0.04765625 0.06796875