1 0.153125 0.5421875 0.128125 0.18515625
1 0.3296875 0.38984375 0.1015625 0.11015625
1 0.36328125 0.340625 0.0625 0.11796875
1 0.39921875 0.3203125 0.0421875 0.09296875
1 0.48125 0.36796875 0.06015625 0.0734375
1 0.49296875 0.31015625 0.04453125 0.0703125
1 0.51796875 0.29765625 0.03671875 0.0515625
1 0.5046875 0.27109375 0.01875 0.03828125
1 0.48984375 0.28671875 0.02578125 0.05
1 0.48203125 0.2609375 0.0234375 0.03203125
4 0.46796875 0.26328125 0.0359375 0.05
4 0.628125 0.253125 0.02578125 0.046875
1 0.84609375 0.4390625 0.115625 0.16171875
1 0.6359375 0.26328125 0.028125 0.03984375
1 0.66484375 0.2875 0.04140625 0.0546875
3 0.72421875 0.51484375 0.0609375 0.1296875
3 0.62109375 0.3203125 0.034375 0.06015625
3 0.56953125 0.25859375 0.0359375 0.046875
3 0.58125 0.2390625 0.0203125 0.025
3 0.3015625 0.39609375 0.02421875 0.06484375
3 0.32734375 0.40078125 0.0390625 0.071875
3 0.440625 0.31796875 0.0375 0.0734375