1 0.86484375 0.49765625 0.09453125 0.0984375
1 0.65859375 0.390625 0.04765625 0.05859375
1 0.671875 0.33359375 0.0421875 0.03984375
1 0.32109375 0.74296875 0.1453125 0.1734375
1 0.10390625 0.928125 0.2078125 0.13671875
1 0.16171875 0.5359375 0.1078125 0.08828125
1 0.3984375 0.321875 0.0390625 0.03671875
1 0.628125 0.2703125 0.01875 0.0234375
3 0.453125 0.40078125 0.02578125 0.0453125
3 0.34921875 0.503125 0.0375 0.06328125
3 0.28828125 0.653125 0.03984375 0.08671875
3 0.290625 0.57421875 0.0453125 0.071875
3 0.1609375 0.73046875 0.06484375 0.121875
4 0.50234375 0.31640625 0.03203125 0.046875
4 0.603125 0.3734375 0.04765625 0.103125