3 0.39375 0.42109375 0.05078125 0.08515625
3 0.33125 0.3828125 0.04921875 0.08828125
3 0.50078125 0.27421875 0.01796875 0.03828125
1 0.2703125 0.765625 0.2625 0.28203125
1 0.49140625 0.3890625 0.0796875 0.11171875
1 0.6796875 0.53203125 0.1234375 0.18359375
1 0.82734375 0.43671875 0.10234375 0.11640625
1 0.875 0.49921875 0.1109375 0.11484375
1 0.66875 0.2921875 0.03203125 0.04140625
1 0.39296875 0.32734375 0.04140625 0.06796875
1 0.36953125 0.3359375 0.03984375 0.0484375
4 0.590625 0.2484375 0.0421875 0.03671875
1 0.50234375 0.246875 0.03203125 0.04296875
1 0.48125 0.278125 0.0296875 0.05703125