3 0.89921875 0.50546875 0.04921875 0.090625
1 0.83828125 0.45390625 0.07421875 0.09375
1 0.28203125 0.41875 0.0515625 0.0625
1 0.3171875 0.39296875 0.05546875 0.0578125
1 0.35078125 0.3625 0.0421875 0.04609375
1 0.3765625 0.34140625 0.04375 0.0390625
1 0.48984375 0.31796875 0.0265625 0.04140625
1 0.58125 0.26875 0.01796875 0.02265625
1 0.5078125 0.28203125 0.02734375 0.02890625
1 0.4375 0.28984375 0.0296875 0.02578125
3 0.64765625 0.3234375 0.0171875 0.0390625
3 0.446875 0.33515625 0.01484375 0.03828125