1 0.7390625 0.74765625 0.228125 0.3546875
1 0.83828125 0.4609375 0.103125 0.13828125
1 0.675 0.42734375 0.05546875 0.128125
1 0.61640625 0.4484375 0.07890625 0.13359375
1 0.6109375 0.33828125 0.03671875 0.06640625
1 0.5828125 0.2984375 0.03125 0.03671875
1 0.571875 0.28203125 0.03359375 0.03984375
1 0.6625 0.2921875 0.03671875 0.03828125
4 0.753125 0.37578125 0.0734375 0.05859375
1 0.5796875 0.24609375 0.02109375 0.03203125
1 0.4296875 0.4390625 0.07265625 0.125
1 0.40625 0.32265625 0.05078125 0.075
1 0.3625 0.3375 0.06484375 0.0546875
1 0.14765625 0.53671875 0.2046875 0.16640625
1 0.6328125 0.26484375 0.0265625 0.03359375