1 0.3625 0.74609375 0.2265625 0.3015625
1 0.48046875 0.45546875 0.08203125 0.1046875
1 0.1640625 0.88515625 0.296875 0.2296875
1 0.83359375 0.4390625 0.0921875 0.10859375
1 0.67578125 0.3109375 0.0609375 0.06484375
1 0.490625 0.2828125 0.02109375 0.03828125
1 0.515625 0.2953125 0.028125 0.05703125
0 0.584375 0.2921875 0.05859375 0.13515625
0 0.51953125 0.25546875 0.0453125 0.04140625
1 0.48203125 0.25703125 0.02109375 0.046875
4 0.46953125 0.26328125 0.02578125 0.046875
1 0.39453125 0.32421875 0.05078125 0.0515625
1 0.365625 0.34140625 0.053125 0.0765625
1 0.33359375 0.390625 0.09140625 0.08203125
2 0.1765625 0.54140625 0.2125 0.146875
4 0.921875 0.55546875 0.15625 0.21484375
4 0.63984375 0.27265625 0.02578125 0.03515625
3 0.3546875 0.57421875 0.0796875 0.16171875
3 0.44375 0.3546875 0.04921875 0.08359375
3 0.303125 0.40859375 0.0390625 0.08359375
3 0.47578125 0.28828125 0.0125 0.04140625