1 0.86875 0.678125 0.15 0.21015625
1 0.87265625 0.49140625 0.1109375 0.10703125
1 0.67109375 0.4328125 0.0609375 0.08203125
1 0.62578125 0.48046875 0.06640625 0.1046875
1 0.6140625 0.315625 0.0359375 0.0453125
1 0.45078125 0.465625 0.0625 0.075
1 0.5 0.30390625 0.02578125 0.0453125
1 0.40078125 0.31640625 0.03671875 0.046875
1 0.36875 0.3484375 0.04375 0.03671875
2 0.28046875 0.43671875 0.07578125 0.103125
1 0.15546875 0.52890625 0.09375 0.08203125
4 0.3734375 0.68203125 0.165625 0.303125
3 0.23125 0.69296875 0.04921875 0.1203125
3 0.68203125 0.56328125 0.0390625 0.08671875
3 0.728125 0.49765625 0.0265625 0.075
3 0.58515625 0.2875 0.01328125 0.03515625