1 0.22421875 0.48359375 0.13046875 0.16640625
1 0.49453125 0.38671875 0.0625 0.11640625
1 0.8109375 0.45703125 0.115625 0.1296875
1 0.88203125 0.496875 0.09375 0.13671875
1 0.67265625 0.2984375 0.0359375 0.0765625
1 0.50546875 0.3015625 0.028125 0.05703125
1 0.475 0.2921875 0.03125 0.0484375
4 0.4640625 0.2640625 0.021875 0.0453125
1 0.36484375 0.34921875 0.0359375 0.06796875
1 0.39921875 0.321875 0.04921875 0.05703125
3 0.4078125 0.4484375 0.04140625 0.11640625
3 0.37109375 0.44296875 0.03359375 0.10703125
3 0.340625 0.39921875 0.0296875 0.078125
3 0.61484375 0.459375 0.06015625 0.13203125
3 0.82265625 0.6171875 0.11328125 0.21171875
3 0.584375 0.2703125 0.0234375 0.05
4 0.1765625 0.9421875 0.2234375 0.11484375
0 0.5171875 0.23828125 0.0265625 0.0765625