1 0.240625 0.4953125 0.15 0.1734375
1 0.83671875 0.4625 0.1015625 0.1546875
1 0.596875 0.3015625 0.0421875 0.06015625
1 0.59921875 0.26796875 0.021875 0.04296875
1 0.57578125 0.26015625 0.01640625 0.03359375
1 0.665625 0.296875 0.034375 0.046875
1 0.3984375 0.3234375 0.03203125 0.046875
1 0.36328125 0.34609375 0.0546875 0.06171875
1 0.515625 0.2609375 0.02109375 0.03203125
0 0.48515625 0.27109375 0.03984375 0.078125
3 0.4359375 0.3359375 0.021875 0.0453125
3 0.77578125 0.46953125 0.0390625 0.1046875
3 0.6484375 0.3453125 0.02421875 0.053125
3 0.503125 0.2984375 0.02109375 0.03359375
3 0.33671875 0.40078125 0.05078125 0.078125