1 0.37109375 0.5546875 0.13125 0.13671875
1 0.36875 0.3484375 0.04375 0.05
1 0.3921875 0.31640625 0.04375 0.046875
3 0.33671875 0.396875 0.06640625 0.0703125
3 0.44296875 0.30234375 0.02890625 0.04140625
3 0.24765625 0.5546875 0.065625 0.10703125
3 0.3390625 0.90546875 0.16875 0.18828125
0 0.10546875 0.7984375 0.2046875 0.403125
0 0.93515625 0.7546875 0.12890625 0.48984375
1 0.66953125 0.72109375 0.12890625 0.23828125
1 0.809375 0.7515625 0.1546875 0.25
1 0.7765625 0.94140625 0.20234375 0.11640625
1 0.94375 0.71484375 0.1125 0.2265625
1 0.8875 0.5109375 0.10234375 0.16171875
2 0.81015625 0.50546875 0.1390625 0.16484375
1 0.7234375 0.5703125 0.0875 0.153125
1 0.61015625 0.5125 0.07265625 0.13203125
1 0.66875 0.47421875 0.05703125 0.1015625
1 0.73046875 0.45234375 0.05859375 0.0984375
1 0.69921875 0.40390625 0.05234375 0.071875
1 0.64140625 0.39921875 0.04921875 0.075
1 0.590625 0.42109375 0.05546875 0.0953125
1 0.58359375 0.378125 0.0421875 0.046875
1 0.58203125 0.346875 0.03671875 0.03359375
4 0.578125 0.3109375 0.0265625 0.0546875
1 0.61953125 0.34453125 0.03359375 0.0453125
0 0.65859375 0.3125 0.05078125 0.08515625
2 0.61171875 0.3125 0.03359375 0.04140625
3 0.596875 0.2640625 0.0203125 0.03203125
1 0.5140625 0.2625 0.02109375 0.03828125