1 0.1640625 0.546875 0.13203125 0.16328125
1 0.32109375 0.40390625 0.07265625 0.075
3 0.46484375 0.37890625 0.0203125 0.071875
1 0.3578125 0.35546875 0.0390625 0.03515625
1 0.4015625 0.31484375 0.053125 0.053125
1 0.50859375 0.309375 0.0390625 0.04140625
1 0.5828125 0.3453125 0.03984375 0.05703125
3 0.65546875 0.33515625 0.01640625 0.03359375
3 0.65078125 0.3109375 0.0203125 0.04140625
1 0.62890625 0.26953125 0.01640625 0.021875
1 0.58515625 0.45546875 0.0703125 0.1046875
4 0.64921875 0.4515625 0.0359375 0.1
1 0.6453125 0.5953125 0.07578125 0.16640625
1 0.66328125 0.74609375 0.134375 0.23515625
1 0.7421875 0.91015625 0.1921875 0.1796875
0 0.8765625 0.79296875 0.246875 0.4140625
0 0.72734375 0.496875 0.1515625 0.253125
0 0.8609375 0.49140625 0.19453125 0.21484375