3 0.61640625 0.46328125 0.06484375 0.15
3 0.703125 0.43984375 0.0546875 0.09296875
3 0.64296875 0.3765625 0.03984375 0.08984375
3 0.59921875 0.35078125 0.04375 0.071875
3 0.44921875 0.334375 0.03125 0.071875
3 0.490625 0.32109375 0.01875 0.0546875
3 0.50625 0.2953125 0.01875 0.03984375
3 0.32578125 0.39453125 0.078125 0.08828125
3 0.29609375 0.53359375 0.06796875 0.09296875
3 0.30625 0.65859375 0.0921875 0.1296875
3 0.57890625 0.290625 0.0234375 0.03828125
3 0.56796875 0.28046875 0.01328125 0.03828125
0 0.61953125 0.27734375 0.0375 0.071875
0 0.4890625 0.26796875 0.03984375 0.0703125
4 0.4671875 0.26953125 0.03125 0.06796875
5 0.596875 0.27890625 0.03203125 0.071875
1 0.8421875 0.45390625 0.128125 0.13828125
1 0.45 0.390625 0.0859375 0.1046875
1 0.40390625 0.325 0.0546875 0.08359375
1 0.36640625 0.346875 0.0765625 0.09296875
1 0.21796875 0.46484375 0.10234375 0.16640625
1 0.66796875 0.30703125 0.03671875 0.06328125
1 0.56328125 0.25859375 0.0234375 0.0296875