3 0.6796875 0.68984375 0.046875 0.16328125
3 0.75390625 0.48203125 0.03125 0.08671875
3 0.465625 0.3046875 0.01796875 0.03984375
3 0.64296875 0.30703125 0.01796875 0.03671875
0 0.6203125 0.29609375 0.04453125 0.078125
4 0.590625 0.315625 0.0375 0.06171875
1 0.8671875 0.4921875 0.1015625 0.1046875
1 0.765625 0.625 0.11875 0.16640625
1 0.6265625 0.3765625 0.04765625 0.103125
1 0.425 0.33828125 0.04375 0.04296875
1 0.36796875 0.34609375 0.0421875 0.0453125
1 0.39609375 0.32421875 0.0265625 0.03828125
2 0.7390625 0.3671875 0.05859375 0.071875