1 0.7109375 0.646875 0.11640625 0.2296875
1 0.84375 0.67734375 0.1515625 0.1953125
1 0.828125 0.45234375 0.08359375 0.08828125
1 0.66640625 0.29296875 0.0265625 0.03359375
1 0.5734375 0.29140625 0.0234375 0.0296875
2 0.3328125 0.45703125 0.07421875 0.08671875
1 0.146875 0.53828125 0.11796875 0.11015625
1 0.21875 0.48203125 0.0765625 0.0703125
1 0.36796875 0.34453125 0.03984375 0.03828125
1 0.39609375 0.32421875 0.0390625 0.03515625
3 0.86640625 0.5828125 0.046875 0.09140625
3 0.7171875 0.4625 0.03359375 0.08203125
3 0.75703125 0.46015625 0.0265625 0.06640625
4 0.7515625 0.3765625 0.05234375 0.06015625