4 0.2125 0.47734375 0.1046875 0.14140625
4 0.62890625 0.26328125 0.03203125 0.05
1 0.86875 0.5046875 0.096875 0.19296875
1 0.57734375 0.2484375 0.015625 0.03671875
1 0.5890625 0.2390625 0.01640625 0.028125
1 0.60546875 0.3796875 0.0703125 0.09296875
1 0.4984375 0.3078125 0.03359375 0.0515625
1 0.39609375 0.33359375 0.02890625 0.0734375
1 0.41328125 0.3125 0.0234375 0.0484375
1 0.365625 0.353125 0.06875 0.0703125
3 0.4984375 0.36640625 0.028125 0.06328125
3 0.47890625 0.2984375 0.01640625 0.03984375
3 0.4890625 0.27578125 0.01796875 0.04140625
3 0.50625 0.26484375 0.0125 0.0265625
3 0.51015625 0.259375 0.01015625 0.021875
3 0.34765625 0.36796875 0.05 0.0796875
3 0.3484375 0.9671875 0.1265625 0.06484375