3 0.29296875 0.4 0.06328125 0.09296875
3 0.75703125 0.453125 0.05859375 0.0796875
3 0.9265625 0.596875 0.1078125 0.14296875
1 0.8265625 0.43984375 0.08984375 0.1296875
1 0.890625 0.4953125 0.13359375 0.1296875
1 0.63671875 0.32578125 0.04765625 0.08203125
1 0.671875 0.3046875 0.0390625 0.05
1 0.43515625 0.5453125 0.12578125 0.20703125
1 0.36328125 0.34609375 0.05078125 0.06484375
1 0.39375 0.3234375 0.0421875 0.0796875
1 0.51796875 0.30234375 0.03671875 0.078125
4 0.76796875 0.528125 0.11640625 0.16328125
4 0.46171875 0.26640625 0.02890625 0.05