1 0.134375 0.5171875 0.1546875 0.16171875
1 0.303125 0.56640625 0.159375 0.16015625
2 0.3625 0.72890625 0.153125 0.31796875
1 0.4171875 0.38828125 0.06484375 0.08671875
1 0.3234375 0.38359375 0.07890625 0.0765625
1 0.36328125 0.33515625 0.0453125 0.06328125
1 0.4578125 0.35234375 0.04921875 0.06484375
1 0.490625 0.32890625 0.0375 0.0484375
1 0.4890625 0.3015625 0.028125 0.03359375
1 0.51484375 0.29296875 0.02421875 0.053125
1 0.828125 0.45234375 0.13046875 0.19140625
1 0.66875 0.3125 0.03984375 0.08828125
1 0.63828125 0.275 0.0265625 0.03984375
1 0.4484375 0.278125 0.03984375 0.053125
0 0.48671875 0.27578125 0.034375 0.078125
0 0.515625 0.253125 0.04765625 0.06328125
3 0.4765625 0.4203125 0.028125 0.0765625
3 0.3 0.390625 0.03125 0.08203125
3 0.32890625 0.38203125 0.03203125 0.0734375
3 0.43515625 0.33828125 0.015625 0.06015625
3 0.4625 0.3328125 0.0265625 0.0546875
3 0.45078125 0.303125 0.0265625 0.05
3 0.47421875 0.290625 0.0234375 0.0515625