1 0.15078125 0.521875 0.1453125 0.196875
1 0.3171875 0.384375 0.0921875 0.11171875
1 0.3671875 0.33359375 0.04921875 0.10703125
1 0.38984375 0.31015625 0.04140625 0.096875
1 0.4890625 0.37578125 0.0546875 0.075
1 0.63359375 0.36953125 0.06015625 0.11171875
1 0.83828125 0.45 0.1234375 0.153125
1 0.58671875 0.29140625 0.04375 0.046875
1 0.6390625 0.275 0.028125 0.05703125
1 0.57109375 0.2484375 0.02578125 0.0296875
4 0.59375 0.26171875 0.01328125 0.03984375
4 0.45625 0.26640625 0.03671875 0.03671875
1 0.48515625 0.25859375 0.03125 0.04296875
1 0.49296875 0.28046875 0.03359375 0.0515625
3 0.4421875 0.3390625 0.03203125 0.0453125
3 0.41796875 0.33984375 0.028125 0.06640625
3 0.3921875 0.36953125 0.06015625 0.0484375
3 0.38046875 0.440625 0.0734375 0.08515625
3 0.83828125 0.5890625 0.08671875 0.14140625
3 0.46953125 0.30703125 0.034375 0.06640625
3 0.45 0.3015625 0.0296875 0.046875
3 0.49375 0.29453125 0.01796875 0.0453125
3 0.5046875 0.278125 0.021875 0.04296875
4 0.58359375 0.3296875 0.0359375 0.08984375
1 0.671875 0.29609375 0.0375 0.0453125