5 0.6671875 0.51796875 0.12421875 0.3234375
4 0.7515625 0.378125 0.03984375 0.1265625
0 0.34296875 0.521875 0.18359375 0.23671875
1 0.84296875 0.471875 0.1046875 0.14296875
1 0.66796875 0.296875 0.04375 0.05
1 0.56796875 0.275 0.0265625 0.03671875
1 0.57890625 0.25859375 0.01484375 0.046875
1 0.5859375 0.27578125 0.01328125 0.0453125
1 0.36484375 0.33515625 0.05078125 0.0734375
1 0.3921875 0.3078125 0.0375 0.06796875
1 0.215625 0.4859375 0.0953125 0.121875
1 0.15 0.5359375 0.12421875 0.1546875
1 0.6375 0.2734375 0.0234375 0.05
3 0.62578125 0.31171875 0.02421875 0.0734375
3 0.60390625 0.275 0.021875 0.04296875
3 0.465625 0.38671875 0.02578125 0.06015625
3 0.46953125 0.328125 0.02578125 0.05703125
3 0.49765625 0.31953125 0.01640625 0.0453125
3 0.4890625 0.2890625 0.01875 0.0453125
3 0.50390625 0.265625 0.00859375 0.03203125
3 0.51015625 0.27265625 0.02109375 0.03828125
3 0.33046875 0.39609375 0.04140625 0.06171875
3 0.32109375 0.42578125 0.0390625 0.06484375