1 0.17109375 0.52421875 0.11640625 0.128125
1 0.4546875 0.4109375 0.07578125 0.08828125
1 0.31953125 0.39765625 0.0703125 0.05859375
1 0.35546875 0.35546875 0.04375 0.0515625
1 0.40390625 0.32265625 0.0453125 0.03515625
1 0.58515625 0.3125 0.02890625 0.0484375
1 0.59375 0.453125 0.053125 0.11015625
4 0.6421875 0.4515625 0.0234375 0.09296875
1 0.64140625 0.5859375 0.08359375 0.1515625
1 0.6625 0.7390625 0.13046875 0.23828125
1 0.7421875 0.9046875 0.21875 0.18984375
0 0.8703125 0.7796875 0.259375 0.4375
0 0.72578125 0.49296875 0.14765625 0.253125
0 0.85546875 0.49296875 0.2015625 0.2265625
5 0.7265625 0.4 0.0234375 0.05703125
0 0.95625 0.62109375 0.08671875 0.2015625
3 0.61171875 0.27890625 0.01328125 0.03828125
1 0.628125 0.26953125 0.01875 0.01796875