1 0.834375 0.45078125 0.06875 0.08515625
1 0.434375 0.60234375 0.0859375 0.128125
1 0.32734375 0.3875 0.0578125 0.0515625
1 0.40625 0.3796875 0.04765625 0.05
1 0.1484375 0.54140625 0.1234375 0.11328125
1 0.3984375 0.32109375 0.0359375 0.028125
1 0.36953125 0.34453125 0.0296875 0.03203125
1 0.665625 0.29140625 0.01875 0.03671875
4 0.5890625 0.290625 0.01953125 0.04140625
3 0.334375 0.74921875 0.04921875 0.11640625
3 0.2359375 0.58359375 0.03671875 0.08359375
3 0.36953125 0.42421875 0.0203125 0.05