1 0.64921875 0.4828125 0.0890625 0.16796875
2 0.596875 0.36015625 0.07109375 0.11015625
1 0.66875 0.29765625 0.05 0.0484375
1 0.82109375 0.43828125 0.1046875 0.11328125
1 0.88515625 0.4875 0.1203125 0.13203125
1 0.5796875 0.25859375 0.02578125 0.03671875
3 0.59375 0.2828125 0.0203125 0.03515625
3 0.6359375 0.33515625 0.0265625 0.0796875
3 0.3359375 0.3859375 0.04453125 0.06796875
3 0.51171875 0.3203125 0.03125 0.06640625
1 0.40234375 0.33203125 0.04765625 0.06015625
1 0.37734375 0.35234375 0.0578125 0.071875