4 0.46328125 0.26953125 0.0296875 0.0515625
2 0.5046875 0.321875 0.0421875 0.0765625
1 0.5 0.3609375 0.065625 0.08203125
1 0.8265625 0.43671875 0.09765625 0.153125
1 0.88671875 0.50859375 0.11875 0.1765625
1 0.671875 0.3125 0.04375 0.0515625
1 0.36796875 0.35 0.046875 0.05
1 0.396875 0.321875 0.03359375 0.06328125
1 0.50859375 0.296875 0.03203125 0.046875
3 0.14375 0.690625 0.0890625 0.16171875
3 0.43515625 0.38984375 0.03125 0.08984375
3 0.3015625 0.40390625 0.04375 0.075
3 0.33046875 0.38203125 0.04453125 0.0765625
3 0.73671875 0.5328125 0.11015625 0.16796875
3 0.50078125 0.26015625 0.015625 0.046875