0 0.4140625 0.45546875 0.12890625 0.275
3 0.33671875 0.396875 0.04453125 0.0734375
3 0.30390625 0.4046875 0.0296875 0.08671875
3 0.58984375 0.27421875 0.02109375 0.0546875
1 0.82109375 0.44609375 0.096875 0.1515625
1 0.89765625 0.509375 0.11328125 0.1453125
1 0.66484375 0.30234375 0.0359375 0.06796875
1 0.66640625 0.28359375 0.03359375 0.03671875
1 0.50234375 0.26640625 0.01640625 0.03984375
1 0.51640625 0.2765625 0.02578125 0.046875
1 0.39453125 0.31328125 0.02890625 0.06015625
1 0.3609375 0.3296875 0.03671875 0.05703125
1 0.41640625 0.3359375 0.03671875 0.04140625
4 0.46796875 0.2734375 0.0359375 0.06015625