1 0.08984375 0.621875 0.1796875 0.115625
1 0.48046875 0.38515625 0.04453125 0.05703125
1 0.35234375 0.359375 0.05078125 0.03828125
1 0.39453125 0.325 0.034375 0.03984375
1 0.5765625 0.31484375 0.02578125 0.03984375
1 0.5890625 0.2859375 0.02421875 0.028125
1 0.61796875 0.275 0.02109375 0.0203125
1 0.5953125 0.36640625 0.03671875 0.05703125
1 0.6015625 0.41171875 0.04453125 0.0703125
1 0.621875 0.45 0.0578125 0.0703125
1 0.64453125 0.53046875 0.07890625 0.10859375
1 0.66015625 0.66328125 0.11015625 0.18359375
1 0.7765625 0.69296875 0.1234375 0.196875
1 0.78671875 0.55546875 0.11015625 0.11171875
1 0.81484375 0.9265625 0.1671875 0.146875
1 0.8984375 0.66796875 0.16015625 0.21015625
1 0.86796875 0.48515625 0.096875 0.1
1 0.84453125 0.5359375 0.11875 0.10859375
2 0.490625 0.30859375 0.02890625 0.04296875
2 0.37578125 0.4078125 0.06015625 0.06796875
3 0.2796875 0.5046875 0.0453125 0.06640625
3 0.5640625 0.40078125 0.01875 0.0546875
4 0.66875 0.3796875 0.05546875 0.096875
4 0.69453125 0.47734375 0.0703125 0.1046875
4 0.721875 0.434375 0.0578125 0.08515625
3 0.97734375 0.665625 0.04453125 0.11171875
3 0.45703125 0.321875 0.01796875 0.03671875
1 0.43671875 0.31484375 0.02578125 0.03359375