2 0.21953125 0.47109375 0.0921875 0.08203125
1 0.28359375 0.41953125 0.0578125 0.0546875
1 0.31328125 0.3875 0.0375 0.0546875
1 0.35703125 0.35390625 0.02421875 0.0515625
1 0.37109375 0.3328125 0.02109375 0.0515625
1 0.83359375 0.4609375 0.0703125 0.078125
1 0.51015625 0.265625 0.0125 0.01484375
1 0.584375 0.246875 0.0125 0.01328125
1 0.45546875 0.3953125 0.0234375 0.046875
3 0.45078125 0.353125 0.0125 0.0203125
3 0.3828125 0.484375 0.0375 0.08828125
1 0.49296875 0.34453125 0.03203125 0.0546875
3 0.17109375 0.54765625 0.046875 0.06484375