3 0.91328125 0.83984375 0.10703125 0.23359375
1 0.86328125 0.48671875 0.13203125 0.18359375
1 0.60078125 0.384375 0.06328125 0.08828125
0 0.6125 0.3234375 0.0453125 0.103125
1 0.5734375 0.30390625 0.034375 0.0515625
1 0.56640625 0.2734375 0.01640625 0.0265625
2 0.29609375 0.43359375 0.10546875 0.1234375
3 0.346875 0.63515625 0.0796875 0.1765625
3 0.28125 0.85 0.1578125 0.2265625
0 0.47109375 0.315625 0.0609375 0.09140625
3 0.49921875 0.31953125 0.02421875 0.0546875
4 0.41015625 0.3296875 0.0421875 0.08671875
1 0.36875 0.34765625 0.04375 0.078125
1 0.5875 0.259375 0.01796875 0.025