3 0.75703125 0.53046875 0.06640625 0.15859375
3 0.340625 0.3890625 0.05 0.06171875
1 0.225 0.5015625 0.1125 0.1296875
1 0.2828125 0.42265625 0.115625 0.11796875
1 0.1515625 0.51328125 0.14765625 0.14296875
1 0.37109375 0.35234375 0.06640625 0.0953125
1 0.4 0.32421875 0.06015625 0.06484375
1 0.4859375 0.271875 0.03359375 0.08359375
1 0.56875 0.325 0.03203125 0.0734375
1 0.59921875 0.32109375 0.03125 0.06171875
1 0.57421875 0.28515625 0.03984375 0.046875
1 0.56484375 0.26328125 0.03359375 0.05
1 0.8359375 0.4453125 0.1015625 0.11015625
4 0.75546875 0.371875 0.06875 0.09296875
0 0.65703125 0.36953125 0.10234375 0.225