1 0.86875 0.49921875 0.09765625 0.0984375
1 0.3703125 0.3484375 0.0265625 0.03984375
1 0.159375 0.5296875 0.1 0.08984375
1 0.4015625 0.32109375 0.02890625 0.03515625
4 0.57265625 0.28828125 0.021875 0.046875
1 0.59921875 0.28984375 0.0203125 0.0296875
3 0.72421875 0.6796875 0.04375 0.11640625
3 0.4375 0.678125 0.04140625 0.103125
3 0.3390625 0.50859375 0.02421875 0.053125
3 0.371875 0.4640625 0.02109375 0.06796875
3 0.44375 0.38359375 0.02421875 0.05
3 0.45078125 0.334375 0.021875 0.0484375
3 0.46953125 0.309375 0.01875 0.03828125
3 0.6546875 0.3546875 0.015625 0.046875
2 0.2796875 0.43359375 0.07265625 0.08359375
1 0.628125 0.27421875 0.01484375 0.03203125