1 0.1515625 0.5578125 0.146875 0.23828125
1 0.33203125 0.38984375 0.07421875 0.13984375
1 0.36328125 0.3359375 0.0421875 0.08828125
1 0.39609375 0.31640625 0.0375 0.096875
1 0.48125 0.26484375 0.01875 0.05703125
1 0.8328125 0.4578125 0.11328125 0.16796875
1 0.84375 0.91484375 0.2703125 0.1703125
1 0.66875 0.2890625 0.0390625 0.0546875
1 0.63671875 0.26171875 0.04140625 0.03359375
3 0.5796875 0.32578125 0.02109375 0.075
3 0.59609375 0.29921875 0.01328125 0.03828125
3 0.6125 0.3265625 0.01796875 0.05703125
3 0.5859375 0.265625 0.01796875 0.03828125