3 0.44765625 0.36328125 0.01484375 0.05703125
3 0.47578125 0.3921875 0.015625 0.06171875
3 0.44375 0.43046875 0.0359375 0.06796875
3 0.2265625 0.6875 0.09375 0.1484375
3 0.3078125 0.5046875 0.05703125 0.10703125
1 0.16484375 0.528125 0.1203125 0.11015625
1 0.31953125 0.39765625 0.065625 0.05859375
1 0.36328125 0.3671875 0.0453125 0.0546875
1 0.40390625 0.321875 0.04375 0.053125
1 0.5875 0.378125 0.0390625 0.0765625
1 0.59609375 0.453125 0.06015625 0.10703125
4 0.6453125 0.4484375 0.03359375 0.1
1 0.6515625 0.62109375 0.09140625 0.1546875
1 0.678125 0.80859375 0.19609375 0.2734375
0 0.73046875 0.49609375 0.1625 0.25859375
0 0.87109375 0.51484375 0.203125 0.3203125
0 0.9015625 0.81640625 0.196875 0.3640625
3 0.6875 0.34453125 0.02109375 0.05859375
1 0.628125 0.2703125 0.0109375 0.0296875