1 0.734375 0.5984375 0.11015625 0.15703125
1 0.86484375 0.49140625 0.1109375 0.096875
1 0.1015625 0.8734375 0.203125 0.253125
3 0.37109375 0.821875 0.05 0.153125
3 0.28671875 0.77890625 0.0546875 0.14140625
3 0.2921875 0.66171875 0.04140625 0.11015625
1 0.33046875 0.4671875 0.078125 0.08515625
4 0.21484375 0.46171875 0.07890625 0.1
1 0.45390625 0.3953125 0.04453125 0.0734375
1 0.35234375 0.36484375 0.03671875 0.04296875
1 0.3703125 0.346875 0.02890625 0.03984375
1 0.39609375 0.325 0.03125 0.03671875
1 0.496875 0.32265625 0.02421875 0.03828125
1 0.61953125 0.41015625 0.05078125 0.0765625
2 0.7375 0.3734375 0.0453125 0.06328125
4 0.58984375 0.29921875 0.0234375 0.05859375
3 0.41796875 0.37109375 0.01640625 0.03515625
3 0.67578125 0.403125 0.0234375 0.04296875
3 0.64609375 0.38203125 0.0203125 0.03984375
3 0.64140625 0.35546875 0.01796875 0.03203125