1 0.41015625 0.61796875 0.14921875 0.21328125
1 0.21875 0.4953125 0.1203125 0.103125
1 0.36953125 0.35546875 0.04921875 0.08828125
1 0.3984375 0.32890625 0.03359375 0.1046875
1 0.49375 0.31640625 0.053125 0.06015625
1 0.82109375 0.43984375 0.134375 0.1296875
1 0.89140625 0.5109375 0.11015625 0.121875
1 0.66875 0.2890625 0.03984375 0.0484375
4 0.4578125 0.2640625 0.03359375 0.0515625
3 0.35546875 0.409375 0.08125 0.0984375
3 0.3046875 0.4140625 0.0375 0.071875
3 0.5015625 0.2640625 0.015625 0.03203125
1 0.50625 0.253125 0.015625 0.04296875