3 0.23984375 0.61484375 0.05546875 0.11328125
3 0.334375 0.43515625 0.0265625 0.046875
3 0.50703125 0.30078125 0.01796875 0.025
3 0.490625 0.28359375 0.01328125 0.0265625
3 0.6734375 0.37109375 0.034375 0.0484375
3 0.68203125 0.32109375 0.021875 0.03203125
3 0.875 0.49609375 0.05703125 0.08515625
3 0.8796875 0.62421875 0.06484375 0.11796875
1 0.134375 0.85703125 0.22890625 0.25
1 0.365625 0.6234375 0.10234375 0.2
1 0.48671875 0.40546875 0.046875 0.06796875
1 0.3890625 0.41328125 0.03671875 0.06640625
1 0.3484375 0.353125 0.03359375 0.03671875
1 0.37265625 0.33671875 0.03359375 0.05703125
1 0.4875 0.3140625 0.03203125 0.03515625