0 0.3296875 0.58046875 0.23046875 0.38828125
4 0.45859375 0.27734375 0.03203125 0.06484375
3 0.4921875 0.271875 0.0125 0.03671875
3 0.509375 0.25546875 0.0109375 0.03515625
3 0.59765625 0.26484375 0.0234375 0.05703125
3 0.33359375 0.3875 0.03359375 0.06796875
3 0.30390625 0.40390625 0.03125 0.06796875
1 0.3703125 0.3359375 0.04453125 0.08203125
1 0.39609375 0.31171875 0.03984375 0.06328125
1 0.196875 0.45390625 0.115625 0.13203125
1 0.8328125 0.43828125 0.109375 0.10703125
1 0.88046875 0.4890625 0.09140625 0.121875
1 0.66484375 0.28203125 0.034375 0.06328125