3 0.740625 0.50078125 0.06875 0.171875
1 0.86484375 0.4984375 0.10546875 0.13359375
4 0.90859375 0.85703125 0.1828125 0.2390625
1 0.7375 0.3796875 0.053125 0.10703125
1 0.4234375 0.43046875 0.09921875 0.11171875
3 0.67265625 0.3890625 0.02890625 0.0953125
1 0.57578125 0.296875 0.0265625 0.05703125
1 0.56640625 0.26171875 0.01796875 0.03359375
1 0.5 0.3015625 0.034375 0.05
1 0.39765625 0.32734375 0.04140625 0.0546875
1 0.371875 0.3390625 0.03671875 0.0515625
1 0.353125 0.36015625 0.04765625 0.05703125
4 0.46640625 0.28046875 0.034375 0.05859375