1 0.37109375 0.50859375 0.09765625 0.146875
1 0.40234375 0.7421875 0.11875 0.228125
1 0.859375 0.503125 0.115625 0.1765625
1 0.7390625 0.371875 0.0546875 0.1234375
1 0.40546875 0.3828125 0.0390625 0.08203125
1 0.45078125 0.36953125 0.0390625 0.08515625
1 0.4921875 0.3640625 0.0453125 0.06796875
1 0.49140625 0.328125 0.03125 0.05703125
1 0.5125 0.29921875 0.0296875 0.0484375
1 0.5109375 0.2765625 0.02109375 0.03984375
1 0.4359375 0.29140625 0.03359375 0.0265625
1 0.39609375 0.3203125 0.0421875 0.053125
1 0.3671875 0.346875 0.05234375 0.04296875
3 0.44140625 0.32421875 0.0265625 0.05859375
3 0.6359375 0.37734375 0.06015625 0.10859375
3 0.49296875 0.278125 0.01796875 0.0234375