3 0.3921875 0.57578125 0.0796875 0.1515625
3 0.33203125 0.40234375 0.02578125 0.09140625
3 0.3078125 0.4171875 0.02421875 0.08828125
3 0.59140625 0.2859375 0.0234375 0.0453125
3 0.58515625 0.25859375 0.01328125 0.0265625
0 0.79296875 0.68671875 0.2828125 0.5234375
0 0.5 0.25703125 0.028125 0.096875
1 0.8390625 0.4671875 0.11640625 0.16484375
1 0.63125 0.53046875 0.07890625 0.175
1 0.67421875 0.28984375 0.0578125 0.06015625
1 0.63671875 0.2578125 0.02578125 0.0453125
1 0.57890625 0.26328125 0.03671875 0.03671875
1 0.48515625 0.2625 0.02578125 0.03828125
1 0.39921875 0.31953125 0.03984375 0.06796875
1 0.36015625 0.3421875 0.053125 0.078125
4 0.46796875 0.27421875 0.03203125 0.078125