2 0.36171875 0.70078125 0.16171875 0.25390625
2 0.2078125 0.47421875 0.090625 0.13125
2 0.65390625 0.4390625 0.075 0.11015625
1 0.840625 0.46875 0.0796875 0.08359375
1 0.27421875 0.42421875 0.06328125 0.06015625
1 0.31640625 0.4046875 0.04609375 0.06171875
1 0.35078125 0.365625 0.0390625 0.03671875
1 0.375 0.34921875 0.0453125 0.0421875
3 0.4984375 0.334375 0.0265625 0.0375
3 0.4890625 0.3734375 0.01953125 0.0359375
3 0.37421875 0.44140625 0.0359375 0.0625
3 0.87890625 0.49375 0.0328125 0.0671875