1 0.3015625 0.72890625 0.1515625 0.23515625
1 0.4890625 0.38828125 0.046875 0.0734375
1 0.44375 0.37265625 0.04921875 0.0984375
1 0.49140625 0.32890625 0.03359375 0.0484375
1 0.509375 0.31328125 0.0359375 0.05
1 0.50625 0.28671875 0.028125 0.03984375
1 0.67421875 0.29609375 0.0375 0.0453125
1 0.8265625 0.44765625 0.09375 0.1046875
1 0.8828125 0.5078125 0.0875 0.0984375
1 0.578125 0.2421875 0.01796875 0.01796875
1 0.36328125 0.3453125 0.0421875 0.05
1 0.39453125 0.3109375 0.0375 0.0546875
1 0.428125 0.31484375 0.02890625 0.04296875
0 0.47265625 0.303125 0.03984375 0.08984375
3 0.65078125 0.30078125 0.02109375 0.075
3 0.334375 0.3890625 0.04375 0.06484375
3 0.29453125 0.40703125 0.0421875 0.0734375
3 0.06484375 0.8515625 0.1296875 0.15
3 0.50234375 0.25 0.00859375 0.0203125