4 0.75703125 0.63671875 0.178125 0.2796875
1 0.834375 0.4625 0.103125 0.11484375
1 0.22265625 0.4828125 0.11484375 0.0984375
1 0.14140625 0.53671875 0.1734375 0.1234375
1 0.41953125 0.46640625 0.09453125 0.1
1 0.61640625 0.371875 0.06015625 0.06015625
1 0.653125 0.33984375 0.05859375 0.0703125
1 0.6625 0.2953125 0.0375 0.05703125
1 0.5890625 0.2921875 0.0265625 0.0484375
1 0.3984375 0.31953125 0.0421875 0.0546875
1 0.359375 0.3296875 0.04375 0.06015625
0 0.57265625 0.2359375 0.021875 0.0453125
4 0.753125 0.378125 0.053125 0.096875
3 0.3890625 0.65859375 0.10546875 0.2203125
3 0.45625 0.38984375 0.02578125 0.0765625
3 0.51015625 0.275 0.0203125 0.03984375
3 0.62265625 0.34140625 0.02421875 0.05
3 0.59375 0.2984375 0.021875 0.03984375
3 0.59375 0.271875 0.015625 0.0296875
3 0.33984375 0.3859375 0.04375 0.071875
1 0.6359375 0.27109375 0.01484375 0.04140625