2 0.41171875 0.59609375 0.1234375 0.225
1 0.0765625 0.81796875 0.153125 0.2765625
1 0.16796875 0.55234375 0.16875 0.121875
0 0.43515625 0.3609375 0.07890625 0.125
0 0.6515625 0.4 0.08671875 0.153125
0 0.66171875 0.3234375 0.0578125 0.096875
1 0.8640625 0.47734375 0.115625 0.1453125
1 0.353125 0.36484375 0.03671875 0.05703125
1 0.36875 0.3390625 0.04140625 0.04140625
1 0.39765625 0.32265625 0.0296875 0.04140625
1 0.59296875 0.3078125 0.0296875 0.03515625
1 0.57890625 0.29140625 0.02109375 0.0296875
0 0.57109375 0.25234375 0.01875 0.04140625
0 0.58359375 0.22890625 0.01796875 0.03515625
3 0.58828125 0.34921875 0.03125 0.0515625
3 0.61953125 0.303125 0.015625 0.05
3 0.34921875 0.4609375 0.0359375 0.08515625
1 0.5203125 0.303125 0.03125 0.0734375
1 0.603125 0.26015625 0.02421875 0.053125