3 0.465625 0.309375 0.021875 0.025
3 0.45390625 0.3234375 0.0203125 0.0296875
3 0.49375 0.28828125 0.01328125 0.0265625
3 0.48046875 0.284375 0.015625 0.028125
3 0.46796875 0.2921875 0.0109375 0.025
1 0.325 0.3984375 0.0546875 0.03671875
1 0.35 0.3625 0.03984375 0.03828125
1 0.365625 0.3296875 0.03125 0.0203125
1 0.3984375 0.3171875 0.03359375 0.04140625
1 0.30078125 0.5734375 0.08125 0.11328125
1 0.1625 0.5328125 0.115625 0.0953125
1 0.43671875 0.63203125 0.084375 0.13671875
1 0.48203125 0.40546875 0.05234375 0.06171875
4 0.67578125 0.61328125 0.09921875 0.15703125
0 0.8765625 0.74296875 0.246875 0.3296875