2 0.75078125 0.60703125 0.16484375 0.3234375
1 0.82421875 0.42734375 0.0953125 0.11484375
1 0.88515625 0.50390625 0.1046875 0.15859375
1 0.63359375 0.4078125 0.0890625 0.11484375
1 0.66171875 0.3015625 0.0421875 0.06640625
1 0.365625 0.33671875 0.046875 0.06640625
1 0.396875 0.32578125 0.05078125 0.075
4 0.465625 0.26796875 0.02578125 0.03984375
4 0.43984375 0.5109375 0.08359375 0.18203125
3 0.290625 0.62578125 0.06640625 0.128125
3 0.303125 0.73671875 0.09453125 0.18984375
3 0.33359375 0.56484375 0.06015625 0.1234375
3 0.34609375 0.390625 0.03125 0.075
3 0.29921875 0.4046875 0.02421875 0.0765625
3 0.4453125 0.35546875 0.04140625 0.08828125
3 0.47734375 0.34765625 0.0265625 0.075
3 0.48046875 0.3 0.021875 0.05703125
3 0.45859375 0.3 0.01875 0.03984375
3 0.50546875 0.2703125 0.01640625 0.03359375
3 0.4984375 0.26640625 0.015625 0.03671875
3 0.5828125 0.2609375 0.0265625 0.03515625