4 0.68046875 0.46328125 0.08671875 0.1765625
3 0.6140625 0.4265625 0.03984375 0.11328125
3 0.66640625 0.3890625 0.04453125 0.075
1 0.884375 0.51328125 0.14453125 0.1765625
1 0.59609375 0.34140625 0.06484375 0.08671875
5 0.58515625 0.25703125 0.02421875 0.053125
3 0.60703125 0.27734375 0.021875 0.03828125
1 0.56484375 0.271875 0.015625 0.03984375
1 0.48203125 0.42734375 0.07890625 0.08828125
3 0.4375 0.35859375 0.034375 0.03984375
3 0.4875 0.2984375 0.01875 0.03671875
3 0.4359375 0.321875 0.01796875 0.03671875
3 0.49609375 0.28203125 0.02421875 0.0234375
1 0.3984375 0.3171875 0.053125 0.05859375
1 0.3765625 0.35234375 0.06796875 0.05859375
1 0.33984375 0.45 0.07890625 0.08984375
4 0.21953125 0.45 0.1234375 0.13984375
3 0.71484375 0.7921875 0.09140625 0.2515625