3 0.8171875 0.6296875 0.04375 0.096875
3 0.61015625 0.45234375 0.028125 0.06171875
3 0.39921875 0.440625 0.0203125 0.04140625
3 0.3671875 0.43046875 0.021875 0.0515625
1 0.828125 0.44140625 0.07265625 0.08359375
1 0.88984375 0.50078125 0.09375 0.1015625
1 0.665625 0.29453125 0.028125 0.03515625
1 0.4859375 0.37734375 0.03984375 0.0515625
1 0.21484375 0.484375 0.0859375 0.071875
1 0.365625 0.34453125 0.0375 0.03828125
1 0.39609375 0.32265625 0.03125 0.03203125
1 0.47578125 0.28828125 0.02109375 0.0234375
1 0.50546875 0.29921875 0.028125 0.03515625
4 0.15390625 0.9390625 0.203125 0.11484375