1 0.1484375 0.878125 0.296875 0.24375
1 0.29453125 0.3890625 0.16015625 0.2890625
1 0.40625 0.24453125 0.103125 0.153125
1 0.409375 0.1390625 0.090625 0.109375
1 0.45078125 0.06640625 0.075 0.0765625
1 0.50703125 0.11640625 0.06875 0.11328125
1 0.52734375 0.23515625 0.0984375 0.1546875
1 0.91640625 0.57421875 0.1671875 0.365625
2 0.796875 0.14765625 0.10234375 0.17265625
3 0.64765625 0.16484375 0.0453125 0.11328125
3 0.5734375 0.13671875 0.04296875 0.1015625
3 0.55 0.04765625 0.03125 0.07578125
3 0.6078125 0.8859375 0.115625 0.228125
3 0.70859375 0.11484375 0.034375 0.09609375
1 0.18203125 0.128125 0.08046875 0.11953125
4 0.11328125 0.278125 0.165625 0.23671875