1 0.39921875 0.70234375 0.1734375 0.20859375
1 0.44375 0.48828125 0.1421875 0.1734375
1 0.83671875 0.45546875 0.11015625 0.10859375
1 0.665625 0.296875 0.04140625 0.046875
1 0.64296875 0.2734375 0.03203125 0.046875
1 0.51796875 0.28984375 0.0359375 0.046875
1 0.48046875 0.2609375 0.0203125 0.028125
1 0.39609375 0.3171875 0.0375 0.05859375
1 0.37421875 0.35234375 0.04765625 0.075
1 0.33671875 0.38671875 0.06875 0.096875
4 0.46796875 0.2640625 0.0296875 0.0453125
4 0.64140625 0.25546875 0.04921875 0.03203125
0 0.596875 0.29140625 0.046875 0.10703125
0 0.575 0.234375 0.01796875 0.021875
0 0.15625 0.675 0.3125 0.61328125
3 0.43671875 0.32890625 0.0203125 0.05859375
3 0.33203125 0.39453125 0.034375 0.075
3 0.3109375 0.396875 0.04140625 0.0703125
3 0.5640625 0.275 0.015625 0.04296875
3 0.5703125 0.265625 0.0109375 0.03203125