3 0.91015625 0.884375 0.09296875 0.23125
3 0.778125 0.696875 0.05625 0.1578125
3 0.70234375 0.515625 0.03046875 0.07578125
3 0.74296875 0.46328125 0.03125 0.0703125
2 0.296875 0.41328125 0.05703125 0.06875
2 0.4234375 0.51171875 0.08125 0.115625
1 0.409375 0.31875 0.02890625 0.04375
1 0.74453125 0.88125 0.1875 0.2375
1 0.6609375 0.61640625 0.1015625 0.16171875
1 0.61875 0.5078125 0.06640625 0.09765625
1 0.61640625 0.43359375 0.06015625 0.09375
1 0.37109375 0.34765625 0.03203125 0.04765625
1 0.45625 0.28984375 0.025 0.03203125
0 0.596875 0.35 0.05625 0.12265625
0 0.88515625 0.56875 0.22890625 0.4359375
0 0.740625 0.38046875 0.1 0.15625
0 0.67109375 0.3875 0.09375 0.16015625