1 0.6546875 0.4890625 0.11640625 0.1546875
1 0.87109375 0.5 0.13359375 0.1765625
1 0.7359375 0.37265625 0.08359375 0.1046875
3 0.46015625 0.534375 0.046875 0.125
3 0.39453125 0.58671875 0.05859375 0.1203125
3 0.43125 0.4359375 0.04140625 0.075
3 0.46484375 0.3546875 0.0265625 0.05
3 0.43359375 0.3375 0.03359375 0.0484375
1 0.50078125 0.28984375 0.02890625 0.05
1 0.4796875 0.27578125 0.0265625 0.0453125
1 0.51015625 0.26796875 0.02109375 0.04296875
1 0.4015625 0.32421875 0.02890625 0.04140625
1 0.34296875 0.3671875 0.04765625 0.0484375
1 0.3671875 0.3390625 0.04921875 0.04140625
4 0.23046875 0.46171875 0.10546875 0.11015625