1 0.63984375 0.50078125 0.0828125 0.12734375
1 0.60078125 0.353125 0.034375 0.06484375
1 0.83515625 0.45390625 0.0796875 0.0828125
1 0.46796875 0.396875 0.05 0.06953125
1 0.42421875 0.3453125 0.0328125 0.0625
1 0.365625 0.34609375 0.03984375 0.04765625
1 0.396875 0.3234375 0.0359375 0.04296875
1 0.58046875 0.29609375 0.0265625 0.0421875
2 0.29609375 0.415625 0.06640625 0.0796875
4 0.6390625 0.30234375 0.0359375 0.04765625
3 0.7671875 0.39296875 0.01328125 0.04453125
3 0.59921875 0.3046875 0.01796875 0.034375
0 0.86640625 0.7234375 0.26640625 0.553125
1 0.6046875 0.26953125 0.01796875 0.03828125
1 0.56640625 0.275 0.01640625 0.02890625