2 0.29375 0.8328125 0.265625 0.334375
1 0.47890625 0.37265625 0.05859375 0.08203125
1 0.42890625 0.36796875 0.0734375 0.0703125
1 0.375 0.35078125 0.0859375 0.05859375
1 0.396875 0.31796875 0.03984375 0.06015625
1 0.50546875 0.29296875 0.028125 0.03671875
0 0.48671875 0.26328125 0.02578125 0.05
1 0.5046875 0.259375 0.0265625 0.03828125
4 0.46328125 0.2671875 0.02578125 0.03203125
1 0.8 0.88203125 0.25 0.2359375
1 0.8046875 0.6515625 0.11875 0.1734375
1 0.9265625 0.63203125 0.146875 0.1890625
1 0.81875 0.54140625 0.103125 0.13671875
1 0.8671875 0.4921875 0.1015625 0.11796875
2 0.9296875 0.83515625 0.140625 0.3296875
3 0.81328125 0.43671875 0.0296875 0.06328125
3 0.79765625 0.4234375 0.02890625 0.08671875
4 0.74140625 0.50546875 0.11015625 0.18203125
4 0.6359375 0.59765625 0.10703125 0.23828125
1 0.66640625 0.4421875 0.06328125 0.11796875
3 0.63359375 0.4125 0.02578125 0.071875
2 0.62109375 0.475 0.0875 0.1203125
1 0.6015625 0.42265625 0.06875 0.08515625
1 0.5890625 0.37265625 0.04140625 0.08203125
1 0.57734375 0.3359375 0.03359375 0.075
1 0.60859375 0.33828125 0.03125 0.0734375
3 0.615625 0.3015625 0.02109375 0.03984375
1 0.5890625 0.29453125 0.0234375 0.0484375
1 0.56796875 0.271875 0.0265625 0.03984375
1 0.56640625 0.25390625 0.015625 0.028125
1 0.584375 0.25078125 0.01640625 0.028125
1 0.5890625 0.2609375 0.021875 0.028125
0 0.66171875 0.359375 0.07109375 0.1953125