3 0.11640625 0.8109375 0.0609375 0.128125
1 0.32265625 0.71015625 0.12890625 0.16015625
0 0.3421875 0.45546875 0.14765625 0.29140625
4 0.9140625 0.77890625 0.171875 0.43203125
3 0.43671875 0.6515625 0.0390625 0.096875
2 0.64921875 0.4859375 0.0734375 0.13515625
3 0.68984375 0.42421875 0.02890625 0.06171875
1 0.828125 0.44765625 0.07109375 0.071875
1 0.884375 0.49453125 0.09453125 0.1046875
3 0.45234375 0.46171875 0.02890625 0.046875
1 0.47421875 0.41796875 0.05 0.06640625
1 0.43125 0.38203125 0.03203125 0.05703125
1 0.60625 0.321875 0.028125 0.03671875
1 0.496875 0.33359375 0.02578125 0.0296875
4 0.5078125 0.2875 0.021875 0.0453125