1 0.8625 0.8140625 0.228125 0.371875
1 0.28671875 0.7171875 0.2 0.23828125
1 0.27421875 0.94921875 0.2234375 0.1015625
1 0.06015625 0.70703125 0.1203125 0.2046875
1 0.2484375 0.534375 0.15 0.11328125
1 0.40859375 0.50078125 0.0921875 0.1296875
1 0.8734375 0.5109375 0.1390625 0.178125
1 0.7359375 0.36953125 0.06015625 0.125
1 0.490625 0.35234375 0.053125 0.09140625
1 0.3484375 0.3625 0.04375 0.0984375
1 0.365625 0.33359375 0.0390625 0.0765625
1 0.39296875 0.328125 0.04140625 0.0796875
3 0.3328125 0.5125 0.05859375 0.128125
3 0.434375 0.334375 0.01484375 0.06171875
3 0.4515625 0.31796875 0.015625 0.05703125
3 0.48359375 0.27265625 0.00703125 0.03203125
3 0.58203125 0.26796875 0.0125 0.04296875
3 0.59375 0.25234375 0.0109375 0.03203125
4 0.62421875 0.26015625 0.015625 0.03671875
4 0.4734375 0.3046875 0.03359375 0.053125
4 0.45078125 0.27421875 0.03203125 0.0515625
0 0.58515625 0.23984375 0.0203125 0.05
0 0.5921875 0.23203125 0.0234375 0.05
1 0.5046875 0.2828125 0.0234375 0.04140625