2 0.29765625 0.41796875 0.07109375 0.0765625
2 0.396875 0.5828125 0.0890625 0.16796875
1 0.36953125 0.353125 0.04921875 0.03984375
1 0.515625 0.27890625 0.01484375 0.01796875
1 0.50546875 0.25078125 0.01484375 0.028125
1 0.83203125 0.459375 0.07109375 0.10859375
3 0.8703125 0.5328125 0.05 0.16796875
3 0.30078125 0.55390625 0.03671875 0.09140625
3 0.34140625 0.46328125 0.0203125 0.06328125
3 0.43125 0.353125 0.00859375 0.0296875
3 0.4390625 0.3984375 0.03671875 0.04296875
3 0.4515625 0.42578125 0.00703125 0.01796875
3 0.4984375 0.3171875 0.00859375 0.028125
3 0.471875 0.29921875 0.01015625 0.025
3 0.47734375 0.28515625 0.0109375 0.0203125