0 0.1515625 0.803125 0.30234375 0.39296875
3 0.3625 0.78203125 0.05546875 0.14296875
3 0.81953125 0.49765625 0.046875 0.078125
3 0.4421875 0.35 0.01875 0.03359375
3 0.41015625 0.3453125 0.01640625 0.03671875
3 0.3375 0.4 0.028125 0.03359375
1 0.8875 0.4984375 0.09375 0.10703125
1 0.828125 0.4421875 0.065625 0.06796875
1 0.66484375 0.29140625 0.0296875 0.0296875
1 0.478125 0.38671875 0.04453125 0.05
1 0.4875 0.32265625 0.028125 0.03515625
1 0.425 0.309375 0.02890625 0.025
1 0.3953125 0.321875 0.028125 0.03359375
1 0.365625 0.34296875 0.034375 0.03671875