3 0.26015625 0.66640625 0.1 0.13984375
3 0.7734375 0.80078125 0.1015625 0.221875
4 0.91875 0.853125 0.1625 0.29296875
3 0.71640625 0.5078125 0.078125 0.14140625
1 0.87265625 0.5078125 0.1390625 0.1515625
3 0.89609375 0.51328125 0.06015625 0.1
3 0.7046875 0.4046875 0.0359375 0.0703125
1 0.5890625 0.34609375 0.05078125 0.071875
4 0.5828125 0.28046875 0.02421875 0.0484375
1 0.478125 0.29453125 0.03125 0.0546875
1 0.46484375 0.425 0.0953125 0.1203125
1 0.37109375 0.359375 0.046875 0.0984375
2 0.275 0.434375 0.11328125 0.1484375
4 0.4109375 0.3359375 0.04375 0.08203125
1 0.51953125 0.271875 0.03359375 0.053125
3 0.4953125 0.2734375 0.01484375 0.03984375