3 0.87890625 0.490625 0.040625 0.06015625
3 0.4703125 0.3109375 0.02265625 0.03984375
3 0.453125 0.33125 0.025 0.04140625
3 0.42890625 0.31796875 0.02109375 0.03828125
3 0.45 0.2953125 0.01875 0.0265625
3 0.51484375 0.29609375 0.015625 0.025
1 0.47265625 0.4296875 0.0640625 0.084375
3 0.86953125 0.840625 0.10625 0.20078125
3 0.7890625 0.5359375 0.1015625 0.140625
4 0.596875 0.3015625 0.034375 0.04765625
1 0.3546875 0.36484375 0.0390625 0.04765625
1 0.37265625 0.3453125 0.03046875 0.04375
1 0.50546875 0.28984375 0.01796875 0.03125
1 0.59375 0.2703125 0.02421875 0.0265625
1 0.58359375 0.25703125 0.0296875 0.02578125