3 0.23828125 0.6375 0.07109375 0.1515625
3 0.4875 0.46171875 0.0453125 0.096875
3 0.48671875 0.33203125 0.015625 0.053125
3 0.4984375 0.31484375 0.01328125 0.03671875
2 0.4640625 0.41640625 0.06484375 0.0796875
1 0.36484375 0.359375 0.05546875 0.0546875
1 0.3921875 0.32734375 0.0375 0.0515625
1 0.4625 0.3265625 0.0359375 0.05703125
1 0.51875 0.28203125 0.01875 0.03984375
3 0.6546875 0.8796875 0.06796875 0.203125
3 0.61484375 0.6734375 0.053125 0.15
0 0.8078125 0.5296875 0.2015625 0.2703125
2 0.6859375 0.41171875 0.078125 0.1265625
4 0.9328125 0.740625 0.13359375 0.3046875
1 0.9140625 0.91640625 0.171875 0.16640625
1 0.7515625 0.94765625 0.178125 0.1046875
1 0.665625 0.54765625 0.09921875 0.11484375
1 0.6234375 0.471875 0.065625 0.10703125
1 0.59296875 0.3921875 0.04765625 0.06484375
4 0.58203125 0.34140625 0.04140625 0.0734375
1 0.56328125 0.32265625 0.02109375 0.071875
1 0.64765625 0.33359375 0.0296875 0.06328125
1 0.6828125 0.35 0.03359375 0.05703125
1 0.88828125 0.4828125 0.0875 0.11484375
1 0.57734375 0.27421875 0.0203125 0.0453125