3 0.834375 0.728125 0.07734375 0.20859375
3 0.878125 0.49765625 0.046875 0.084375
3 0.465625 0.31328125 0.02265625 0.0390625
3 0.43984375 0.34765625 0.0203125 0.0671875
3 0.36015625 0.5734375 0.04375 0.09921875
1 0.4390625 0.521875 0.0671875 0.115625
1 0.63203125 0.46640625 0.0671875 0.08828125
1 0.828125 0.45703125 0.078125 0.0921875
3 0.79453125 0.46484375 0.03046875 0.0625
3 0.5703125 0.290625 0.0140625 0.02421875
0 0.58203125 0.25703125 0.01796875 0.03984375
0 0.6390625 0.3484375 0.05625 0.1109375
4 0.590625 0.29765625 0.03046875 0.053125
2 0.29453125 0.41328125 0.07421875 0.07109375
1 0.49140625 0.35234375 0.0375 0.04765625
1 0.49453125 0.30859375 0.0234375 0.03046875
1 0.36328125 0.3578125 0.04765625 0.0375