3 0.3640625 0.471875 0.0234375 0.05
3 0.3796875 0.4296875 0.0234375 0.046875
3 0.38125 0.37734375 0.01796875 0.028125
3 0.409375 0.41328125 0.01796875 0.03984375
3 0.48984375 0.3140625 0.0125 0.03828125
3 0.884375 0.50234375 0.05 0.075
0 0.459375 0.3265625 0.05078125 0.08671875
1 0.31328125 0.396875 0.05078125 0.053125
1 0.340625 0.35859375 0.0390625 0.053125
1 0.3609375 0.3203125 0.028125 0.04296875
1 0.3984375 0.32421875 0.02421875 0.0453125
1 0.50546875 0.28984375 0.0234375 0.04296875
1 0.47734375 0.4078125 0.046875 0.078125
1 0.4390625 0.3859375 0.05078125 0.06484375
1 0.409375 0.49921875 0.0625 0.06484375
1 0.4375 0.60546875 0.06796875 0.1015625