1 0.075 0.73046875 0.15 0.2015625
1 0.15703125 0.53515625 0.13125 0.1703125
1 0.21953125 0.45390625 0.08984375 0.1046875
1 0.36015625 0.36640625 0.05078125 0.0765625
1 0.36640625 0.35078125 0.03671875 0.06171875
1 0.378125 0.33046875 0.0578125 0.08828125
1 0.40625 0.3265625 0.04765625 0.046875
1 0.44296875 0.2875 0.04453125 0.0453125
1 0.59375 0.340625 0.03984375 0.05859375
1 0.6890625 0.315625 0.05234375 0.05859375
3 0.665625 0.3546875 0.028125 0.06328125
3 0.6859375 0.39765625 0.02890625 0.1046875
3 0.71953125 0.43671875 0.03984375 0.08359375
3 0.74765625 0.553125 0.07578125 0.16015625
2 0.5875 0.2890625 0.034375 0.0453125
1 0.56796875 0.25078125 0.01796875 0.028125
0 0.57734375 0.28046875 0.03359375 0.06171875
0 0.628125 0.34296875 0.07890625 0.2
0 0.48984375 0.28359375 0.06328125 0.10703125