0 0.3671875 0.41015625 0.0953125 0.153125
1 0.43828125 0.4375 0.03984375 0.08828125
1 0.453125 0.33984375 0.0390625 0.05703125
1 0.49609375 0.346875 0.0265625 0.053125
4 0.60703125 0.40078125 0.053125 0.08203125
2 0.603125 0.4609375 0.0546875 0.08828125
1 0.63359375 0.565625 0.08359375 0.13203125
1 0.67109375 0.74453125 0.13046875 0.2453125
2 0.78125 0.68671875 0.134375 0.23984375
1 0.71875 0.53984375 0.084375 0.1203125
1 0.6671875 0.4609375 0.0578125 0.078125
1 0.65859375 0.39609375 0.04375 0.0546875
1 0.7125 0.3640625 0.07890625 0.1046875
2 0.8203125 0.5390625 0.11015625 0.18203125
1 0.88828125 0.5 0.0890625 0.1203125
1 0.7328125 0.45 0.06875 0.08984375
3 0.2875 0.61328125 0.0546875 0.08984375
3 0.465625 0.55859375 0.0375 0.096875
3 0.44375 0.7375 0.06015625 0.13515625
3 0.05078125 0.89453125 0.0796875 0.15859375
0 0.47421875 0.290625 0.0234375 0.0453125
1 0.3953125 0.32421875 0.03203125 0.028125
1 0.6640625 0.2953125 0.0265625 0.0296875
3 0.978125 0.65390625 0.04375 0.0984375
3 0.79609375 0.44453125 0.02890625 0.03515625
3 0.66328125 0.33359375 0.01875 0.03671875