1 0.32109375 0.7625 0.23671875 0.28203125
1 0.3671875 0.36640625 0.05234375 0.06015625
1 0.4984375 0.3078125 0.03125 0.03515625
1 0.50078125 0.2625 0.02578125 0.03203125
3 0.49140625 0.3890625 0.021875 0.0484375
3 0.48046875 0.36171875 0.02890625 0.03984375
3 0.34296875 0.42578125 0.0453125 0.06171875
1 0.39921875 0.32421875 0.0375 0.0453125
0 0.4515625 0.3109375 0.04921875 0.08828125
1 0.4609375 0.26328125 0.0390625 0.03984375
0 0.6 0.25859375 0.03203125 0.06015625
1 0.571875 0.25703125 0.01796875 0.03671875
3 0.58125 0.28203125 0.01328125 0.03984375
3 0.61953125 0.29765625 0.01328125 0.03515625
2 0.56796875 0.3015625 0.0234375 0.04296875
1 0.58515625 0.33828125 0.034375 0.05
4 0.58515625 0.39453125 0.04921875 0.0953125
1 0.6296875 0.37421875 0.03671875 0.06171875
1 0.6671875 0.2875 0.03125 0.028125
3 0.65390625 0.31640625 0.01328125 0.03359375
4 0.68046875 0.4015625 0.06484375 0.096875
1 0.61171875 0.4828125 0.03125 0.0984375
1 0.7015625 0.46171875 0.07265625 0.0734375
1 0.725 0.41484375 0.04921875 0.0765625
1 0.7859375 0.4578125 0.0703125 0.0953125
1 0.865625 0.48984375 0.0921875 0.10703125
2 0.78515625 0.57109375 0.1515625 0.1953125
1 0.71875 0.7046875 0.1609375 0.23984375
0 0.9359375 0.74453125 0.128125 0.4671875