3 0.6953125 0.453125 0.05546875 0.1203125
3 0.625 0.3453125 0.0375 0.0796875
3 0.59296875 0.2984375 0.01875 0.04296875
3 0.59453125 0.28046875 0.02109375 0.04140625
3 0.5796875 0.2671875 0.0109375 0.04140625
3 0.57578125 0.27109375 0.01875 0.03203125
1 0.8578125 0.5140625 0.13671875 0.21796875
1 0.634375 0.271875 0.03203125 0.05
1 0.41015625 0.30859375 0.08125 0.0765625
1 0.37109375 0.34453125 0.0796875 0.0953125
1 0.31953125 0.40234375 0.078125 0.10859375
1 0.18203125 0.52109375 0.17265625 0.13515625
2 0.29765625 0.44453125 0.1265625 0.1484375