1 0.66484375 0.559375 0.1203125 0.2015625
1 0.6875 0.42890625 0.11640625 0.11484375
3 0.76875 0.546875 0.07890625 0.1234375
1 0.85625 0.50078125 0.13984375 0.1515625
1 0.87578125 0.8578125 0.2359375 0.284375
3 0.60859375 0.359375 0.02421875 0.06796875
3 0.63984375 0.33515625 0.02109375 0.05703125
3 0.6109375 0.32421875 0.01640625 0.04140625
0 0.5796875 0.29140625 0.04921875 0.1296875
3 0.390625 0.5 0.0453125 0.08359375
1 0.35390625 0.3703125 0.05 0.06015625
1 0.36640625 0.33984375 0.03203125 0.046875
1 0.3921875 0.3234375 0.0390625 0.053125
1 0.50234375 0.28046875 0.03359375 0.0515625
4 0.4640625 0.2765625 0.03203125 0.046875
1 0.74609375 0.37734375 0.07109375 0.0953125