3 0.20625 0.7171875 0.0921875 0.178125
3 0.309375 0.803125 0.07109375 0.20703125
3 0.34453125 0.58671875 0.07109375 0.11015625
3 0.41875 0.4390625 0.028125 0.09140625
3 0.4546875 0.45234375 0.04453125 0.071875
3 0.43515625 0.39296875 0.021875 0.0703125
3 0.4453125 0.3953125 0.01875 0.053125
3 0.45234375 0.3765625 0.0265625 0.05703125
3 0.46484375 0.3484375 0.015625 0.053125
3 0.46796875 0.32421875 0.01484375 0.0453125
3 0.4875 0.33671875 0.01875 0.0265625
3 0.5078125 0.35390625 0.02109375 0.03828125
3 0.5125 0.296875 0.0234375 0.06015625
3 0.50078125 0.2890625 0.01484375 0.0484375
3 0.46953125 0.309375 0.02109375 0.0484375
4 0.2109375 0.4671875 0.08203125 0.1453125
4 0.62734375 0.26171875 0.021875 0.0296875
0 0.5890625 0.2359375 0.02890625 0.0453125
1 0.58515625 0.24609375 0.0296875 0.04140625
1 0.58125 0.26171875 0.0234375 0.04296875
1 0.7328125 0.37890625 0.0890625 0.09140625
1 0.884375 0.50390625 0.1390625 0.21796875
1 0.484375 0.54921875 0.103125 0.16796875
1 0.5046875 0.4015625 0.0703125 0.05703125
1 0.5046875 0.3171875 0.028125 0.0453125
1 0.44453125 0.32734375 0.07421875 0.075
1 0.4046875 0.40078125 0.08671875 0.11796875
1 0.35625 0.37265625 0.06875 0.08203125
1 0.37734375 0.340625 0.046875 0.075
1 0.41015625 0.32578125 0.0609375 0.078125