1 0.38984375 0.67421875 0.1015625 0.171875
1 0.46171875 0.46796875 0.0609375 0.06640625
1 0.46015625 0.38203125 0.04375 0.04296875
1 0.41875 0.35859375 0.02109375 0.0296875
2 0.29296875 0.41015625 0.06328125 0.05
1 0.39453125 0.3265625 0.0296875 0.0265625
1 0.36953125 0.340625 0.0375 0.0453125
1 0.50859375 0.3015625 0.01640625 0.0234375
1 0.83203125 0.4578125 0.0921875 0.0953125
1 0.834375 0.87578125 0.17421875 0.221875
3 0.38046875 0.50703125 0.02421875 0.0796875
3 0.34453125 0.4875 0.03671875 0.075
3 0.2203125 0.77890625 0.046875 0.13515625
3 0.48515625 0.3296875 0.0125 0.03984375
3 0.48515625 0.29921875 0.00859375 0.03515625
3 0.4578125 0.30234375 0.01328125 0.03203125