1 0.35859375 0.775 0.1703125 0.2765625
1 0.36640625 0.4765625 0.09453125 0.11015625
1 0.1609375 0.53671875 0.13828125 0.13359375
1 0.3265625 0.396875 0.0765625 0.0703125
1 0.365625 0.340625 0.04375 0.06171875
1 0.39453125 0.315625 0.03359375 0.0546875
1 0.49453125 0.3078125 0.03671875 0.0546875
1 0.50859375 0.290625 0.03359375 0.05859375
1 0.49375 0.2875 0.04453125 0.0515625
1 0.4890625 0.27109375 0.028125 0.0515625
1 0.565625 0.259375 0.01640625 0.04140625
1 0.6609375 0.290625 0.034375 0.0453125
1 0.6375 0.265625 0.021875 0.03515625
1 0.85 0.45703125 0.13203125 0.16015625
4 0.4625 0.2703125 0.0265625 0.03671875
4 0.58125 0.24609375 0.01875 0.0484375
3 0.66015625 0.4109375 0.034375 0.08203125
3 0.6453125 0.37265625 0.04140625 0.0984375
3 0.621875 0.31015625 0.0296875 0.06015625
3 0.6078125 0.259375 0.0125 0.03515625
3 0.44140625 0.4328125 0.0578125 0.0984375
3 0.4859375 0.34296875 0.03125 0.06015625
3 0.4765625 0.321875 0.0296875 0.046875
3 0.4734375 0.3046875 0.0296875 0.0296875
3 0.45625 0.3234375 0.03359375 0.053125
3 0.44140625 0.34296875 0.03125 0.05
3 0.5125 0.28203125 0.02421875 0.04296875
3 0.32109375 0.39140625 0.03984375 0.0734375