2 0.290625 0.415625 0.0546875 0.09140625
0 0.490625 0.28515625 0.03671875 0.0703125
3 0.22265625 0.76171875 0.06328125 0.14296875
3 0.61796875 0.3125 0.021875 0.04140625
3 0.5875 0.2859375 0.0125 0.028125
3 0.571875 0.27265625 0.01328125 0.025
1 0.425 0.3390625 0.0421875 0.0484375
1 0.3671875 0.3421875 0.0453125 0.0453125
1 0.6078125 0.36484375 0.034375 0.053125
1 0.609375 0.44296875 0.05546875 0.08984375
1 0.7921875 0.5125 0.1015625 0.128125
1 0.6703125 0.4171875 0.06484375 0.06171875
1 0.8265625 0.45078125 0.06875 0.075