1 0.8296875 0.453125 0.078125 0.0765625
1 0.36171875 0.61015625 0.0953125 0.1296875
1 0.33046875 0.3859375 0.053125 0.04140625
1 0.4421875 0.4390625 0.05703125 0.075
1 0.46015625 0.3328125 0.02890625 0.03515625
1 0.4984375 0.3421875 0.03203125 0.0515625
1 0.66484375 0.2921875 0.02421875 0.028125
1 0.1453125 0.53359375 0.115625 0.103125
3 0.46171875 0.4796875 0.03359375 0.0734375
3 0.37734375 0.44296875 0.02109375 0.06640625
3 0.184375 0.771875 0.065625 0.1265625
2 0.46484375 0.371875 0.03984375 0.06015625
0 0.45859375 0.2953125 0.03203125 0.06328125
0 0.5015625 0.25703125 0.03125 0.0796875