1 0.65859375 0.5828125 0.084375 0.16171875
1 0.6140625 0.43671875 0.04140625 0.06015625
1 0.71640625 0.5046875 0.078125 0.103125
1 0.48671875 0.371875 0.03359375 0.05703125
1 0.5 0.30703125 0.0234375 0.046875
1 0.57109375 0.28828125 0.01015625 0.0296875
1 0.57734375 0.26171875 0.015625 0.0234375
1 0.59140625 0.26796875 0.00859375 0.01640625
1 0.46484375 0.27890625 0.0203125 0.03203125
1 0.36640625 0.346875 0.0234375 0.0265625
2 0.29609375 0.4109375 0.05859375 0.06796875
1 0.83046875 0.459375 0.07109375 0.078125
2 0.225 0.571875 0.08125 0.1296875
3 0.42890625 0.4359375 0.0265625 0.075
3 0.64453125 0.36640625 0.0125 0.05
3 0.875 0.49296875 0.0453125 0.0703125
3 0.45234375 0.29140625 0.0046875 0.0234375
4 0.896875 0.76328125 0.16328125 0.3765625