1 0.21328125 0.48203125 0.0890625 0.0703125
1 0.83046875 0.4515625 0.0734375 0.08359375
1 0.365625 0.34296875 0.0359375 0.0296875
1 0.3953125 0.32109375 0.03203125 0.03203125
1 0.49609375 0.30234375 0.0265625 0.028125
3 0.465625 0.42578125 0.028125 0.06484375
3 0.6234375 0.465625 0.02109375 0.075
3 0.6796875 0.46640625 0.02578125 0.05703125
3 0.59453125 0.3265625 0.01484375 0.03984375
3 0.5796875 0.32109375 0.01328125 0.03828125
3 0.65625 0.365625 0.015625 0.0484375
2 0.63203125 0.340625 0.028125 0.0484375
1 0.56953125 0.27734375 0.0203125 0.025
1 0.66328125 0.29296875 0.0234375 0.0296875
1 0.58046875 0.2625 0.01796875 0.025