1 0.16328125 0.52265625 0.203125 0.18203125
1 0.3328125 0.3796875 0.065625 0.1
1 0.36171875 0.3421875 0.04140625 0.08515625
1 0.38515625 0.3171875 0.05 0.06171875
1 0.48125 0.26484375 0.0234375 0.03984375
1 0.49765625 0.309375 0.04140625 0.0546875
1 0.60859375 0.33359375 0.05 0.06328125
1 0.56796875 0.25 0.015625 0.0234375
1 0.66640625 0.296875 0.0265625 0.046875
1 0.6375 0.271875 0.01875 0.04296875
1 0.821875 0.446875 0.12265625 0.13671875
1 0.17421875 0.875 0.29140625 0.25
3 0.340625 0.4671875 0.04375 0.1046875
3 0.3078125 0.4046875 0.01875 0.096875
3 0.33359375 0.396875 0.03125 0.0703125
3 0.59609375 0.29609375 0.021875 0.0453125
3 0.584375 0.28046875 0.02109375 0.03828125
4 0.46484375 0.2625 0.021875 0.06171875
1 0.5859375 0.2390625 0.0109375 0.028125