3 0.334375 0.50859375 0.03984375 0.1
3 0.3875 0.42890625 0.03671875 0.071875
3 0.4359375 0.34140625 0.01796875 0.0703125
3 0.453125 0.3171875 0.01640625 0.0515625
3 0.48125 0.27734375 0.00546875 0.021875
1 0.25 0.52890625 0.14765625 0.11796875
1 0.4046875 0.50390625 0.078125 0.11484375
1 0.48203125 0.340625 0.0453125 0.06484375
1 0.8625 0.80078125 0.21484375 0.38515625
1 0.88046875 0.50234375 0.16875 0.1484375
1 0.734375 0.3765625 0.0703125 0.1
1 0.29453125 0.721875 0.1546875 0.23359375
1 0.05546875 0.71328125 0.1109375 0.1703125
1 0.2796875 0.95703125 0.19375 0.0859375
1 0.35078125 0.36640625 0.0390625 0.06640625
1 0.37109375 0.3453125 0.0296875 0.05703125
1 0.39453125 0.32734375 0.0265625 0.05859375
1 0.46796875 0.27265625 0.0234375 0.03515625
0 0.58359375 0.23671875 0.0234375 0.0296875