4 0.22421875 0.68046875 0.26640625 0.621875
1 0.0796875 0.3484375 0.15234375 0.19296875
1 0.07109375 0.20234375 0.115625 0.10859375
2 0.38046875 0.3046875 0.13125 0.2265625
3 0.521875 0.8359375 0.11171875 0.2921875
3 0.53828125 0.403125 0.0765625 0.18984375
3 0.6203125 0.521875 0.08515625 0.21328125
0 0.48203125 0.05234375 0.08984375 0.1046875
3 0.20625 0.1609375 0.05234375 0.1046875
3 0.25546875 0.13359375 0.04921875 0.10234375
4 0.89375 0.40390625 0.165625 0.25546875
1 0.28984375 0.0703125 0.06953125 0.08359375