1 0.14921875 0.89375 0.2734375 0.2125
2 0.2140625 0.60703125 0.24609375 0.42890625
1 0.32109375 0.3546875 0.13359375 0.15078125
1 0.37109375 0.2359375 0.0984375 0.1453125
1 0.715625 0.70234375 0.2375 0.371875
1 0.5484375 0.40859375 0.13359375 0.21328125
1 0.4828125 0.03828125 0.06015625 0.0765625
2 0.4109375 0.04765625 0.07890625 0.071875
4 0.40078125 0.140625 0.1 0.1375
4 0.52421875 0.215625 0.10234375 0.2125
4 0.47578125 0.63046875 0.196875 0.4421875
3 0.38828125 0.52265625 0.0484375 0.1390625
3 0.92109375 0.3875 0.06328125 0.121875
3 0.5484375 0.025 0.03125 0.04921875