3 0.71484375 0.4796875 0.0296875 0.08984375
3 0.7375 0.45390625 0.034375 0.078125
3 0.61796875 0.3546875 0.02421875 0.0765625
3 0.596875 0.29921875 0.01484375 0.0453125
3 0.3359375 0.3875 0.03984375 0.0546875
4 0.74921875 0.37109375 0.05078125 0.09140625
1 0.85546875 0.46953125 0.11015625 0.16171875
1 0.753125 0.6890625 0.1765625 0.28828125
1 0.20703125 0.48203125 0.1203125 0.14296875
1 0.36640625 0.3546875 0.05 0.08671875
1 0.40234375 0.33046875 0.06484375 0.08515625
1 0.6625 0.2921875 0.028125 0.0546875
4 0.6359375 0.2671875 0.02421875 0.0484375