1 0.14375 0.5375 0.18046875 0.128125
1 0.32734375 0.39296875 0.0546875 0.1234375
1 0.36484375 0.33828125 0.06484375 0.08984375
1 0.39453125 0.328125 0.03125 0.0703125
1 0.478125 0.2625 0.021875 0.0484375
1 0.5125 0.284375 0.03125 0.06484375
1 0.5015625 0.25703125 0.02421875 0.04296875
1 0.5828125 0.278125 0.01796875 0.0234375
1 0.63828125 0.27265625 0.0375 0.03828125
1 0.6625 0.29140625 0.034375 0.03984375
1 0.8390625 0.46015625 0.11484375 0.1796875
1 0.80703125 0.83046875 0.284375 0.33828125
4 0.7328125 0.515625 0.0890625 0.18203125
0 0.60078125 0.2921875 0.0265625 0.08203125
1 0.615625 0.42578125 0.096875 0.1546875
4 0.4734375 0.271875 0.03125 0.04296875