1 0.8921875 0.85546875 0.215625 0.28828125
1 0.83046875 0.45546875 0.0765625 0.1453125
1 0.8828125 0.496875 0.103125 0.1703125
1 0.203125 0.4765625 0.1078125 0.15703125
3 0.29921875 0.54765625 0.05546875 0.121875
3 0.38125 0.90390625 0.0796875 0.19140625
3 0.49609375 0.34921875 0.02890625 0.06484375
3 0.46015625 0.34609375 0.02109375 0.0546875
3 0.33984375 0.403125 0.04375 0.09296875
3 0.3109375 0.40859375 0.034375 0.0734375
3 0.49296875 0.2625 0.01796875 0.03515625
1 0.575 0.24296875 0.01796875 0.03359375
4 0.46640625 0.2671875 0.0296875 0.0515625
2 0.45703125 0.53046875 0.09375 0.16796875
0 0.43515625 0.41796875 0.09765625 0.1765625
0 0.40234375 0.34296875 0.08125 0.1734375
0 0.48984375 0.30703125 0.04765625 0.08671875