3 0.478125 0.271875 0.0421875 0.140625
3 0.478125 0.12421875 0.03125 0.0859375
3 0.534375 0.03203125 0.03046875 0.0578125
3 0.5375 0.0984375 0.03203125 0.09140625
0 0.5546875 0.678125 0.40390625 0.64375
0 0.45625 0.04921875 0.103125 0.09765625
1 0.415625 0.12265625 0.07421875 0.11328125
1 0.38046875 0.22265625 0.08828125 0.15546875
1 0.36171875 0.51171875 0.17890625 0.2609375
2 0.29921875 0.35078125 0.159375 0.27890625
2 0.79453125 0.15078125 0.09921875 0.17890625
3 0.92578125 0.3609375 0.06953125 0.09921875
1 0.03984375 0.46015625 0.0796875 0.25078125