1 0.3375 0.5734375 0.10546875 0.13984375
1 0.46015625 0.30390625 0.0375 0.05859375
1 0.8125 0.43671875 0.07890625 0.146875
1 0.89375 0.4890625 0.15546875 0.18203125
1 0.671875 0.3109375 0.0390625 0.071875
1 0.66484375 0.284375 0.0234375 0.04140625
1 0.50859375 0.2875 0.03203125 0.05859375
1 0.5125 0.2671875 0.02578125 0.0453125
1 0.3953125 0.32421875 0.0453125 0.0546875
1 0.365625 0.3390625 0.034375 0.071875
2 0.490625 0.3515625 0.03984375 0.0734375
3 0.3359375 0.40390625 0.046875 0.06171875
3 0.30078125 0.4078125 0.03671875 0.078125
3 0.60390625 0.265625 0.01328125 0.0484375
4 0.46875 0.2640625 0.0390625 0.05859375