3 0.490625 0.33359375 0.015625 0.03984375
3 0.46953125 0.3171875 0.01796875 0.028125
3 0.36953125 0.38515625 0.0234375 0.03671875
3 0.44609375 0.28984375 0.0109375 0.01640625
3 0.71953125 0.58828125 0.04921875 0.1
3 0.87265625 0.4984375 0.0359375 0.0796875
2 0.29140625 0.4015625 0.06640625 0.08984375
2 0.66328125 0.4609375 0.07265625 0.11171875
2 0.82109375 0.69453125 0.14765625 0.2515625
0 0.7765625 0.47890625 0.15703125 0.26796875
0 0.590625 0.265625 0.03984375 0.06796875
0 0.646875 0.3578125 0.05859375 0.08515625
0 0.6984375 0.3171875 0.04453125 0.078125
0 0.7484375 0.36796875 0.10234375 0.10703125
1 0.37890625 0.425 0.046875 0.06328125
1 0.3625 0.3453125 0.03359375 0.05703125
1 0.3953125 0.33046875 0.0296875 0.06796875
1 0.46796875 0.2796875 0.0296875 0.053125
1 0.58671875 0.34765625 0.0234375 0.03828125
1 0.58046875 0.38046875 0.0375 0.0546875
1 0.6109375 0.415625 0.0453125 0.06796875
1 0.66484375 0.4578125 0.05078125 0.11796875
1 0.6328125 0.53828125 0.0578125 0.1265625
1 0.746875 0.8296875 0.17421875 0.2703125
1 0.9328125 0.71328125 0.12109375 0.24296875
1 0.8375 0.45078125 0.06640625 0.0953125
1 0.49296875 0.36796875 0.03984375 0.04296875