1 0.14375 0.5484375 0.1609375 0.18984375
1 0.05625 0.6859375 0.1125 0.16796875
1 0.334375 0.3953125 0.06328125 0.10703125
1 0.4546875 0.49296875 0.09765625 0.1203125
1 0.35234375 0.51796875 0.1125 0.153125
1 0.471875 0.378125 0.05 0.1
1 0.37109375 0.3453125 0.04921875 0.06015625
1 0.39921875 0.31640625 0.03984375 0.05
1 0.44296875 0.28359375 0.034375 0.053125
1 0.83125 0.4640625 0.1078125 0.10859375
1 0.66953125 0.29765625 0.03359375 0.0515625
1 0.63671875 0.27265625 0.03671875 0.04140625
3 0.40703125 0.42890625 0.0359375 0.078125
3 0.41875 0.38359375 0.03203125 0.06640625
3 0.43046875 0.34296875 0.021875 0.05
3 0.4328125 0.321875 0.021875 0.05
3 0.51015625 0.2609375 0.021875 0.028125
0 0.4890625 0.30234375 0.07890625 0.13828125