3 0.66328125 0.43359375 0.05703125 0.11015625
3 0.6375 0.36484375 0.02890625 0.06328125
3 0.66328125 0.33515625 0.034375 0.05703125
3 0.30546875 0.4140625 0.04921875 0.0984375
1 0.3734375 0.34921875 0.05078125 0.08828125
1 0.43671875 0.3515625 0.078125 0.06328125
1 0.4015625 0.328125 0.04921875 0.05703125
1 0.81796875 0.44765625 0.0859375 0.11796875
1 0.87890625 0.50078125 0.12578125 0.1546875
1 0.571875 0.2515625 0.021875 0.03984375
1 0.6375 0.28203125 0.03203125 0.053125
1 0.66484375 0.29921875 0.03984375 0.04140625
4 0.465625 0.27109375 0.0359375 0.03828125
4 0.58125 0.31953125 0.0453125 0.06171875
4 0.5890625 0.2484375 0.01640625 0.03984375