1 0.16640625 0.53515625 0.1609375 0.18671875
1 0.32890625 0.371875 0.07421875 0.16640625
1 0.37421875 0.3578125 0.06328125 0.09140625
1 0.40859375 0.34140625 0.05859375 0.0796875
1 0.490625 0.26796875 0.028125 0.05
1 0.67734375 0.30390625 0.04453125 0.06796875
1 0.63671875 0.27109375 0.0234375 0.0484375
1 0.82890625 0.47109375 0.13671875 0.18515625
0 0.578125 0.24140625 0.0390625 0.0796875
4 0.46640625 0.2671875 0.0234375 0.03828125
4 0.6375 0.55234375 0.07265625 0.225
4 0.6296875 0.38359375 0.0453125 0.103125
4 0.32890625 0.40703125 0.015625 0.1
4 0.4984375 0.259375 0.01484375 0.0546875
4 0.6046875 0.25859375 0.0109375 0.03359375
4 0.040625 0.79453125 0.08125 0.13828125