3 0.728125 0.57578125 0.07421875 0.16484375
3 0.9359375 0.67890625 0.1078125 0.2015625
3 0.6 0.3328125 0.0296875 0.06796875
3 0.59921875 0.33671875 0.021875 0.05
3 0.509375 0.26328125 0.01796875 0.05
3 0.3328125 0.39609375 0.0453125 0.075
1 0.221875 0.4953125 0.14765625 0.1203125
1 0.36015625 0.34609375 0.046875 0.08515625
1 0.39609375 0.3171875 0.065625 0.0953125
1 0.56875 0.24921875 0.01484375 0.025
1 0.83203125 0.446875 0.1 0.153125
1 0.67265625 0.2984375 0.03984375 0.0796875
0 0.58515625 0.25078125 0.02578125 0.0453125