3 0.728125 0.56953125 0.05390625 0.115625
3 0.878125 0.48671875 0.04765625 0.07265625
3 0.63671875 0.33046875 0.0203125 0.04609375
3 0.596875 0.2828125 0.01171875 0.02421875
3 0.6109375 0.27265625 0.00625 0.01953125
3 0.478125 0.30546875 0.00703125 0.0265625
4 0.41015625 0.3015625 0.02734375 0.03125
1 0.82890625 0.45625 0.0796875 0.09765625
1 0.5921875 0.31328125 0.025 0.0359375
1 0.571875 0.29453125 0.0265625 0.03125
1 0.578125 0.27421875 0.02421875 0.02421875
1 0.57890625 0.25625 0.021875 0.028125
1 0.3640625 0.34375 0.02421875 0.0359375
1 0.35546875 0.35859375 0.040625 0.0390625
1 0.31171875 0.39921875 0.05859375 0.04765625
3 0.38828125 0.35703125 0.0171875 0.03125