3 0.88359375 0.68046875 0.07265625 0.2046875
1 0.77421875 0.621875 0.1578125 0.26328125
1 0.8546875 0.48359375 0.14140625 0.1296875
1 0.9671875 0.57109375 0.065625 0.1640625
1 0.7359375 0.37265625 0.0734375 0.0984375
5 0.6078125 0.31171875 0.03671875 0.06015625
1 0.5328125 0.3109375 0.06484375 0.09140625
2 0.3734375 0.37734375 0.065625 0.06484375
1 0.3390625 0.36015625 0.046875 0.06328125
4 0.234375 0.47421875 0.11328125 0.11796875
1 0.371875 0.33515625 0.0390625 0.046875
3 0.58359375 0.27265625 0.01328125 0.03515625