1 0.14921875 0.5296875 0.14765625 0.14296875
3 0.15546875 0.7203125 0.06875 0.153125
3 0.2890625 0.62890625 0.053125 0.11796875
3 0.284375 0.5546875 0.0546875 0.10703125
3 0.34609375 0.48359375 0.04375 0.096875
1 0.3265625 0.7296875 0.2234375 0.2265625
1 0.1109375 0.91171875 0.22109375 0.1765625
1 0.42421875 0.48828125 0.1 0.11015625
3 0.45703125 0.40234375 0.03359375 0.06484375
3 0.44375 0.32734375 0.0203125 0.06171875
3 0.49296875 0.29296875 0.01875 0.046875
4 0.6015625 0.3796875 0.06796875 0.13671875
1 0.6609375 0.38828125 0.0546875 0.1
1 0.6765625 0.3484375 0.0421875 0.09296875
1 0.86484375 0.50390625 0.17265625 0.11484375
2 0.27578125 0.41328125 0.08203125 0.11640625
1 0.32578125 0.4 0.0625 0.0796875
1 0.3703125 0.35390625 0.053125 0.08828125
1 0.4015625 0.32578125 0.03984375 0.06484375