3 0.1609375 0.94453125 0.0875 0.1109375
3 0.9078125 0.75546875 0.090625 0.159375
3 0.8828125 0.49453125 0.03671875 0.0671875
3 0.46875 0.409375 0.0203125 0.03359375
3 0.40859375 0.41875 0.01953125 0.0453125
3 0.4234375 0.3609375 0.0125 0.03359375
3 0.46484375 0.30234375 0.0125 0.02578125
1 0.13828125 0.5609375 0.10546875 0.11015625
1 0.28359375 0.4234375 0.05 0.06328125
1 0.31328125 0.39609375 0.0390625 0.04140625
1 0.35703125 0.36171875 0.03828125 0.05546875
1 0.37890625 0.34375 0.0359375 0.0421875
1 0.50078125 0.32890625 0.02578125 0.0390625
3 0.26328125 0.45 0.025 0.0390625
3 0.59765625 0.29375 0.01328125 0.0390625
1 0.84140625 0.4578125 0.0828125 0.09765625
2 0.2171875 0.47734375 0.09140625 0.096875