3 0.29140625 0.890625 0.07578125 0.21796875
3 0.3328125 0.4890625 0.065625 0.08203125
4 0.2328125 0.47890625 0.09140625 0.14140625
3 0.39375 0.41015625 0.053125 0.08984375
3 0.440625 0.3171875 0.01796875 0.03828125
3 0.46015625 0.3265625 0.01640625 0.06328125
1 0.49296875 0.353125 0.0296875 0.09296875
3 0.5046875 0.2890625 0.01875 0.05859375
1 0.36953125 0.34765625 0.034375 0.075
1 0.41171875 0.303125 0.0703125 0.08359375
3 0.62421875 0.365625 0.02578125 0.078125
3 0.6140625 0.31015625 0.02890625 0.046875
1 0.58828125 0.3015625 0.03359375 0.03984375
1 0.86328125 0.4890625 0.15 0.16796875