3 0.36640625 0.43984375 0.02578125 0.0703125
1 0.1609375 0.52890625 0.0953125 0.09140625
1 0.3234375 0.403125 0.06015625 0.046875
1 0.3578125 0.36171875 0.0421875 0.03671875
1 0.375 0.340625 0.0375 0.028125
1 0.40234375 0.321875 0.04453125 0.03359375
1 0.59375 0.459375 0.0578125 0.09140625
1 0.646875 0.5953125 0.0796875 0.1265625
1 0.65859375 0.75234375 0.128125 0.21796875
1 0.7296875 0.92265625 0.16875 0.1546875
0 0.71875 0.4921875 0.14765625 0.228125
0 0.8578125 0.490625 0.1859375 0.1953125
0 0.87578125 0.78828125 0.2484375 0.4234375
1 0.628125 0.26953125 0.015625 0.021875