1 0.16875 0.528125 0.18984375 0.16015625
1 0.503125 0.39140625 0.08125 0.11328125
1 0.8484375 0.46953125 0.1265625 0.14140625
1 0.671875 0.296875 0.0375 0.05703125
1 0.63828125 0.27421875 0.0375 0.0453125
1 0.33828125 0.3953125 0.07109375 0.08671875
1 0.3734375 0.34921875 0.03125 0.05859375
1 0.38828125 0.30703125 0.03359375 0.06328125
1 0.51640625 0.275 0.034375 0.04296875
1 0.5796875 0.246875 0.01796875 0.0296875
1 0.44921875 0.27578125 0.0203125 0.028125
4 0.46484375 0.27265625 0.03125 0.04140625
3 0.5890625 0.275 0.02109375 0.04296875