1 0.25234375 0.88046875 0.24921875 0.23828125
1 0.04921875 0.7203125 0.09765625 0.19296875
1 0.07421875 0.6015625 0.1484375 0.15
1 0.4578125 0.52109375 0.096875 0.15859375
2 0.6390625 0.490625 0.1015625 0.18515625
1 0.6203125 0.3390625 0.05 0.0984375
1 0.86953125 0.49453125 0.13984375 0.21796875
1 0.7515625 0.390625 0.0765625 0.1453125
1 0.48671875 0.3859375 0.0546875 0.075
1 0.465625 0.325 0.0296875 0.06640625
1 0.3953125 0.3234375 0.034375 0.046875
1 0.36796875 0.3390625 0.0375 0.0453125
1 0.34453125 0.3625 0.0390625 0.075
1 0.515625 0.2828125 0.02109375 0.028125
3 0.36171875 0.52421875 0.0390625 0.10859375
3 0.33671875 0.47890625 0.034375 0.06484375
3 0.43125 0.3359375 0.01328125 0.05859375
3 0.44296875 0.3453125 0.0203125 0.046875
3 0.4453125 0.32578125 0.01484375 0.0453125
3 0.48828125 0.2875 0.01796875 0.04140625
3 0.48984375 0.27265625 0.01640625 0.025