4 0.4015625 0.58046875 0.12421875 0.19140625
1 0.29453125 0.471875 0.1015625 0.1203125
1 0.0953125 0.646875 0.18984375 0.2
1 0.34609375 0.36640625 0.0390625 0.06640625
1 0.3640625 0.35078125 0.034375 0.05859375
1 0.390625 0.32578125 0.0421875 0.075
1 0.46328125 0.46640625 0.0765625 0.103125
1 0.7421875 0.375 0.05859375 0.1203125
1 0.86484375 0.4984375 0.11328125 0.2
1 0.50390625 0.3390625 0.03125 0.0484375
1 0.5140625 0.26015625 0.03125 0.06328125
1 0.46171875 0.31953125 0.0375 0.03828125
4 0.46484375 0.36328125 0.0578125 0.08671875
3 0.4734375 0.30078125 0.01796875 0.03515625
5 0.58046875 0.2984375 0.04453125 0.0734375
3 0.64296875 0.31328125 0.028125 0.0296875
3 0.48203125 0.2734375 0.0125 0.0296875