1 0.1421875 0.52421875 0.12890625 0.128125
1 0.33046875 0.390625 0.0796875 0.08515625
1 0.36875 0.35078125 0.0453125 0.0953125
1 0.4 0.31796875 0.04375 0.0734375
1 0.48359375 0.2625 0.03359375 0.06171875
1 0.58828125 0.26015625 0.01796875 0.03671875
1 0.57734375 0.24921875 0.0109375 0.028125
1 0.63359375 0.27265625 0.0203125 0.03828125
1 0.6609375 0.2921875 0.028125 0.0484375
1 0.82265625 0.43828125 0.11640625 0.146875
3 0.65703125 0.36796875 0.03671875 0.06328125
3 0.33046875 0.3890625 0.03125 0.0546875
3 0.3109375 0.40546875 0.0296875 0.075
4 0.4640625 0.2703125 0.02421875 0.053125