1 0.36953125 0.3359375 0.03203125 0.06171875
1 0.3890625 0.315625 0.0390625 0.0484375
1 0.465625 0.26484375 0.02578125 0.0234375
1 0.6140625 0.325 0.0453125 0.0703125
1 0.83125 0.44453125 0.07265625 0.08203125
1 0.8875 0.490625 0.1046875 0.121875
1 0.8578125 0.76328125 0.20234375 0.31640625
3 0.9625 0.6234375 0.075 0.16640625
3 0.8625 0.55703125 0.07265625 0.15703125
3 0.703125 0.40703125 0.05234375 0.096875
3 0.61953125 0.28828125 0.0265625 0.046875
3 0.6015625 0.27578125 0.0203125 0.03515625
3 0.47890625 0.28671875 0.0234375 0.03984375
3 0.4390625 0.328125 0.0359375 0.053125
3 0.334375 0.38515625 0.053125 0.096875
1 0.5671875 0.265625 0.0265625 0.03203125
1 0.5796875 0.25 0.02109375 0.0265625