3 0.13203125 0.78984375 0.0796875 0.196875
3 0.371875 0.4609375 0.04765625 0.11796875
3 0.4359375 0.3375 0.03125 0.0484375
3 0.45390625 0.31484375 0.02109375 0.04296875
3 0.4640625 0.3046875 0.01796875 0.05
1 0.36796875 0.34609375 0.04453125 0.0515625
1 0.3921875 0.3234375 0.0359375 0.046875
1 0.4265625 0.4453125 0.04375 0.11640625
1 0.41796875 0.38203125 0.03203125 0.06640625
1 0.46953125 0.3875 0.0421875 0.075
1 0.74375 0.3671875 0.0796875 0.1015625
1 0.875 0.5015625 0.14453125 0.1203125
4 0.51484375 0.3 0.02890625 0.05703125
4 0.49609375 0.28984375 0.0375 0.053125
3 0.59140625 0.2671875 0.015625 0.0484375