0 0.40078125 0.425 0.10546875 0.1734375
3 0.24921875 0.6109375 0.0578125 0.1515625
3 0.48515625 0.3890625 0.02109375 0.08203125
3 0.46953125 0.31640625 0.01796875 0.0734375
3 0.44921875 0.3 0.0265625 0.06328125
3 0.759375 0.51328125 0.06015625 0.1203125
3 0.56796875 0.28828125 0.01484375 0.03671875
0 0.5765625 0.26796875 0.028125 0.0703125
4 0.7515625 0.38359375 0.06484375 0.103125
1 0.828125 0.46796875 0.0921875 0.1203125
1 0.6546875 0.4421875 0.0703125 0.125
1 0.6625 0.2953125 0.021875 0.053125
2 0.4484375 0.52265625 0.11796875 0.178125
1 0.478125 0.303125 0.05546875 0.05
1 0.359375 0.33828125 0.046875 0.0796875
1 0.390625 0.3109375 0.04765625 0.08203125
1 0.2140625 0.4796875 0.08984375 0.10703125
1 0.146875 0.5203125 0.13828125 0.11640625
1 0.325 0.81171875 0.2078125 0.28359375