1 0.84375 0.4578125 0.0734375 0.075
1 0.28046875 0.42421875 0.04375 0.04140625
1 0.30859375 0.3953125 0.03671875 0.0296875
1 0.34453125 0.36015625 0.0421875 0.0265625
1 0.3671875 0.340625 0.03125 0.03515625
1 0.45546875 0.2828125 0.01640625 0.01171875
1 0.5796875 0.27265625 0.0203125 0.01796875
1 0.50859375 0.31015625 0.02578125 0.03359375
3 0.63671875 0.3234375 0.01015625 0.0234375
3 0.62109375 0.2953125 0.01640625 0.0265625
3 0.875 0.484375 0.04140625 0.06484375
2 0.21015625 0.465625 0.1515625 0.1046875