1 0.91015625 0.57265625 0.17578125 0.359375
1 0.1609375 0.859375 0.2625 0.28125
1 0.2609375 0.55390625 0.19765625 0.40546875
1 0.38515625 0.2109375 0.09453125 0.16953125
3 0.44609375 0.1765625 0.034375 0.10078125
1 0.19296875 0.19609375 0.1 0.1296875
2 0.79453125 0.15078125 0.10703125 0.18203125
3 0.4421875 0.8109375 0.0828125 0.221875
3 0.69453125 0.790625 0.10703125 0.215625
3 0.640625 0.3 0.0390625 0.08046875
3 0.6234375 0.22109375 0.0328125 0.0703125
0 0.5390625 0.265625 0.14609375 0.4359375
1 0.44765625 0.0515625 0.04765625 0.0640625