1 0.86875 0.4859375 0.10234375 0.1015625
2 0.4359375 0.45234375 0.06015625 0.09140625
2 0.73984375 0.371875 0.046875 0.0703125
1 0.27890625 0.51640625 0.10703125 0.10703125
1 0.35078125 0.3640625 0.04375 0.03828125
1 0.39453125 0.325 0.0359375 0.0296875
1 0.5765625 0.29921875 0.02578125 0.03203125
1 0.57578125 0.265625 0.021875 0.028125
4 0.6375 0.37578125 0.04375 0.078125
4 0.21796875 0.46171875 0.078125 0.08671875
3 0.43125 0.334375 0.01640625 0.0515625
1 0.4984375 0.30703125 0.02421875 0.04296875