1 0.85 0.49609375 0.13984375 0.2015625
1 0.6484375 0.54453125 0.1109375 0.20859375
1 0.67421875 0.3109375 0.04453125 0.0546875
1 0.5234375 0.28515625 0.0296875 0.06015625
1 0.48828125 0.26328125 0.02890625 0.03984375
1 0.39921875 0.32578125 0.0796875 0.071875
1 0.36953125 0.33359375 0.078125 0.05703125
1 0.328125 0.390625 0.08671875 0.121875
1 0.15859375 0.5390625 0.17890625 0.1546875
1 0.56640625 0.26640625 0.01640625 0.03984375
1 0.57109375 0.25703125 0.01484375 0.0296875
1 0.5734375 0.23984375 0.01875 0.0203125
1 0.6375 0.2671875 0.0203125 0.025
4 0.6296875 0.26171875 0.02421875 0.03359375
4 0.46015625 0.2609375 0.028125 0.03828125
0 0.69375 0.40078125 0.11015625 0.175
3 0.5921875 0.3203125 0.0296875 0.053125
3 0.5953125 0.275 0.01328125 0.03671875
3 0.58671875 0.26640625 0.01015625 0.03359375
3 0.58359375 0.246875 0.01015625 0.0265625
3 0.48125 0.27890625 0.01640625 0.0484375
3 0.3046875 0.4 0.0359375 0.08359375
3 0.84921875 0.796875 0.1078125 0.2265625