3 0.8609375 0.7 0.05234375 0.1203125
3 0.8375 0.53671875 0.0375 0.08359375
3 0.61875 0.33671875 0.01640625 0.03671875
3 0.36640625 0.5140625 0.028125 0.075
3 0.44921875 0.36484375 0.021875 0.04296875
3 0.4203125 0.3359375 0.01328125 0.03515625
3 0.3421875 0.40078125 0.03125 0.03203125
1 0.884375 0.49765625 0.096875 0.1015625
1 0.8265625 0.4453125 0.08203125 0.0734375
1 0.21328125 0.4796875 0.0859375 0.0796875
1 0.36796875 0.34453125 0.0375 0.03828125
1 0.39609375 0.3203125 0.034375 0.03359375
1 0.49609375 0.31796875 0.02890625 0.03984375
1 0.66484375 0.29296875 0.02421875 0.0234375
1 0.4796875 0.29609375 0.021875 0.0296875
2 0.5125 0.284375 0.021875 0.03359375