3 0.44296875 0.52421875 0.046875 0.14140625
3 0.3078125 0.83671875 0.10546875 0.246875
3 0.33828125 0.384375 0.03203125 0.06484375
3 0.57421875 0.3453125 0.0390625 0.0734375
3 0.453125 0.3171875 0.0234375 0.0515625
3 0.4703125 0.28359375 0.021875 0.03671875
0 0.57578125 0.25 0.02109375 0.053125
1 0.8234375 0.453125 0.1125 0.16328125
1 0.50625 0.275 0.0234375 0.04296875
1 0.48125 0.33828125 0.03359375 0.06640625
1 0.3921875 0.31640625 0.03671875 0.03984375
1 0.37265625 0.3421875 0.03359375 0.05859375
1 0.21171875 0.4875 0.1015625 0.11484375
5 0.50234375 0.31171875 0.04140625 0.08671875
1 0.6734375 0.2859375 0.04375 0.05859375