3 0.30390625 0.40546875 0.021875 0.06796875
3 0.3328125 0.4015625 0.02578125 0.06328125
3 0.4421875 0.325 0.01015625 0.046875
3 0.45625 0.3 0.003125 0.03359375
3 0.59765625 0.29296875 0.01640625 0.03984375
3 0.58359375 0.25703125 0.01328125 0.03359375
1 0.14921875 0.52734375 0.1859375 0.2015625
1 0.37890625 0.3484375 0.07421875 0.0796875
1 0.46171875 0.33515625 0.04140625 0.05
1 0.48359375 0.37421875 0.04140625 0.06484375
1 0.49765625 0.3359375 0.0390625 0.06171875
1 0.515625 0.3 0.03125 0.05
1 0.5 0.284375 0.0296875 0.0453125
1 0.44921875 0.28359375 0.0375 0.03359375
4 0.4640625 0.2625 0.0421875 0.06171875
1 0.6703125 0.2984375 0.03671875 0.053125
1 0.83125 0.45859375 0.096875 0.11640625
4 0.5703125 0.27890625 0.02421875 0.0515625
1 0.64140625 0.27265625 0.0296875 0.0484375