1 0.40703125 0.6265625 0.09765625 0.13984375
1 0.35 0.45390625 0.07109375 0.08515625
1 0.48203125 0.384375 0.04140625 0.0546875
1 0.8671875 0.490625 0.09921875 0.09140625
1 0.59609375 0.31640625 0.02421875 0.03671875
1 0.3515625 0.36328125 0.0421875 0.046875
1 0.37109375 0.3421875 0.0359375 0.03515625
1 0.39453125 0.32421875 0.0359375 0.03515625
3 0.16640625 0.84453125 0.06796875 0.1484375
3 0.39609375 0.50390625 0.028125 0.071875
3 0.421875 0.3875 0.02109375 0.0484375
3 0.44375 0.375 0.01796875 0.04296875
3 0.45625 0.33984375 0.01484375 0.03671875
3 0.73203125 0.540625 0.03203125 0.08515625
0 0.62421875 0.35390625 0.05859375 0.11484375
0 0.57578125 0.27890625 0.03125 0.06796875
2 0.7375 0.371875 0.04375 0.06640625