3 0.390625 0.68671875 0.10234375 0.16640625
3 0.496875 0.3796875 0.03203125 0.0703125
3 0.7609375 0.459375 0.0546875 0.1015625
3 0.49453125 0.28046875 0.0125 0.03203125
1 0.23515625 0.7453125 0.2078125 0.25
1 0.296875 0.90546875 0.34921875 0.18828125
1 0.8171875 0.43984375 0.084375 0.1234375
1 0.8921875 0.48984375 0.1078125 0.146875
1 0.59765625 0.31171875 0.03671875 0.06640625
1 0.48671875 0.3515625 0.04453125 0.06328125
1 0.425 0.33203125 0.0546875 0.06015625
1 0.39765625 0.31328125 0.0390625 0.05
1 0.36171875 0.3296875 0.0453125 0.0765625
4 0.51484375 0.30859375 0.02421875 0.06640625
4 0.42578125 0.41328125 0.08671875 0.1203125
0 0.5875 0.228125 0.03359375 0.04296875
1 0.6609375 0.28984375 0.04375 0.06015625
1 0.50625 0.25703125 0.02109375 0.04296875