3 0.83515625 0.74765625 0.10703125 0.225
3 0.459375 0.55078125 0.0375 0.1015625
3 0.61328125 0.334375 0.01640625 0.03515625
3 0.6203125 0.32109375 0.01328125 0.03515625
3 0.6015625 0.31015625 0.015625 0.03984375
3 0.59453125 0.30234375 0.01484375 0.03203125
3 0.57109375 0.23828125 0.01015625 0.0203125
3 0.29765625 0.4125 0.0296875 0.078125
1 0.8921875 0.5265625 0.12421875 0.196875
1 0.828125 0.440625 0.08359375 0.1015625
1 0.66796875 0.29296875 0.0390625 0.05703125
1 0.6265625 0.253125 0.02578125 0.03359375
1 0.5703125 0.2484375 0.021875 0.0203125
1 0.57734375 0.2828125 0.03359375 0.03828125
1 0.6359375 0.44765625 0.07421875 0.11796875
1 0.49296875 0.39140625 0.06796875 0.096875
1 0.49296875 0.3390625 0.046875 0.0515625
1 0.4796875 0.278125 0.02578125 0.05
1 0.52265625 0.28359375 0.0265625 0.053125
0 0.4984375 0.26484375 0.03203125 0.0796875
0 0.3828125 0.3875 0.14765625 0.228125
4 0.45859375 0.26484375 0.034375 0.03671875
2 0.65078125 0.3859375 0.06640625 0.1046875
4 0.65625 0.315625 0.046875 0.08515625
1 0.21796875 0.50234375 0.115625 0.15859375