3 0.31328125 0.59921875 0.0625 0.1046875
3 0.421875 0.34453125 0.02890625 0.06171875
3 0.6796875 0.46171875 0.0421875 0.11015625
3 0.628125 0.31640625 0.03671875 0.053125
3 0.49453125 0.2671875 0.01328125 0.03515625
1 0.16484375 0.578125 0.1859375 0.10703125
1 0.0390625 0.6828125 0.078125 0.15859375
1 0.34765625 0.36796875 0.0390625 0.0765625
1 0.365625 0.3421875 0.0390625 0.0546875
1 0.39765625 0.328125 0.028125 0.053125
1 0.4390625 0.29921875 0.0265625 0.0515625
1 0.49296875 0.3171875 0.02890625 0.04140625
1 0.4890625 0.2890625 0.01796875 0.028125
1 0.50625 0.26953125 0.015625 0.03203125
1 0.875 0.509375 0.15 0.1953125
1 0.74296875 0.37890625 0.06640625 0.1046875
0 0.5859375 0.2734375 0.021875 0.06328125
0 0.57578125 0.24453125 0.01875 0.04140625