3 0.35234375 0.471875 0.028125 0.03984375
3 0.4296875 0.35703125 0.01796875 0.03125
1 0.83828125 0.94765625 0.165625 0.1046875
1 0.7296875 0.78671875 0.15546875 0.2421875
0 0.87890625 0.75 0.24140625 0.5
0 0.7640625 0.409375 0.14453125 0.17890625
1 0.65 0.5171875 0.065625 0.12109375
1 0.61640625 0.4390625 0.0515625 0.06875
1 0.65703125 0.4125 0.0453125 0.0640625
1 0.60390625 0.390625 0.0421875 0.03671875
1 0.5953125 0.36796875 0.0328125 0.0359375
2 0.5875 0.33984375 0.03359375 0.03984375
3 0.6328125 0.35078125 0.01875 0.0375
1 0.5859375 0.2796875 0.01953125 0.02890625
1 0.1515625 0.53828125 0.11875 0.11171875
1 0.453125 0.409375 0.05 0.05390625
3 0.4015625 0.36015625 0.01484375 0.03515625
1 0.36328125 0.346875 0.040625 0.0328125
1 0.39609375 0.32109375 0.02578125 0.03125
3 0.49609375 0.321875 0.01484375 0.02265625
3 0.4625 0.30703125 0.0140625 0.02421875
3 0.4296875 0.3171875 0.0125 0.0265625
3 0.6125 0.2796875 0.0125 0.028125