1 0.1328125 0.525 0.1546875 0.18359375
1 0.3734375 0.75390625 0.16015625 0.2484375
1 0.83984375 0.47734375 0.1203125 0.19140625
1 0.36484375 0.33671875 0.06484375 0.0703125
1 0.39375 0.32109375 0.05078125 0.075
1 0.48125 0.26015625 0.021875 0.0296875
5 0.5 0.259375 0.0390625 0.071875
4 0.45625 0.253125 0.0390625 0.05
0 0.47890625 0.28515625 0.05703125 0.1
2 0.59453125 0.2921875 0.02578125 0.06796875
4 0.63125 0.26328125 0.0234375 0.0296875
0 0.3671875 0.46328125 0.14375 0.2765625
3 0.24921875 0.68046875 0.05546875 0.15859375
3 0.26484375 0.5515625 0.05546875 0.1296875
3 0.5859375 0.2421875 0.00703125 0.028125