1 0.41796875 0.5296875 0.07265625 0.10703125
1 0.4390625 0.371875 0.05703125 0.06015625
1 0.36171875 0.33828125 0.04140625 0.03984375
1 0.20703125 0.4765625 0.10234375 0.1203125
1 0.09765625 0.8765625 0.1703125 0.15
1 0.83046875 0.45390625 0.0796875 0.08515625
4 0.5734375 0.30703125 0.0296875 0.053125
3 0.471875 0.44921875 0.02890625 0.0546875
3 0.3921875 0.75078125 0.06875 0.1453125
3 0.34765625 0.40390625 0.04765625 0.06796875
3 0.69375 0.4359375 0.04453125 0.08203125
3 0.6046875 0.3296875 0.02421875 0.053125
3 0.5125 0.2828125 0.01640625 0.04140625
3 0.509375 0.30859375 0.0359375 0.03984375
0 0.8140625 0.6875 0.30703125 0.471875