1 0.6734375 0.290625 0.0546875 0.0546875
1 0.8265625 0.440625 0.0734375 0.10859375
1 0.89375 0.50078125 0.1078125 0.10859375
1 0.74921875 0.57890625 0.15 0.19140625
1 0.36328125 0.34296875 0.046875 0.0765625
1 0.3828125 0.2984375 0.03984375 0.0796875
1 0.46171875 0.33203125 0.04375 0.0796875
1 0.49140625 0.30546875 0.03984375 0.06796875
1 0.49921875 0.28203125 0.03359375 0.053125
3 0.31953125 0.37890625 0.07890625 0.09140625
3 0.6109375 0.29765625 0.01640625 0.0453125
3 0.59921875 0.24765625 0.0125 0.03828125
1 0.4703125 0.26171875 0.021875 0.046875