3 0.43046875 0.42265625 0.0265625 0.075
3 0.73046875 0.403125 0.02578125 0.0703125
3 0.9359375 0.62421875 0.05234375 0.11171875
3 0.9890625 0.65703125 0.02109375 0.15
3 0.675 0.3546875 0.03125 0.06015625
3 0.6265625 0.30859375 0.0125 0.05
3 0.55859375 0.3171875 0.0234375 0.0484375
3 0.5140625 0.2859375 0.0203125 0.028125
2 0.1703125 0.56640625 0.21796875 0.15
2 0.41640625 0.37890625 0.06796875 0.075
1 0.3578125 0.3609375 0.0625 0.06796875
1 0.36953125 0.3375 0.03203125 0.03515625
1 0.39296875 0.31484375 0.03671875 0.06015625
1 0.48671875 0.296875 0.0359375 0.03359375
1 0.58359375 0.3453125 0.0296875 0.06015625
1 0.59765625 0.39453125 0.05859375 0.0546875
1 0.6203125 0.4515625 0.05859375 0.0734375
1 0.6390625 0.525 0.07265625 0.096875
1 0.65703125 0.646875 0.09375 0.16640625
1 0.7625 0.6484375 0.11875 0.16640625
1 0.775 0.8328125 0.17578125 0.28515625
2 0.89375 0.69296875 0.16796875 0.26015625
1 0.77421875 0.5515625 0.103125 0.13671875
1 0.8703125 0.49453125 0.1125 0.14140625
1 0.70546875 0.41171875 0.06328125 0.08984375
4 0.6859375 0.46171875 0.07578125 0.103125
4 0.64453125 0.35703125 0.04375 0.0703125
4 0.61484375 0.31640625 0.0421875 0.06015625
1 0.5703125 0.265625 0.01796875 0.028125
1 0.6046875 0.25859375 0.01875 0.0265625