1 0.66953125 0.5515625 0.084375 0.13671875
1 0.5953125 0.39140625 0.04140625 0.08671875
1 0.6109375 0.33046875 0.03671875 0.0484375
1 0.440625 0.40078125 0.03671875 0.06484375
1 0.4375 0.3234375 0.03203125 0.0296875
1 0.3484375 0.35703125 0.02578125 0.03359375
1 0.36953125 0.34296875 0.03203125 0.04296875
1 0.48828125 0.26640625 0.0109375 0.0234375
1 0.45546875 0.28671875 0.0234375 0.01328125
3 0.3328125 0.496875 0.046875 0.0703125
3 0.3484375 0.421875 0.02421875 0.06015625
3 0.73359375 0.41484375 0.02109375 0.06640625
3 0.87890625 0.49140625 0.0375 0.0765625
3 0.58359375 0.2890625 0.01875 0.0453125