1 0.2765625 0.48046875 0.0953125 0.121875
1 0.35078125 0.54765625 0.0921875 0.125
1 0.42734375 0.61171875 0.08984375 0.1734375
1 0.64296875 0.56171875 0.11328125 0.1796875
1 0.7734375 0.57578125 0.15234375 0.175
1 0.78671875 0.4171875 0.07890625 0.1046875
1 0.88671875 0.48046875 0.103125 0.16796875
1 0.9203125 0.70390625 0.159375 0.2953125
1 0.7203125 0.771875 0.27890625 0.31640625
1 0.62578125 0.3015625 0.0390625 0.05703125
1 0.66015625 0.28359375 0.0453125 0.0734375
1 0.57734375 0.25546875 0.03125 0.0484375
1 0.4 0.32578125 0.053125 0.071875
1 0.365625 0.334375 0.04765625 0.0546875
3 0.3328125 0.38359375 0.03671875 0.0734375
3 0.4546875 0.33671875 0.046875 0.06015625
3 0.65625 0.3859375 0.07578125 0.0953125
3 0.59375 0.253125 0.02421875 0.03671875