3 0.87734375 0.49375 0.0328125 0.07265625
3 0.4453125 0.32421875 0.01875 0.0265625
1 0.14453125 0.5421875 0.115625 0.09609375
1 0.3984375 0.49921875 0.0703125 0.09453125
1 0.46640625 0.42890625 0.04765625 0.06328125
1 0.4953125 0.35390625 0.03125 0.05
1 0.50859375 0.30546875 0.025 0.0359375
1 0.8453125 0.4671875 0.07890625 0.08046875
1 0.31328125 0.38984375 0.0609375 0.0515625
1 0.2875 0.42265625 0.0703125 0.07890625
1 0.36875 0.34609375 0.040625 0.05390625
2 0.6171875 0.33359375 0.0421875 0.07265625
4 0.6546875 0.41015625 0.075 0.096875
3 0.42578125 0.3046875 0.0140625 0.01953125
2 0.49921875 0.2640625 0.01484375 0.02890625
2 0.21328125 0.46796875 0.08828125 0.1171875
2 0.2625 0.52265625 0.0109375 0.00546875