1 0.3640625 0.3375 0.04375 0.0546875
1 0.390625 0.30390625 0.0375 0.06484375
1 0.50859375 0.2546875 0.02421875 0.04296875
1 0.4578125 0.26796875 0.0265625 0.0296875
1 0.63671875 0.34140625 0.0453125 0.0796875
1 0.66484375 0.2890625 0.03125 0.0515625
1 0.65859375 0.46328125 0.0609375 0.11015625
1 0.7140625 0.50390625 0.08203125 0.1453125
1 0.8765625 0.48515625 0.09453125 0.10703125
1 0.62578125 0.52578125 0.07265625 0.1015625
1 0.653125 0.64453125 0.1421875 0.19140625
1 0.7421875 0.83359375 0.24609375 0.30703125
1 0.83125 0.73515625 0.18984375 0.25703125
1 0.9375 0.9140625 0.125 0.171875
0 0.92578125 0.68203125 0.1484375 0.44140625
3 0.590625 0.609375 0.04765625 0.1484375
3 0.603125 0.465625 0.034375 0.08828125
3 0.60859375 0.275 0.0125 0.03671875
3 0.58203125 0.27890625 0.01875 0.03828125
3 0.49375 0.36640625 0.03359375 0.06015625
3 0.34375 0.378125 0.0375 0.06640625
3 0.41484375 0.315625 0.021875 0.05859375