1 0.82890625 0.43984375 0.0875 0.11015625
1 0.8921875 0.503125 0.115625 0.16015625
1 0.6359375 0.43203125 0.0875 0.13984375
1 0.36328125 0.340625 0.0359375 0.071875
1 0.4 0.3296875 0.0359375 0.0734375
1 0.2015625 0.49609375 0.1078125 0.0984375
1 0.66875 0.2984375 0.03671875 0.06015625
1 0.60703125 0.2796875 0.03125 0.06015625
3 0.5875 0.253125 0.0125 0.05
3 0.34765625 0.4015625 0.05 0.0734375
3 0.3046875 0.40703125 0.02890625 0.05703125
2 0.46953125 0.2734375 0.0203125 0.03359375
4 0.4578125 0.25390625 0.02578125 0.028125