3 0.315625 0.6546875 0.08671875 0.21015625
3 0.4453125 0.36015625 0.028125 0.06015625
3 0.4484375 0.32890625 0.021875 0.0484375
3 0.4703125 0.29453125 0.015625 0.04140625
3 0.4984375 0.26796875 0.01484375 0.01640625
3 0.340625 0.4078125 0.06328125 0.078125
1 0.21796875 0.471875 0.109375 0.14296875
3 0.3046875 0.40703125 0.0421875 0.096875
1 0.36953125 0.36484375 0.04765625 0.10703125
1 0.390625 0.3171875 0.04765625 0.08203125
4 0.465625 0.2734375 0.0296875 0.046875
0 0.50546875 0.25390625 0.03203125 0.0546875
1 0.73828125 0.47890625 0.1046875 0.15859375
1 0.83828125 0.465625 0.1015625 0.16171875
1 0.66875 0.3 0.02890625 0.05703125
3 0.6234375 0.4125 0.03203125 0.09140625
3 0.5875 0.39296875 0.0265625 0.06640625
3 0.59140625 0.31015625 0.02109375 0.03984375
3 0.59921875 0.275 0.01640625 0.0296875
3 0.60078125 0.2625 0.0125 0.028125
3 0.58515625 0.27890625 0.01875 0.021875
3 0.5796875 0.25546875 0.02421875 0.03203125
3 0.56796875 0.26328125 0.01875 0.0296875
3 0.96328125 0.88671875 0.0734375 0.196875
4 0.61484375 0.3125 0.046875 0.0984375
0 0.64609375 0.30859375 0.0578125 0.11015625
1 0.5875 0.26328125 0.02109375 0.03359375