3 0.6390625 0.4375 0.028125 0.1015625
3 0.6796875 0.4453125 0.046875 0.11640625
3 0.6 0.37109375 0.03203125 0.06171875
3 0.6453125 0.31640625 0.0265625 0.046875
3 0.609375 0.27890625 0.0203125 0.025
3 0.596875 0.25859375 0.01484375 0.0265625
3 0.34296875 0.39609375 0.04765625 0.075
1 0.22578125 0.50390625 0.15546875 0.1515625
1 0.82734375 0.446875 0.06640625 0.13359375
1 0.9 0.5125 0.11640625 0.1484375
3 0.94375 0.91875 0.109375 0.1625
1 0.57421875 0.28046875 0.0296875 0.0453125
1 0.36953125 0.346875 0.04921875 0.0734375
1 0.39140625 0.31484375 0.046875 0.06328125
4 0.4625 0.26328125 0.03984375 0.05
1 0.66484375 0.296875 0.04453125 0.06640625