1 0.16484375 0.5203125 0.1765625 0.1796875
1 0.33125 0.384375 0.078125 0.0953125
1 0.38984375 0.3203125 0.0453125 0.05703125
1 0.47578125 0.3046875 0.02890625 0.05
1 0.509375 0.28984375 0.02890625 0.053125
1 0.57265625 0.26015625 0.01796875 0.0296875
3 0.59140625 0.28984375 0.0203125 0.04296875
3 0.5921875 0.3 0.028125 0.03984375
4 0.73984375 0.36640625 0.06796875 0.08984375
1 0.83828125 0.4859375 0.10546875 0.1515625
1 0.453125 0.27734375 0.0296875 0.04140625
1 0.66796875 0.2953125 0.034375 0.05
1 0.6484375 0.2984375 0.02421875 0.03671875
1 0.634375 0.265625 0.02109375 0.028125