3 0.8421875 0.5671875 0.05546875 0.078125
2 0.14765625 0.528125 0.115625 0.11640625
1 0.36640625 0.35390625 0.04375 0.03203125
1 0.39609375 0.32265625 0.03359375 0.03515625
1 0.5890625 0.37421875 0.03359375 0.06171875
1 0.64140625 0.384375 0.0390625 0.06796875
1 0.71640625 0.4421875 0.0453125 0.10859375
1 0.6515625 0.5140625 0.0796875 0.11796875
1 0.828125 0.45 0.053125 0.06640625
1 0.82109375 0.8140625 0.16484375 0.28515625
1 0.92109375 0.75234375 0.1578125 0.25859375
0 0.5890625 0.2890625 0.02890625 0.06484375
0 0.45703125 0.28515625 0.05078125 0.096875
1 0.56796875 0.27421875 0.0234375 0.06171875
1 0.6359375 0.2640625 0.021875 0.03515625