1 0.69921875 0.6484375 0.1078125 0.1796875
1 0.83125 0.453125 0.08125 0.08359375
1 0.4625 0.3953125 0.03984375 0.06640625
1 0.14765625 0.5359375 0.11328125 0.11171875
1 0.2171875 0.48046875 0.0765625 0.071875
1 0.3671875 0.3453125 0.03984375 0.03984375
1 0.39453125 0.321875 0.03359375 0.03671875
1 0.49296875 0.32578125 0.03203125 0.05859375
0 0.175 0.79375 0.35 0.4125
1 0.6625 0.2953125 0.02578125 0.03671875
3 0.41171875 0.48671875 0.02890625 0.09296875
3 0.415625 0.3609375 0.01796875 0.0453125
3 0.6234375 0.3078125 0.01640625 0.03203125
4 0.7515625 0.378125 0.0453125 0.0703125
3 0.3046875 0.4109375 0.02421875 0.0453125