1 0.246875 0.7 0.14375 0.1859375
1 0.8375 0.46328125 0.0859375 0.10546875
1 0.29765625 0.4078125 0.0703125 0.07734375
1 0.31875 0.39140625 0.05546875 0.0453125
1 0.3546875 0.36171875 0.04140625 0.046875
1 0.37421875 0.3453125 0.03125 0.0296875
1 0.4375 0.296875 0.01953125 0.02578125
1 0.46796875 0.353125 0.0390625 0.03828125
1 0.503125 0.325 0.03515625 0.03984375
3 0.31484375 0.5453125 0.04765625 0.084375
3 0.871875 0.48515625 0.0171875 0.04921875
3 0.50234375 0.29609375 0.0125 0.02421875
3 0.4734375 0.28984375 0.00703125 0.02578125