3 0.33984375 0.3953125 0.04140625 0.06328125
3 0.3078125 0.41328125 0.0296875 0.053125
3 0.428125 0.3453125 0.021875 0.0703125
3 0.45234375 0.3421875 0.01875 0.06796875
3 0.4703125 0.33828125 0.01796875 0.08359375
3 0.471875 0.290625 0.01875 0.0484375
3 0.509375 0.27265625 0.01796875 0.03828125
3 0.60078125 0.30078125 0.03203125 0.06171875
2 0.44375 0.5125 0.109375 0.178125
1 0.34765625 0.765625 0.25 0.2953125
1 0.471875 0.42890625 0.08984375 0.14140625
1 0.36953125 0.34609375 0.046875 0.071875
1 0.38984375 0.3171875 0.03671875 0.06171875
1 0.825 0.434375 0.1125 0.11484375
1 0.884375 0.5046875 0.13046875 0.146875
1 0.66796875 0.29609375 0.04375 0.0515625
4 0.50234375 0.315625 0.0359375 0.06484375
4 0.4734375 0.2703125 0.03671875 0.046875