3 0.77578125 0.50078125 0.04375 0.1453125
3 0.615625 0.30078125 0.02109375 0.0515625
3 0.5890625 0.26796875 0.00859375 0.03359375
3 0.48515625 0.38203125 0.02890625 0.0734375
1 0.15546875 0.528125 0.1671875 0.1796875
1 0.4390625 0.4734375 0.1234375 0.1234375
1 0.828125 0.4375 0.13125 0.15859375
4 0.63125 0.3484375 0.06796875 0.08984375
4 0.46953125 0.271875 0.03125 0.053125
4 0.63359375 0.259375 0.04375 0.04140625
1 0.465625 0.34921875 0.06875 0.08828125
1 0.36875 0.34609375 0.05234375 0.075
1 0.3984375 0.31953125 0.0578125 0.06796875
1 0.51015625 0.253125 0.01875 0.03671875