3 0.309375 0.79140625 0.1078125 0.2265625
4 0.22109375 0.4734375 0.08203125 0.103125
3 0.44140625 0.434375 0.03359375 0.075
1 0.48515625 0.40546875 0.05859375 0.09140625
3 0.50703125 0.31953125 0.03984375 0.0453125
1 0.49375 0.29453125 0.03125 0.03203125
3 0.58984375 0.353125 0.04375 0.05
1 0.64140625 0.47890625 0.1 0.14140625
4 0.7046875 0.4578125 0.06015625 0.1015625
1 0.8875 0.50390625 0.1671875 0.228125
1 0.57421875 0.2828125 0.02109375 0.03828125
1 0.3671875 0.35 0.065625 0.046875
1 0.41953125 0.31328125 0.0796875 0.04296875
3 0.46171875 0.2953125 0.01484375 0.03359375