4 0.4359375 0.3109375 0.046875 0.0515625
4 0.459375 0.26015625 0.02421875 0.0734375
1 0.1546875 0.5390625 0.19609375 0.171875
1 0.09375 0.63671875 0.1875 0.1828125
1 0.3578125 0.58671875 0.203125 0.18984375
1 0.325 0.38984375 0.08984375 0.08984375
1 0.35859375 0.34296875 0.08125 0.09296875
1 0.38046875 0.31015625 0.0734375 0.096875
1 0.50078125 0.28671875 0.01796875 0.046875
4 0.51171875 0.290625 0.04453125 0.06171875
3 0.63828125 0.446875 0.06015625 0.153125
3 0.80546875 0.5859375 0.1046875 0.16484375
3 0.86328125 0.765625 0.14140625 0.25859375
3 0.28515625 0.37421875 0.09453125 0.13203125
3 0.6359375 0.31015625 0.04140625 0.0734375
3 0.57578125 0.265625 0.03125 0.0546875
1 0.85859375 0.4671875 0.1734375 0.16484375
1 0.66875 0.3015625 0.0421875 0.1
1 0.63984375 0.26484375 0.03671875 0.06015625