1 0.8328125 0.45 0.07578125 0.0796875
1 0.665625 0.2921875 0.01875 0.03203125
1 0.471875 0.33828125 0.02890625 0.04296875
1 0.50625 0.32578125 0.03359375 0.0484375
1 0.3671875 0.34296875 0.04375 0.03984375
1 0.3265625 0.38828125 0.05859375 0.046875
1 0.14921875 0.5359375 0.12578125 0.11484375
3 0.3734375 0.6140625 0.03359375 0.0984375
3 0.36796875 0.5453125 0.0265625 0.0765625
3 0.45234375 0.56328125 0.03984375 0.10703125
3 0.25703125 0.740625 0.0578125 0.13203125
3 0.08359375 0.8265625 0.07578125 0.15703125
3 0.38671875 0.4328125 0.02578125 0.06796875
3 0.44296875 0.40390625 0.02578125 0.06171875