2 0.40078125 0.63359375 0.1125 0.18984375
1 0.459375 0.4515625 0.04921875 0.0734375
1 0.39921875 0.32109375 0.0265625 0.03828125
1 0.46953125 0.34296875 0.02578125 0.05
1 0.465625 0.303125 0.0109375 0.01640625
1 0.50234375 0.328125 0.02421875 0.03359375
1 0.490625 0.30234375 0.0203125 0.03515625
1 0.58515625 0.28359375 0.02421875 0.01328125
1 0.58046875 0.26328125 0.00859375 0.0265625
3 0.7046875 0.52578125 0.04765625 0.0953125
3 0.87890625 0.50078125 0.04453125 0.0515625
3 0.59453125 0.30390625 0.01640625 0.021875
3 0.56953125 0.2875 0.01328125 0.01796875
3 0.415625 0.3890625 0.01640625 0.03828125
3 0.35078125 0.52421875 0.03203125 0.06171875
1 0.309375 0.39765625 0.0359375 0.06171875
1 0.34453125 0.36171875 0.03671875 0.03984375
1 0.36171875 0.34921875 0.0359375 0.0515625