1 0.40703125 0.65859375 0.13125 0.18984375
1 0.803125 0.85546875 0.246875 0.28828125
1 0.9359375 0.8484375 0.128125 0.303125
1 0.49296875 0.3890625 0.05703125 0.078125
1 0.490625 0.33984375 0.05234375 0.03671875
1 0.4703125 0.328125 0.0578125 0.03359375
4 0.41171875 0.3234375 0.0421875 0.05703125
1 0.35625 0.3453125 0.06875 0.05703125
1 0.8828125 0.52578125 0.14765625 0.1984375
3 0.33359375 0.9390625 0.09765625 0.121875
2 0.62265625 0.34453125 0.046875 0.08828125
3 0.575 0.2828125 0.0109375 0.03203125
3 0.653125 0.3125 0.01328125 0.05859375
3 0.5890625 0.28046875 0.0078125 0.04140625