3 0.315625 0.62109375 0.06640625 0.10859375
3 0.334375 0.48515625 0.05078125 0.096875
3 0.87734375 0.496875 0.0578125 0.0796875
1 0.4765625 0.40703125 0.04140625 0.0734375
1 0.35078125 0.3609375 0.034375 0.0484375
1 0.36796875 0.334375 0.0265625 0.0484375
1 0.3109375 0.3921875 0.05 0.06171875
1 0.40625 0.3234375 0.02421875 0.03671875
1 0.48125 0.3515625 0.0265625 0.04296875
1 0.48359375 0.2890625 0.01875 0.028125
1 0.7234375 0.4140625 0.0703125 0.08203125
1 0.76015625 0.63671875 0.1390625 0.21328125
4 0.57890625 0.26328125 0.01640625 0.03671875