0 0.5953125 0.2765625 0.0265625 0.05703125
5 0.5765625 0.2984375 0.03203125 0.08671875
4 0.58515625 0.240625 0.0203125 0.025
4 0.62890625 0.2609375 0.0234375 0.03203125
4 0.4640625 0.275 0.02421875 0.046875
1 0.48125 0.26171875 0.0234375 0.03359375
1 0.5015625 0.2875 0.0265625 0.03515625
1 0.39609375 0.32421875 0.04375 0.06484375
1 0.3609375 0.340625 0.065625 0.078125
1 0.78046875 0.8921875 0.21796875 0.21484375
1 0.93984375 0.8359375 0.1203125 0.328125
1 0.865625 0.50546875 0.14765625 0.228125
1 0.75546875 0.3984375 0.0875 0.1296875
1 0.59921875 0.39609375 0.05 0.121875
3 0.43671875 0.3546875 0.03125 0.0703125
3 0.4453125 0.3140625 0.034375 0.075
3 0.4828125 0.28359375 0.0203125 0.06015625
3 0.59765625 0.3046875 0.0296875 0.05703125
3 0.621875 0.31953125 0.01796875 0.06171875
3 0.6375 0.3359375 0.01796875 0.05859375
3 0.7734375 0.67109375 0.10546875 0.23515625
1 0.06484375 0.6703125 0.12890625 0.25