3 0.75546875 0.60078125 0.09765625 0.16171875
3 0.61640625 0.3453125 0.0296875 0.06015625
3 0.603125 0.3328125 0.02421875 0.0515625
3 0.58359375 0.28515625 0.015625 0.03984375
3 0.59375 0.2734375 0.015625 0.04296875
3 0.57265625 0.2671875 0.021875 0.03828125
3 0.57109375 0.25078125 0.01640625 0.01484375
3 0.596875 0.25546875 0.02578125 0.028125
3 0.32890625 0.39921875 0.04140625 0.06796875
3 0.30390625 0.40078125 0.028125 0.0515625
1 0.82578125 0.4703125 0.13671875 0.15703125
1 0.6765625 0.29765625 0.03671875 0.06484375
1 0.6375 0.271875 0.0375 0.04296875
1 0.4796875 0.26484375 0.0296875 0.04296875
1 0.39609375 0.32265625 0.05703125 0.06484375
1 0.371875 0.35390625 0.04765625 0.06484375
1 0.3328125 0.38671875 0.06640625 0.053125
1 0.1609375 0.528125 0.1421875 0.1203125
4 0.46796875 0.2703125 0.01875 0.05