2 0.45 0.5140625 0.071875 0.10703125
1 0.38671875 0.67734375 0.12890625 0.1578125
1 0.3390625 0.553125 0.0859375 0.11953125
1 0.40859375 0.41875 0.06171875 0.0703125
1 0.83046875 0.45390625 0.07890625 0.1
1 0.621875 0.3640625 0.0546875 0.0671875
1 0.31484375 0.39765625 0.05546875 0.06015625
1 0.35078125 0.3640625 0.02890625 0.03984375
1 0.371875 0.34140625 0.0328125 0.04921875
1 0.50234375 0.32109375 0.03828125 0.0453125
1 0.58125 0.2578125 0.01796875 0.028125
3 0.6703125 0.4484375 0.0546875 0.0890625
3 0.8796875 0.49375 0.05 0.0859375