3 0.65 0.565625 0.0609375 0.1453125
3 0.76328125 0.5875 0.0546875 0.1515625
3 0.66484375 0.3953125 0.0375 0.06328125
3 0.646875 0.3328125 0.0421875 0.0546875
3 0.60625 0.33046875 0.021875 0.06171875
3 0.596875 0.31015625 0.01796875 0.05
3 0.596875 0.28046875 0.0125 0.03203125
3 0.5734375 0.28984375 0.0125 0.03671875
3 0.565625 0.27421875 0.01640625 0.025
3 0.584375 0.27265625 0.01640625 0.03515625
3 0.575 0.26328125 0.00859375 0.0296875
3 0.578125 0.246875 0.01640625 0.0203125
3 0.59921875 0.2609375 0.015625 0.03828125
3 0.46953125 0.29609375 0.015625 0.0453125
3 0.34921875 0.39453125 0.04921875 0.078125
3 0.29609375 0.4015625 0.03984375 0.0703125
1 0.4234375 0.5765625 0.15 0.2203125
1 0.22109375 0.4984375 0.12421875 0.14296875
1 0.81171875 0.4328125 0.08203125 0.1015625
1 0.8890625 0.50234375 0.0921875 0.14140625
1 0.6703125 0.2953125 0.04921875 0.053125
1 0.625 0.2515625 0.02890625 0.03671875
1 0.51015625 0.3125 0.0453125 0.0484375
1 0.3625 0.33828125 0.053125 0.06328125
1 0.390625 0.315625 0.0390625 0.0546875
4 0.4640625 0.265625 0.03359375 0.04140625
4 0.86640625 0.5515625 0.11796875 0.21640625
2 0.49921875 0.28671875 0.03359375 0.06328125
1 0.078125 0.88984375 0.15625 0.2203125
0 0.43671875 0.33515625 0.08359375 0.18671875