1 0.83046875 0.44921875 0.07421875 0.078125
1 0.6640625 0.28984375 0.0265625 0.0296875
1 0.571875 0.27890625 0.0203125 0.03203125
4 0.5921875 0.27421875 0.02109375 0.03515625
3 0.60703125 0.3109375 0.01796875 0.03515625
3 0.68359375 0.3984375 0.01875 0.05703125
3 0.959375 0.65 0.0609375 0.103125
3 0.421875 0.375 0.03125 0.053125
1 0.48359375 0.3484375 0.03203125 0.05
1 0.328125 0.384375 0.0625 0.0484375
1 0.3671875 0.3390625 0.0375 0.03515625
1 0.39765625 0.321875 0.03671875 0.03359375
1 0.44765625 0.32890625 0.03203125 0.0484375
1 0.14609375 0.5328125 0.11484375 0.1046875
1 0.375 0.7609375 0.128125 0.21796875
0 0.146875 0.75390625 0.29375 0.49140625