2 0.22109375 0.47109375 0.0890625 0.08828125
1 0.28046875 0.41953125 0.07265625 0.06796875
1 0.3078125 0.3875 0.0703125 0.0453125
1 0.35234375 0.35859375 0.03359375 0.04296875
1 0.37109375 0.34140625 0.02890625 0.03359375
1 0.4515625 0.3671875 0.03984375 0.03828125
1 0.503125 0.33359375 0.03671875 0.03984375
1 0.4 0.3890625 0.04765625 0.0484375
3 0.47109375 0.45234375 0.04765625 0.06484375
1 0.5078125 0.2953125 0.01875 0.0203125
1 0.446875 0.2890625 0.03125 0.028125
1 0.8375 0.459375 0.0734375 0.1015625
3 0.60625 0.32890625 0.01796875 0.0484375
3 0.45625 0.390625 0.03671875 0.078125
3 0.590625 0.27890625 0.0359375 0.03828125