3 0.40859375 0.51953125 0.04375 0.08828125
1 0.1515625 0.5796875 0.08203125 0.11015625
1 0.30703125 0.39453125 0.053125 0.0515625
1 0.340625 0.36328125 0.0390625 0.03359375
1 0.36484375 0.34453125 0.0375 0.0453125
1 0.40078125 0.31640625 0.02578125 0.046875
1 0.50859375 0.29765625 0.0375 0.04140625
0 0.45625 0.30546875 0.0375 0.08828125
3 0.8671875 0.49296875 0.04921875 0.0703125
3 0.45859375 0.3640625 0.0125 0.0546875
3 0.4890625 0.32421875 0.015625 0.03828125
0 0.4984375 0.25 0.028125 0.04296875
1 0.5796875 0.253125 0.0109375 0.0265625