1 0.4015625 0.69296875 0.12421875 0.1796875
1 0.88203125 0.49609375 0.1515625 0.13203125
3 0.46171875 0.33828125 0.028125 0.046875
1 0.49375 0.3328125 0.0359375 0.071875
0 0.58515625 0.26015625 0.0265625 0.05703125
1 0.365625 0.34296875 0.04765625 0.046875
4 0.4171875 0.32109375 0.053125 0.03828125
3 0.2578125 0.57578125 0.05234375 0.11796875
3 0.2296875 0.70703125 0.1125 0.16015625
3 0.32578125 0.45234375 0.04453125 0.1046875
3 0.46875 0.30390625 0.01484375 0.04140625
1 0.50859375 0.26484375 0.01640625 0.0265625