1 0.11796875 0.61015625 0.20703125 0.1234375
1 0.86796875 0.49296875 0.09453125 0.09296875
2 0.7375 0.375 0.04921875 0.0734375
3 0.19921875 0.90546875 0.0796875 0.14140625
3 0.30625 0.5828125 0.0453125 0.0953125
3 0.3671875 0.590625 0.03984375 0.0953125
3 0.40234375 0.5171875 0.03125 0.078125
3 0.37734375 0.48671875 0.0265625 0.0703125
3 0.4203125 0.39453125 0.021875 0.05859375
3 0.5 0.41953125 0.0234375 0.06796875
3 0.4765625 0.3484375 0.01484375 0.046875
1 0.35078125 0.36328125 0.03671875 0.046875
1 0.33984375 0.4609375 0.07890625 0.078125
1 0.3703125 0.3421875 0.03359375 0.03515625
1 0.39609375 0.3265625 0.034375 0.03359375
1 0.5078125 0.31171875 0.0296875 0.03984375
4 0.21875 0.46640625 0.07265625 0.08359375