3 0.93203125 0.72890625 0.059375 0.17578125
3 0.88046875 0.4953125 0.03203125 0.0625
3 0.63046875 0.34296875 0.01953125 0.03828125
3 0.57421875 0.2734375 0.00625 0.02265625
0 0.47265625 0.29921875 0.04140625 0.07421875
1 0.50078125 0.34453125 0.0375 0.071875
1 0.8359375 0.46171875 0.07421875 0.0890625
1 0.6 0.38046875 0.040625 0.06015625
1 0.596875 0.325 0.03828125 0.0421875
1 0.28203125 0.41796875 0.04765625 0.065625
1 0.31015625 0.3953125 0.0546875 0.06328125
1 0.3546875 0.359375 0.0359375 0.04453125
1 0.375 0.3453125 0.0328125 0.04375
1 0.3859375 0.62578125 0.11953125 0.18359375
2 0.2171875 0.47421875 0.1046875 0.12734375
2 0.64296875 0.43671875 0.05546875 0.1078125
2 0.45078125 0.3828125 0.04296875 0.06484375