3 0.175 0.85859375 0.065625 0.15
3 0.31328125 0.62265625 0.0390625 0.0953125
3 0.4375 0.3890625 0.01875 0.0546875
3 0.40625 0.38828125 0.01875 0.03671875
3 0.4859375 0.34453125 0.0203125 0.0515625
3 0.7015625 0.51015625 0.0375 0.11328125
3 0.8609375 0.7109375 0.07578125 0.1984375
1 0.609375 0.29765625 0.015625 0.03828125
1 0.5703125 0.296875 0.0234375 0.03671875
1 0.3140625 0.38671875 0.05 0.0703125
1 0.35390625 0.3609375 0.03671875 0.05859375
1 0.39609375 0.3203125 0.0265625 0.06328125
3 0.41953125 0.3453125 0.01640625 0.05703125