1 0.45234375 0.35703125 0.02890625 0.03671875
1 0.50078125 0.33828125 0.01875 0.0296875
1 0.4890625 0.29921875 0.03125 0.03828125
1 0.6078125 0.3109375 0.01640625 0.025
1 0.35 0.3578125 0.021875 0.03203125
1 0.375 0.33828125 0.0234375 0.03984375
3 0.28671875 0.49765625 0.02578125 0.06484375
3 0.37109375 0.41015625 0.01796875 0.04296875
3 0.3578125 0.384375 0.01640625 0.04140625
3 0.4890625 0.3828125 0.0125 0.04140625
3 0.57890625 0.3296875 0.01484375 0.03359375
3 0.87734375 0.49765625 0.0421875 0.06796875
1 0.61484375 0.3953125 0.046875 0.06640625
4 0.81328125 0.7140625 0.1546875 0.221875