1 0.834375 0.45859375 0.096875 0.14296875
1 0.11484375 0.53046875 0.2 0.13203125
1 0.26171875 0.50390625 0.0859375 0.121875
1 0.3640625 0.3546875 0.05 0.08671875
1 0.38984375 0.315625 0.05 0.1046875
1 0.50234375 0.33203125 0.053125 0.06640625
1 0.3546875 0.50703125 0.07578125 0.11640625
1 0.6640625 0.290625 0.0265625 0.0484375
4 0.753125 0.3765625 0.0625 0.096875
1 0.6359375 0.27265625 0.02421875 0.03828125
1 0.57421875 0.2484375 0.0359375 0.03671875
3 0.48359375 0.39609375 0.0390625 0.08203125
3 0.46328125 0.66015625 0.0859375 0.15
3 0.334375 0.68984375 0.1015625 0.18359375
3 0.2015625 0.7234375 0.11796875 0.16015625
3 0.4796875 0.29765625 0.02421875 0.0546875
3 0.60859375 0.31171875 0.0234375 0.06328125