3 0.38984375 0.49765625 0.0859375 0.13828125
3 0.62734375 0.42109375 0.0578125 0.11484375
4 0.8640625 0.64921875 0.22890625 0.23828125
1 0.83046875 0.43671875 0.08359375 0.1
1 0.8921875 0.4765625 0.1203125 0.1203125
3 0.60078125 0.3046875 0.0421875 0.03671875
1 0.57890625 0.26796875 0.0296875 0.03984375
1 0.36953125 0.33984375 0.0625 0.0796875
1 0.39453125 0.3078125 0.04921875 0.05859375
1 0.46796875 0.2734375 0.0421875 0.03984375
3 0.4953125 0.2765625 0.034375 0.03984375
3 0.34140625 0.39453125 0.084375 0.0515625
1 0.66484375 0.28671875 0.06875 0.06640625