1 0.3390625 0.665625 0.1046875 0.16171875
1 0.43359375 0.4265625 0.03984375 0.06015625
1 0.3125 0.3984375 0.046875 0.03671875
1 0.3515625 0.35703125 0.03125 0.0203125
1 0.3671875 0.33828125 0.015625 0.03359375
1 0.39921875 0.321875 0.021875 0.0265625
1 0.453125 0.28828125 0.01640625 0.01640625
2 0.4828125 0.365625 0.046875 0.0515625
3 0.63828125 0.390625 0.03359375 0.06171875
3 0.36171875 0.47734375 0.04375 0.05859375
3 0.47890625 0.3046875 0.02578125 0.03984375
3 0.490625 0.27734375 0.00859375 0.021875