1 0.2515625 0.67109375 0.215625 0.23203125
1 0.2015625 0.4828125 0.12578125 0.10859375
1 0.36484375 0.334375 0.03984375 0.0484375
1 0.39609375 0.32265625 0.04140625 0.05859375
1 0.8265625 0.4578125 0.078125 0.1046875
1 0.89375 0.51328125 0.1046875 0.13359375
1 0.6703125 0.2984375 0.0421875 0.05
2 0.421875 0.553125 0.08359375 0.21328125
0 0.47265625 0.35 0.08203125 0.11015625
4 0.4640625 0.27109375 0.0203125 0.04140625
3 0.61640625 0.29140625 0.01875 0.046875
3 0.58125 0.26171875 0.00703125 0.0265625
3 0.58359375 0.24140625 0.01640625 0.0265625
3 0.50625 0.253125 0.00859375 0.0203125
3 0.3359375 0.38671875 0.04453125 0.046875
3 0.30625 0.40703125 0.03203125 0.03671875