1 0.3703125 0.7015625 0.121875 0.20859375
1 0.49140625 0.3609375 0.040625 0.0609375
1 0.34765625 0.3640625 0.0328125 0.04375
1 0.36875 0.34453125 0.03359375 0.0546875
1 0.40234375 0.3265625 0.0296875 0.04609375
1 0.5046875 0.3140625 0.03046875 0.03984375
1 0.59453125 0.26953125 0.01796875 0.02421875
0 0.49453125 0.25703125 0.0390625 0.046875
2 0.42890625 0.37734375 0.05 0.06015625
3 0.3453125 0.49609375 0.040625 0.0671875
3 0.40078125 0.4796875 0.0359375 0.06875
3 0.74140625 0.484375 0.0453125 0.08046875
3 0.72578125 0.41328125 0.03125 0.0578125
3 0.875 0.4921875 0.03046875 0.0734375