1 0.6984375 0.4125 0.053125 0.08046875
1 0.3046875 0.39765625 0.05234375 0.046875
1 0.35234375 0.365625 0.03984375 0.04609375
1 0.37421875 0.34453125 0.040625 0.0515625
0 0.47109375 0.2875 0.05703125 0.10703125
1 0.575 0.26875 0.021875 0.02890625
3 0.884375 0.4953125 0.05078125 0.09609375
3 0.63671875 0.58125 0.04296875 0.12109375
3 0.65859375 0.49765625 0.0328125 0.08671875
3 0.659375 0.42734375 0.02578125 0.0671875
3 0.746875 0.415625 0.0359375 0.06328125
3 0.60859375 0.3640625 0.0328125 0.046875
3 0.621875 0.33359375 0.0265625 0.04296875
3 0.615625 0.29453125 0.0109375 0.01484375