3 0.653125 0.403125 0.0265625 0.08984375
3 0.6203125 0.3609375 0.01640625 0.05859375
3 0.6078125 0.33515625 0.01640625 0.053125
1 0.58203125 0.32109375 0.05 0.05859375
1 0.66171875 0.29765625 0.03984375 0.0515625
1 0.63046875 0.28984375 0.0265625 0.03671875
1 0.84140625 0.4609375 0.1015625 0.11484375
4 0.7640625 0.3734375 0.06640625 0.08671875
1 0.325 0.4 0.10546875 0.0734375
1 0.1265625 0.503125 0.1671875 0.1734375
1 0.38515625 0.31484375 0.046875 0.05703125
1 0.50390625 0.2703125 0.03125 0.0203125
1 0.5703125 0.24765625 0.0203125 0.03203125
1 0.45 0.28203125 0.02109375 0.046875