3 0.87890625 0.50390625 0.040625 0.0796875
3 0.5 0.34453125 0.0203125 0.04765625
3 0.42421875 0.3421875 0.015625 0.03984375
3 0.48359375 0.32890625 0.01484375 0.040625
3 0.4171875 0.37265625 0.02421875 0.05
3 0.26953125 0.5359375 0.0390625 0.0828125
2 0.45625 0.50625 0.065625 0.12109375
2 0.21484375 0.47109375 0.0859375 0.08828125
4 0.44765625 0.3765625 0.03984375 0.06875
1 0.28515625 0.41875 0.05546875 0.0625
1 0.31171875 0.3953125 0.0453125 0.0625
1 0.3734375 0.353125 0.034375 0.04453125
1 0.35078125 0.3703125 0.0375 0.046875
1 0.4765625 0.30390625 0.03125 0.0375
1 0.83828125 0.4671875 0.0859375 0.0921875
1 0.634375 0.271875 0.0203125 0.02890625