1 0.4078125 0.6609375 0.165625 0.1984375
1 0.3484375 0.39765625 0.07421875 0.1015625
4 0.4796875 0.4078125 0.06484375 0.0984375
1 0.49765625 0.303125 0.034375 0.05703125
1 0.39609375 0.33515625 0.04921875 0.0796875
1 0.36796875 0.334375 0.04453125 0.0484375
1 0.8171875 0.4359375 0.06640625 0.1015625
1 0.88359375 0.496875 0.1234375 0.1234375
1 0.66640625 0.29140625 0.0359375 0.06015625
1 0.5859375 0.26015625 0.0421875 0.03359375
1 0.515625 0.2578125 0.0203125 0.0453125
3 0.46484375 0.33046875 0.03359375 0.0453125
1 0.4609375 0.27109375 0.05859375 0.03828125
3 0.66796875 0.33984375 0.0390625 0.0703125
3 0.703125 0.3484375 0.03359375 0.096875
3 0.42265625 0.40859375 0.021875 0.0765625
3 0.39609375 0.8796875 0.08359375 0.23984375
3 0.49453125 0.26015625 0.0125 0.05
0 0.58125 0.225 0.03125 0.06328125