0 0.471875 0.3875 0.11796875 0.16796875
0 0.36796875 0.41015625 0.11328125 0.1703125
3 0.40390625 0.4828125 0.03203125 0.075
3 0.3953125 0.53828125 0.04375 0.1
1 0.58515625 0.26953125 0.0265625 0.03828125
1 0.62734375 0.26953125 0.0265625 0.03828125
0 0.48515625 0.26328125 0.03671875 0.08359375
3 0.4859375 0.30546875 0.0203125 0.0515625
1 0.50859375 0.30078125 0.034375 0.03828125
1 0.4 0.3140625 0.046875 0.06171875
1 0.16171875 0.5234375 0.165625 0.1234375
2 0.27890625 0.44140625 0.08984375 0.08671875