4 0.4609375 0.26953125 0.0296875 0.03515625
3 0.50625 0.253125 0.01328125 0.03359375
3 0.6453125 0.378125 0.0375 0.0796875
3 0.59921875 0.31796875 0.053125 0.08671875
3 0.95703125 0.6171875 0.06328125 0.13828125
3 0.33671875 0.403125 0.06484375 0.0703125
3 0.30546875 0.40546875 0.04375 0.06171875
1 0.4296875 0.30546875 0.0390625 0.0453125
1 0.39453125 0.32734375 0.05 0.06484375
1 0.36640625 0.346875 0.08359375 0.0796875
1 0.6625 0.3 0.04453125 0.053125
1 0.82890625 0.4421875 0.08984375 0.13203125
1 0.89140625 0.49609375 0.09453125 0.13828125
1 0.59375 0.2234375 0.0109375 0.0203125
0 0.1484375 0.75078125 0.296875 0.4984375
1 0.62109375 0.25234375 0.0203125 0.02890625