3 0.940625 0.78046875 0.0734375 0.1484375
3 0.33671875 0.39140625 0.01796875 0.053125
3 0.3046875 0.41171875 0.02421875 0.03359375
3 0.63203125 0.32265625 0.015625 0.03203125
1 0.1484375 0.53515625 0.1125 0.11328125
1 0.21484375 0.48203125 0.0796875 0.06640625
1 0.36640625 0.34609375 0.0390625 0.03515625
1 0.39453125 0.32421875 0.03203125 0.03203125
1 0.7453125 0.43671875 0.06328125 0.0765625
1 0.83203125 0.453125 0.07890625 0.08359375
4 0.74921875 0.375 0.05078125 0.06015625
0 0.5875 0.2828125 0.0296875 0.06171875
1 0.66640625 0.29296875 0.02421875 0.03671875
1 0.48828125 0.27734375 0.01796875 0.03203125