3 0.76875 0.66015625 0.0921875 0.21015625
3 0.2578125 0.7671875 0.11640625 0.15859375
3 0.3296875 0.4109375 0.04375 0.08203125
3 0.596875 0.24921875 0.00703125 0.028125
1 0.82734375 0.4546875 0.1578125 0.18984375
1 0.67265625 0.2984375 0.05078125 0.05703125
1 0.63984375 0.26171875 0.03125 0.04296875
1 0.58359375 0.246875 0.0296875 0.0296875
1 0.465625 0.36328125 0.06796875 0.096875
1 0.40546875 0.36796875 0.07890625 0.08359375
1 0.36171875 0.3328125 0.05546875 0.06484375
1 0.390625 0.31328125 0.0375 0.0703125
1 0.33203125 0.375 0.07265625 0.09296875
1 0.1640625 0.49296875 0.16796875 0.21015625
1 0.490625 0.2546875 0.03125 0.046875
4 0.4671875 0.27421875 0.0265625 0.06171875
4 0.42890625 0.29140625 0.0453125 0.06015625