1 0.6140625 0.503125 0.07421875 0.11640625
1 0.65078125 0.68359375 0.11640625 0.20703125
1 0.73203125 0.9046875 0.19140625 0.18984375
0 0.8703125 0.7765625 0.259375 0.446875
0 0.9375 0.62109375 0.125 0.20859375
0 0.82734375 0.4765625 0.178125 0.196875
0 0.59609375 0.30703125 0.0421875 0.0765625
3 0.66484375 0.34296875 0.03125 0.05
1 0.44453125 0.33515625 0.04453125 0.053125
1 0.03984375 0.72578125 0.07890625 0.21171875
1 0.11484375 0.61171875 0.19765625 0.11328125
1 0.16015625 0.52578125 0.10703125 0.08515625
1 0.23515625 0.46171875 0.11015625 0.08359375
1 0.35546875 0.36328125 0.04375 0.05
1 0.45859375 0.2859375 0.04140625 0.03203125