3 0.7140625 0.47578125 0.1 0.1515625
1 0.87109375 0.50703125 0.13828125 0.15
3 0.596875 0.3328125 0.0359375 0.06484375
1 0.58671875 0.26015625 0.0125 0.0265625
3 0.4 0.46328125 0.07578125 0.08984375
3 0.32734375 0.57109375 0.06875 0.11796875
1 0.15859375 0.53046875 0.11015625 0.1453125
3 0.48359375 0.3875 0.02890625 0.06171875
3 0.46171875 0.3640625 0.03359375 0.04140625
3 0.45078125 0.3265625 0.021875 0.04296875
3 0.47578125 0.31953125 0.015625 0.03515625
3 0.496875 0.3421875 0.01875 0.0453125
3 0.5046875 0.325 0.021875 0.04296875
1 0.50546875 0.28984375 0.02109375 0.03359375
1 0.365625 0.3515625 0.03984375 0.0734375
2 0.284375 0.4359375 0.1015625 0.10859375
1 0.32578125 0.40390625 0.05546875 0.08828125
1 0.403125 0.32890625 0.04375 0.08203125