3 0.625 0.53359375 0.03984375 0.06640625
3 0.67109375 0.409375 0.028125 0.0515625
3 0.61640625 0.3515625 0.021875 0.03984375
3 0.615625 0.3140625 0.01875 0.028125
3 0.59921875 0.3046875 0.0109375 0.03359375
3 0.57578125 0.29609375 0.01796875 0.03203125
3 0.50859375 0.29140625 0.01640625 0.0265625
4 0.4828125 0.29453125 0.02890625 0.0453125
4 0.39765625 0.63671875 0.096875 0.2
2 0.253125 0.6890625 0.14765625 0.21796875
2 0.76640625 0.43828125 0.06015625 0.096875
1 0.3546875 0.45078125 0.0734375 0.078125
1 0.76328125 0.6765625 0.12421875 0.18984375
1 0.86484375 0.48828125 0.09921875 0.096875
1 0.50078125 0.33671875 0.03359375 0.03671875
1 0.35390625 0.3625 0.04453125 0.0484375
1 0.42734375 0.33828125 0.0234375 0.0296875
1 0.39609375 0.32265625 0.0359375 0.03515625