0 0.1859375 0.2015625 0.3671875 0.2765625
0 0.28828125 0.3453125 0.55859375 0.55
4 0.7203125 0.46171875 0.07890625 0.0765625
3 0.6046875 0.5515625 0.065625 0.1234375
3 0.7109375 0.50078125 0.034375 0.11484375
3 0.75234375 0.478125 0.02578125 0.103125
3 0.80703125 0.4921875 0.05859375 0.0984375
3 0.86484375 0.48046875 0.0375 0.078125
3 0.903125 0.48203125 0.0265625 0.0734375
0 0.65078125 0.4609375 0.078125 0.1015625
0 0.81484375 0.453125 0.09921875 0.0703125
1 0.840625 0.47890625 0.0625 0.06171875
1 0.93984375 0.45 0.06015625 0.0765625