1 0.384375 0.48515625 0.05859375 0.046875
1 0.4640625 0.4375 0.046875 0.06796875
1 0.365625 0.34765625 0.03125 0.03203125
1 0.3921875 0.325 0.0203125 0.03671875
1 0.4796875 0.3046875 0.03203125 0.0234375
1 0.49765625 0.3359375 0.04375 0.021875
1 0.825 0.4578125 0.07421875 0.09140625
1 0.259375 0.5984375 0.09921875 0.1296875
1 0.4953125 0.33515625 0.02578125 0.03671875
1 0.515625 0.28515625 0.01328125 0.0265625
3 0.59296875 0.4125 0.02578125 0.0484375
3 0.63359375 0.35859375 0.028125 0.05
3 0.5984375 0.30390625 0.021875 0.03828125
3 0.628125 0.3078125 0.0109375 0.0453125
3 0.6015625 0.27265625 0.015625 0.028125
2 0.29765625 0.41796875 0.07109375 0.08671875