2 0.79296875 0.14921875 0.10234375 0.1765625
0 0.30625 0.25625 0.24609375 0.359375
0 0.26953125 0.70703125 0.35078125 0.58515625
3 0.490625 0.64453125 0.06484375 0.16640625
3 0.51953125 0.459375 0.05078125 0.11953125
3 0.59140625 0.3875 0.0515625 0.10546875
3 0.603125 0.2921875 0.05078125 0.07890625
3 0.56484375 0.271875 0.03203125 0.08671875
3 0.52421875 0.21328125 0.028125 0.07421875
3 0.50703125 0.1703125 0.02265625 0.07734375
3 0.9859375 0.5375 0.028125 0.125
3 0.49453125 0.4 0.03203125 0.08046875
3 0.5234375 0.03046875 0.03046875 0.0609375