1 0.88125 0.50078125 0.1078125 0.10859375
1 0.8265625 0.4484375 0.07578125 0.0703125
1 0.6671875 0.30703125 0.03125 0.03984375
1 0.475 0.43359375 0.0625 0.08671875
2 0.4328125 0.52421875 0.0765625 0.1453125
1 0.33671875 0.771875 0.15234375 0.21328125
1 0.365625 0.340625 0.0359375 0.04140625
1 0.39296875 0.32265625 0.03203125 0.03515625
4 0.5 0.31640625 0.03671875 0.053125
3 0.47109375 0.3453125 0.01484375 0.04296875
3 0.45078125 0.33984375 0.01328125 0.03359375
3 0.43125 0.340625 0.01796875 0.04140625
3 0.596875 0.296875 0.01484375 0.03984375