1 0.59609375 0.34921875 0.0375 0.04140625
1 0.62421875 0.31015625 0.0265625 0.03984375
1 0.56953125 0.28671875 0.021875 0.0234375
1 0.590625 0.2796875 0.02421875 0.0296875
1 0.35 0.36484375 0.0375 0.046875
1 0.36953125 0.34609375 0.0296875 0.028125
1 0.50546875 0.28984375 0.01640625 0.03359375
1 0.4484375 0.27578125 0.02421875 0.021875
3 0.7359375 0.56328125 0.0453125 0.13359375
3 0.8765625 0.4953125 0.0578125 0.06328125
3 0.6625 0.328125 0.0296875 0.04296875
3 0.6796875 0.3328125 0.02578125 0.028125
3 0.45390625 0.31640625 0.0203125 0.03359375