0 0.29921875 0.496875 0.18203125 0.246875
2 0.4328125 0.41484375 0.05234375 0.1
1 0.3625 0.34453125 0.02890625 0.03828125
1 0.3984375 0.3296875 0.0265625 0.03984375
1 0.4859375 0.44453125 0.0421875 0.08828125
1 0.48125 0.3484375 0.03125 0.05703125
1 0.58984375 0.26328125 0.01640625 0.03984375
1 0.83046875 0.453125 0.08125 0.09296875
3 0.4484375 0.68671875 0.06875 0.1203125
3 0.21171875 0.565625 0.0390625 0.08203125
3 0.5921875 0.34609375 0.01875 0.03828125
3 0.44140625 0.3390625 0.0203125 0.03203125
3 0.46875 0.28984375 0.01015625 0.0265625