4 0.7375 0.659375 0.19375 0.26796875
1 0.84609375 0.459375 0.10546875 0.13515625
1 0.6671875 0.2921875 0.053125 0.0453125
1 0.58125 0.26328125 0.0265625 0.0234375
1 0.40234375 0.39453125 0.04765625 0.08828125
1 0.45703125 0.3359375 0.03359375 0.06171875
1 0.4890625 0.2875 0.02890625 0.03828125
4 0.5078125 0.27890625 0.028125 0.0484375
1 0.4484375 0.6234375 0.15234375 0.1703125
1 0.21328125 0.48671875 0.115625 0.08984375
1 0.3625 0.34140625 0.046875 0.06640625
1 0.38984375 0.31640625 0.04375 0.053125
3 0.34375 0.396875 0.053125 0.0796875
3 0.30625 0.56640625 0.0390625 0.11015625