1 0.15 0.5390625 0.1203125 0.11796875
1 0.328125 0.38828125 0.05078125 0.05
1 0.3671875 0.34296875 0.0359375 0.03359375
1 0.3953125 0.32421875 0.0296875 0.03203125
1 0.4796875 0.35703125 0.03984375 0.046875
1 0.50078125 0.303125 0.02890625 0.03671875
1 0.57578125 0.32265625 0.0234375 0.03203125
1 0.8296875 0.453125 0.0796875 0.08984375
4 0.61640625 0.32578125 0.0265625 0.0515625
5 0.71875 0.68203125 0.17421875 0.3703125
3 0.815625 0.68359375 0.0546875 0.11640625
3 0.68203125 0.46171875 0.0234375 0.053125