3 0.44609375 0.465625 0.0421875 0.09140625
3 0.42109375 0.43984375 0.028125 0.0703125
3 0.36328125 0.46171875 0.04375 0.0796875
3 0.425 0.390625 0.03984375 0.06796875
3 0.45234375 0.33515625 0.01484375 0.06328125
3 0.471875 0.325 0.02421875 0.06328125
3 0.6046875 0.36953125 0.04375 0.08203125
3 0.72265625 0.425 0.0609375 0.1203125
3 0.490625 0.2765625 0.00859375 0.0296875
1 0.51328125 0.26171875 0.0234375 0.06015625
1 0.81328125 0.4515625 0.0703125 0.11015625
1 0.87578125 0.49453125 0.096875 0.125
1 0.3671875 0.35 0.0546875 0.06640625
1 0.3921875 0.31953125 0.0375 0.071875
1 0.66484375 0.30390625 0.0359375 0.06484375
3 0.59765625 0.26796875 0.0234375 0.05