1 0.88203125 0.8578125 0.2359375 0.284375
1 0.83203125 0.4578125 0.084375 0.13203125
1 0.67578125 0.3234375 0.04375 0.05
1 0.578125 0.35546875 0.04765625 0.1015625
1 0.48984375 0.40546875 0.07890625 0.1546875
1 0.41328125 0.35703125 0.06328125 0.08671875
1 0.3921875 0.31015625 0.05 0.06328125
1 0.33046875 0.38359375 0.07265625 0.0796875
1 0.14296875 0.52421875 0.12578125 0.1484375
1 0.44296875 0.2875 0.0265625 0.0515625
1 0.4796875 0.278125 0.02109375 0.046875
0 0.49765625 0.2796875 0.03671875 0.0734375
3 0.5828125 0.2578125 0.021875 0.021875
1 0.63671875 0.2640625 0.02109375 0.03515625
4 0.7546875 0.3734375 0.07890625 0.09296875