1 0.82734375 0.45234375 0.07421875 0.096875
1 0.440625 0.55234375 0.07265625 0.1171875
1 0.50703125 0.32265625 0.03046875 0.04375
1 0.36875 0.346875 0.0375 0.0390625
1 0.38671875 0.328125 0.0203125 0.02890625
2 0.29765625 0.409375 0.08203125 0.065625
2 0.4828125 0.41796875 0.05546875 0.0921875
0 0.41953125 0.35078125 0.0796875 0.09375
3 0.759375 0.39765625 0.02734375 0.0546875
3 0.875 0.49375 0.04609375 0.0796875
3 0.7359375 0.54140625 0.0375 0.0984375
3 0.453125 0.38125 0.0203125 0.0578125
3 0.484375 0.36796875 0.025 0.04140625
3 0.34140625 0.37421875 0.02109375 0.046875
3 0.31953125 0.39609375 0.02421875 0.02890625
3 0.48984375 0.29140625 0.0140625 0.025
3 0.50859375 0.29140625 0.009375 0.021875
4 0.58515625 0.27578125 0.0171875 0.040625