1 0.7015625 0.471875 0.084375 0.1796875
1 0.82890625 0.4640625 0.0921875 0.13203125
1 0.82421875 0.8765625 0.2625 0.246875
0 0.6203125 0.32421875 0.06796875 0.125
0 0.51171875 0.2796875 0.02421875 0.05703125
1 0.48984375 0.259375 0.01484375 0.03203125
1 0.39375 0.3265625 0.0421875 0.046875
1 0.36328125 0.340625 0.04375 0.078125
1 0.14375 0.54296875 0.15703125 0.1265625
1 0.66484375 0.29765625 0.03125 0.05859375
1 0.63984375 0.26171875 0.028125 0.0296875
3 0.59296875 0.26640625 0.01484375 0.03984375
4 0.75 0.3796875 0.07890625 0.096875