3 0.91953125 0.8265625 0.0921875 0.225
3 0.8703125 0.48125 0.040625 0.08125
3 0.721875 0.4546875 0.0375 0.06171875
3 0.63828125 0.4 0.021875 0.04609375
3 0.6546875 0.37734375 0.0234375 0.04296875
3 0.6328125 0.33984375 0.01953125 0.04609375
3 0.63515625 0.31796875 0.015625 0.03203125
3 0.68046875 0.32734375 0.01328125 0.02421875
1 0.35703125 0.36328125 0.03671875 0.0390625
1 0.3734375 0.34453125 0.03359375 0.05859375
1 0.47421875 0.3140625 0.03515625 0.05625
1 0.69140625 0.534375 0.0890625 0.1546875
1 0.58046875 0.303125 0.02578125 0.03125
1 0.57109375 0.2796875 0.01640625 0.02421875
1 0.4890625 0.2703125 0.01640625 0.03203125
1 0.5203125 0.2890625 0.02421875 0.04609375