1 0.159375 0.5390625 0.13984375 0.11796875
2 0.290625 0.4515625 0.1078125 0.13671875
1 0.328125 0.40078125 0.06640625 0.08203125
1 0.365625 0.3484375 0.05859375 0.05
1 0.396875 0.3203125 0.06640625 0.06640625
3 0.496875 0.2890625 0.015625 0.03828125
3 0.628125 0.37734375 0.0359375 0.075
4 0.584375 0.3328125 0.03671875 0.06171875
1 0.865625 0.496875 0.128125 0.11328125
3 0.6671875 0.33515625 0.021875 0.046875
3 0.61796875 0.296875 0.0109375 0.03671875
3 0.6015625 0.3046875 0.0203125 0.05
1 0.57265625 0.27578125 0.021875 0.04140625
3 0.5875 0.2765625 0.01328125 0.03984375