3 0.3171875 0.56328125 0.0625 0.13359375
3 0.446875 0.4453125 0.07265625 0.08359375
3 0.44140625 0.3421875 0.021875 0.078125
3 0.46328125 0.328125 0.028125 0.06640625
1 0.50625 0.29609375 0.01875 0.0515625
1 0.36328125 0.34609375 0.0265625 0.05859375
1 0.39609375 0.3203125 0.046875 0.053125
3 0.3359375 0.37265625 0.04453125 0.08203125
3 0.81328125 0.44453125 0.01640625 0.1046875
0 0.75234375 0.46328125 0.15 0.31640625
0 0.63515625 0.29609375 0.04453125 0.06484375
1 0.58828125 0.2859375 0.03359375 0.025
1 0.565625 0.31171875 0.02578125 0.03359375
1 0.6046875 0.30859375 0.03203125 0.04296875
1 0.5875 0.31796875 0.03203125 0.04296875
1 0.571875 0.33359375 0.04140625 0.03359375
1 0.59296875 0.38828125 0.04140625 0.05
1 0.596875 0.42265625 0.03984375 0.06796875
1 0.60546875 0.46953125 0.05859375 0.08515625
1 0.6484375 0.43046875 0.0625 0.06484375
1 0.63359375 0.39609375 0.0265625 0.06171875
1 0.6671875 0.36328125 0.03984375 0.0734375
1 0.6546875 0.3390625 0.03203125 0.0546875
1 0.66953125 0.29921875 0.021875 0.0453125
1 0.9015625 0.50078125 0.11875 0.16171875
1 0.66953125 0.69921875 0.1265625 0.26484375
1 0.62734375 0.5359375 0.09140625 0.121875
1 0.89765625 0.8703125 0.2046875 0.259375
1 0.77265625 0.96328125 0.1609375 0.0734375
1 0.9578125 0.853125 0.08359375 0.271875