1 0.15 0.5359375 0.1671875 0.13203125
1 0.29921875 0.42890625 0.09375 0.0953125
1 0.36796875 0.3484375 0.03984375 0.0765625
1 0.39609375 0.32265625 0.03671875 0.075
1 0.6359375 0.2703125 0.021875 0.03359375
1 0.6640625 0.2984375 0.021875 0.03984375
1 0.825 0.45 0.06875 0.1265625
1 0.97890625 0.5390625 0.0421875 0.13203125
4 0.74609375 0.3796875 0.08203125 0.096875
0 0.58984375 0.234375 0.028125 0.05859375
1 0.57421875 0.246875 0.01796875 0.0265625
3 0.6296875 0.36171875 0.02109375 0.0703125
3 0.484375 0.29453125 0.0125 0.0453125
3 0.4890625 0.28203125 0.0109375 0.03671875
3 0.51328125 0.2625 0.01015625 0.025