3 0.4390625 0.42578125 0.06015625 0.11796875
3 0.703125 0.61015625 0.103125 0.2203125
3 0.33671875 0.39296875 0.0375 0.09296875
1 0.365625 0.33515625 0.04375 0.0734375
1 0.40078125 0.315625 0.0546875 0.05859375
1 0.47421875 0.26484375 0.034375 0.03984375
1 0.590625 0.284375 0.0265625 0.03828125
1 0.5703125 0.265625 0.021875 0.03203125
1 0.578125 0.240625 0.0265625 0.03515625
1 0.65859375 0.28671875 0.03359375 0.05
1 0.83046875 0.43984375 0.09375 0.096875
1 0.8921875 0.50703125 0.1046875 0.11015625