3 0.828125 0.79453125 0.09140625 0.321875
3 0.6859375 0.39765625 0.01640625 0.08203125
3 0.66171875 0.3875 0.03125 0.075
3 0.63203125 0.3125 0.01875 0.0484375
3 0.615625 0.3109375 0.00546875 0.03203125
3 0.60703125 0.3203125 0.01015625 0.03984375
3 0.59453125 0.3046875 0.00546875 0.053125
3 0.59296875 0.28203125 0.00703125 0.03359375
3 0.46640625 0.3453125 0.01875 0.05
3 0.446875 0.31171875 0.0125 0.03359375
3 0.3015625 0.54765625 0.07421875 0.0984375
3 0.390625 0.35703125 0.02578125 0.06015625
1 0.88359375 0.503125 0.16328125 0.18359375
1 0.42890625 0.45390625 0.06015625 0.1453125
1 0.6140625 0.44609375 0.0609375 0.13203125
1 0.60078125 0.36796875 0.03984375 0.06015625
1 0.57421875 0.26171875 0.01796875 0.03671875
1 0.49375 0.30234375 0.0265625 0.0484375
1 0.3515625 0.3625 0.0375 0.0546875
1 0.36796875 0.33359375 0.0203125 0.05703125
1 0.39453125 0.3203125 0.02578125 0.06015625
4 0.5109375 0.28828125 0.028125 0.05