1 0.38671875 0.75703125 0.19765625 0.2703125
1 0.1109375 0.6265625 0.22109375 0.14296875
1 0.14921875 0.52890625 0.13203125 0.1046875
0 0.34453125 0.484375 0.18125 0.2015625
3 0.2671875 0.5046875 0.08125 0.11328125
3 0.3015625 0.39296875 0.0234375 0.06640625
3 0.32734375 0.38828125 0.0265625 0.06015625
1 0.325 0.37578125 0.06875 0.078125
1 0.365625 0.3453125 0.05546875 0.0703125
1 0.396875 0.32109375 0.05078125 0.06484375
1 0.6171875 0.34921875 0.03984375 0.08515625
1 0.8390625 0.478125 0.11484375 0.15703125
1 0.5703125 0.2671875 0.01875 0.0515625
1 0.665625 0.2875 0.03671875 0.03515625
2 0.46953125 0.46484375 0.12109375 0.18359375
0 0.48125 0.30390625 0.06875 0.08203125
4 0.47265625 0.3390625 0.0578125 0.0953125
4 0.4625 0.2640625 0.0265625 0.04140625
5 0.51953125 0.27421875 0.0265625 0.04140625