4 0.4671875 0.265625 0.02890625 0.03828125
1 0.1265625 0.49140625 0.16328125 0.2796875
1 0.26796875 0.5671875 0.1515625 0.16171875
1 0.31171875 0.88046875 0.26875 0.23828125
1 0.48984375 0.4453125 0.096875 0.11640625
1 0.45234375 0.38046875 0.0734375 0.08828125
1 0.37734375 0.36328125 0.05 0.0703125
1 0.3578125 0.33046875 0.03125 0.0453125
1 0.3921875 0.31640625 0.0390625 0.0703125
1 0.48125 0.259375 0.0203125 0.04140625
1 0.51015625 0.27890625 0.01640625 0.04140625
1 0.5671875 0.284375 0.021875 0.03828125
1 0.65625 0.3 0.05546875 0.046875
1 0.8421875 0.4453125 0.17890625 0.11640625
2 0.58125 0.334375 0.053125 0.06796875
3 0.6890625 0.43828125 0.05 0.103125
3 0.6171875 0.36796875 0.04453125 0.06640625
3 0.5890625 0.278125 0.0125 0.0296875
3 0.5921875 0.26171875 0.01640625 0.0203125
3 0.48203125 0.35078125 0.0296875 0.06171875
3 0.3921875 0.4109375 0.034375 0.08203125