1 0.28359375 0.415625 0.05546875 0.0703125
1 0.31796875 0.39921875 0.05 0.05
1 0.35234375 0.3640625 0.0390625 0.04296875
1 0.37265625 0.34453125 0.03125 0.04296875
1 0.465625 0.3375 0.034375 0.0546875
1 0.81328125 0.83828125 0.20625 0.32265625
1 0.73984375 0.5546875 0.10390625 0.11796875
2 0.6359375 0.49609375 0.06953125 0.11484375
2 0.4765625 0.421875 0.0484375 0.09921875
2 0.2140625 0.47578125 0.11015625 0.1
1 0.7671875 0.4609375 0.07890625 0.09765625
1 0.84609375 0.45390625 0.07890625 0.1140625
1 0.58828125 0.29296875 0.02578125 0.028125
1 0.58203125 0.253125 0.0203125 0.02109375
0 0.1234375 0.84921875 0.246875 0.29140625
0 0.509375 0.2671875 0.03671875 0.05703125
1 0.5 0.30625 0.03359375 0.0359375
3 0.62734375 0.3390625 0.0171875 0.046875
3 0.6546875 0.33828125 0.01796875 0.0421875
3 0.46640625 0.29375 0.0171875 0.03046875