1 0.57578125 0.29453125 0.0296875 0.08515625
1 0.828125 0.46796875 0.109375 0.1765625
1 0.88125 0.5046875 0.096875 0.18671875
1 0.665625 0.29296875 0.0390625 0.06328125
1 0.3984375 0.32421875 0.03671875 0.0515625
1 0.36015625 0.3390625 0.0578125 0.06171875
1 0.121875 0.58359375 0.103125 0.153125
2 0.4625 0.2796875 0.03359375 0.06640625
3 0.5 0.2640625 0.0234375 0.04140625
3 0.33203125 0.39140625 0.04140625 0.0703125
3 0.29375 0.4046875 0.0421875 0.0796875
1 0.5890625 0.253125 0.01484375 0.04296875