1 0.14765625 0.52734375 0.1390625 0.1515625
1 0.2171875 0.490625 0.08203125 0.11796875
1 0.40234375 0.325 0.04375 0.06640625
1 0.36171875 0.334375 0.046875 0.06796875
1 0.4734375 0.334375 0.034375 0.06796875
1 0.51171875 0.30703125 0.03359375 0.05
1 0.83046875 0.4578125 0.078125 0.11796875
1 0.93046875 0.55390625 0.1390625 0.15859375
1 0.81484375 0.54453125 0.103125 0.19140625
1 0.6703125 0.30234375 0.03671875 0.0546875
1 0.634375 0.26640625 0.01875 0.05
2 0.6453125 0.371875 0.06015625 0.13984375
4 0.603125 0.403125 0.0953125 0.146875
4 0.74921875 0.36796875 0.06015625 0.11328125
3 0.62265625 0.33046875 0.0203125 0.0546875
3 0.434375 0.43671875 0.034375 0.11640625
3 0.325 0.590625 0.04765625 0.1953125
3 0.4859375 0.2796875 0.01796875 0.04296875
3 0.58828125 0.25546875 0.01328125 0.03515625