1 0.66953125 0.73515625 0.1203125 0.246875
1 0.61953125 0.49453125 0.06484375 0.1015625
1 0.6203125 0.4 0.03984375 0.0765625
1 0.3421875 0.44921875 0.06640625 0.078125
1 0.228125 0.465625 0.08671875 0.06171875
1 0.15703125 0.5375 0.103125 0.0984375
1 0.36015625 0.3640625 0.0375 0.0484375
0 0.5828125 0.2765625 0.0265625 0.06015625
1 0.3953125 0.33046875 0.03203125 0.03203125
1 0.03359375 0.7859375 0.065625 0.21796875
0 0.8625 0.7421875 0.275 0.51484375
0 0.8109375 0.45078125 0.16796875 0.1453125
0 0.92265625 0.6078125 0.1546875 0.31171875