4 0.64921875 0.403125 0.096875 0.1484375
3 0.5828125 0.28359375 0.00859375 0.02578125
3 0.428125 0.35859375 0.0125 0.053125
3 0.40703125 0.35390625 0.0140625 0.05
3 0.4375 0.31484375 0.01171875 0.02890625
3 0.42734375 0.3125 0.009375 0.03046875
2 0.2125 0.47109375 0.09140625 0.08828125
2 0.48515625 0.40546875 0.0390625 0.053125
2 0.46953125 0.328125 0.02578125 0.04765625
0 0.4703125 0.28203125 0.0359375 0.0625
4 0.50390625 0.29140625 0.0375 0.0546875
4 0.4859375 0.35546875 0.04296875 0.0640625
1 0.3671875 0.34375 0.0484375 0.046875
1 0.32109375 0.3953125 0.05625 0.05703125
1 0.2796875 0.41875 0.06484375 0.06640625
1 0.39375 0.478125 0.0578125 0.09453125
1 0.3703125 0.73515625 0.11796875 0.20625
1 0.84375 0.46640625 0.0875 0.0984375
1 0.14921875 0.53828125 0.1390625 0.1015625
3 0.87265625 0.49921875 0.05546875 0.0828125