2 0.23671875 0.84140625 0.2203125 0.2765625
1 0.31796875 0.396875 0.053125 0.0296875
1 0.35078125 0.3578125 0.03203125 0.03828125
1 0.36953125 0.334375 0.02890625 0.0484375
1 0.40234375 0.31796875 0.0359375 0.046875
1 0.48125 0.3984375 0.0390625 0.0765625
3 0.39609375 0.403125 0.034375 0.0734375
3 0.45546875 0.36484375 0.0234375 0.06015625
3 0.3859375 0.7 0.0359375 0.1296875
3 0.88125 0.48671875 0.04375 0.0796875
3 0.57890625 0.3046875 0.01640625 0.04296875
3 0.4796875 0.2875 0.0234375 0.03203125