3 0.4640625 0.45703125 0.06875 0.11328125
3 0.70390625 0.43046875 0.046875 0.08515625
3 0.34140625 0.3953125 0.05546875 0.0765625
3 0.4875 0.28515625 0.0234375 0.03671875
1 0.39609375 0.32421875 0.0421875 0.06796875
1 0.36953125 0.34453125 0.046875 0.0484375
2 0.58125 0.34140625 0.03359375 0.0796875
1 0.5890625 0.29609375 0.02890625 0.0484375
1 0.5796875 0.2671875 0.02421875 0.0484375
1 0.82734375 0.4390625 0.08671875 0.10859375
1 0.8796875 0.50234375 0.1359375 0.13203125
1 0.66484375 0.30234375 0.0421875 0.075
1 0.490625 0.246875 0.02578125 0.0296875