3 0.421875 0.48203125 0.06015625 0.10703125
3 0.4171875 0.36484375 0.0265625 0.06015625
3 0.471875 0.29921875 0.02421875 0.0515625
3 0.47578125 0.27421875 0.015625 0.028125
3 0.48984375 0.284375 0.01640625 0.03828125
3 0.621875 0.30078125 0.01640625 0.03828125
3 0.64140625 0.334375 0.02109375 0.03515625
1 0.828125 0.46796875 0.1046875 0.13359375
1 0.6953125 0.62734375 0.16875 0.31796875
1 0.46796875 0.40234375 0.065625 0.1046875
1 0.21015625 0.48515625 0.109375 0.103125
1 0.1546875 0.52578125 0.1359375 0.11796875
1 0.36953125 0.34296875 0.0453125 0.06640625
1 0.40078125 0.32421875 0.0390625 0.08203125
1 0.496875 0.3234375 0.03984375 0.0703125
1 0.63359375 0.2703125 0.01484375 0.03671875
1 0.6625 0.28984375 0.0234375 0.046875
4 0.74140625 0.3703125 0.05234375 0.09296875
0 0.571875 0.24609375 0.0296875 0.06484375
0 0.2015625 0.76484375 0.40234375 0.4
0 0.50625 0.2515625 0.02890625 0.046875