2 0.12578125 0.5484375 0.2515625 0.18359375
2 0.4234375 0.3734375 0.0734375 0.0796875
1 0.3484375 0.36484375 0.06484375 0.0765625
1 0.36796875 0.33046875 0.0421875 0.06171875
1 0.396875 0.315625 0.03671875 0.0515625
1 0.48515625 0.29765625 0.0234375 0.06484375
3 0.43359375 0.41484375 0.046875 0.08671875
3 0.5109375 0.2875 0.01640625 0.06171875
3 0.559375 0.309375 0.02890625 0.0515625
3 0.6203125 0.2984375 0.021875 0.05703125
3 0.67265625 0.3546875 0.02109375 0.05703125
3 0.73828125 0.39765625 0.03671875 0.078125
3 0.91953125 0.62109375 0.08125 0.1515625
3 0.98046875 0.65 0.0390625 0.175
1 0.7828125 0.83984375 0.1890625 0.303125
1 0.75703125 0.653125 0.13203125 0.21640625
1 0.78203125 0.521875 0.11640625 0.16328125
1 0.890625 0.6765625 0.1578125 0.25703125
1 0.86796875 0.48828125 0.13046875 0.15
1 0.6703125 0.6515625 0.153125 0.203125
1 0.65703125 0.53828125 0.11875 0.13984375
1 0.625 0.45703125 0.078125 0.1
1 0.6015625 0.40234375 0.07578125 0.1015625
1 0.58515625 0.34921875 0.0546875 0.0984375
1 0.7125 0.41328125 0.07265625 0.103125
1 0.56796875 0.26640625 0.021875 0.03984375
1 0.57265625 0.246875 0.015625 0.01640625
1 0.6046875 0.2578125 0.015625 0.028125
4 0.46640625 0.271875 0.03671875 0.03671875
4 0.64765625 0.35703125 0.05 0.08359375
4 0.68125 0.43984375 0.07890625 0.13359375
4 0.60859375 0.32265625 0.05234375 0.1015625
4 0.9328125 0.840625 0.13359375 0.31796875
0 0.57890625 0.23203125 0.01875 0.046875