1 0.371875 0.7578125 0.11640625 0.2046875
1 0.41328125 0.4453125 0.05703125 0.0796875
1 0.47734375 0.41171875 0.03671875 0.06328125
1 0.415625 0.35546875 0.03984375 0.04140625
1 0.353125 0.359375 0.01875 0.03515625
1 0.3671875 0.3421875 0.01796875 0.03203125
1 0.83359375 0.45703125 0.07265625 0.0703125
3 0.89375 0.50546875 0.05234375 0.0515625
3 0.43828125 0.37421875 0.021875 0.04140625
3 0.4546875 0.32109375 0.00703125 0.03203125
3 0.471875 0.3328125 0.00546875 0.01484375
3 0.63046875 0.34609375 0.01796875 0.025
3 0.6203125 0.32890625 0.0125 0.025
2 0.29921875 0.41171875 0.07109375 0.053125