1 0.22265625 0.484375 0.1078125 0.10859375
1 0.3734375 0.33984375 0.05703125 0.06328125
1 0.3984375 0.3171875 0.0546875 0.0546875
1 0.60859375 0.37734375 0.05546875 0.08515625
1 0.83203125 0.45 0.09453125 0.11640625
1 0.8859375 0.496875 0.09921875 0.11328125
1 0.66640625 0.2921875 0.04140625 0.0484375
1 0.5734375 0.2875 0.02578125 0.03828125
1 0.51796875 0.2890625 0.0359375 0.0515625
3 0.5078125 0.33359375 0.02109375 0.05703125
3 0.6796875 0.446875 0.028125 0.1
3 0.7453125 0.56796875 0.0625 0.13984375
3 0.80546875 0.53828125 0.06875 0.1234375
4 0.62890625 0.28046875 0.0234375 0.06484375
0 0.4453125 0.31015625 0.08125 0.1203125
0 0.5109375 0.24296875 0.02578125 0.05703125
3 0.3421875 0.40703125 0.04375 0.08671875
3 0.30078125 0.40390625 0.04765625 0.06484375