1 0.06328125 0.65546875 0.1265625 0.16484375
1 0.3625 0.34609375 0.0375 0.08515625
1 0.390625 0.309375 0.03359375 0.0515625
4 0.46171875 0.2671875 0.021875 0.04140625
0 0.49609375 0.271875 0.02890625 0.0796875
1 0.51015625 0.28828125 0.0234375 0.05
3 0.40703125 0.36015625 0.01328125 0.0734375
3 0.33671875 0.39609375 0.05234375 0.0546875
3 0.86171875 0.6953125 0.11328125 0.203125
3 0.82734375 0.5609375 0.0625 0.11484375
3 0.6359375 0.32890625 0.028125 0.078125
3 0.58046875 0.2671875 0.00703125 0.028125
1 0.5796875 0.2484375 0.015625 0.0265625
1 0.6609375 0.28828125 0.0390625 0.06015625
1 0.61875 0.2515625 0.01875 0.0296875
1 0.8265625 0.4484375 0.078125 0.11015625
1 0.89609375 0.509375 0.1078125 0.13515625
0 0.59921875 0.31171875 0.0609375 0.11328125