3 0.2046875 0.79921875 0.06015625 0.125
3 0.33828125 0.59765625 0.034375 0.08203125
3 0.33046875 0.4953125 0.028125 0.0703125
3 0.3640625 0.44296875 0.02578125 0.0734375
3 0.45625 0.33203125 0.01484375 0.03671875
2 0.42890625 0.42734375 0.05078125 0.078125
4 0.21796875 0.4640625 0.06875 0.078125
1 0.365625 0.346875 0.03203125 0.04296875
1 0.43984375 0.36484375 0.034375 0.03984375
1 0.48515625 0.371875 0.03203125 0.046875
1 0.86484375 0.49140625 0.09140625 0.09296875
1 0.5015625 0.32265625 0.03125 0.04140625
1 0.59296875 0.303125 0.02421875 0.03671875
1 0.4 0.31796875 0.0265625 0.03984375
4 0.64453125 0.36328125 0.0609375 0.11328125