3 0.4265625 0.625 0.09921875 0.153125
3 0.40625 0.51640625 0.07109375 0.14296875
3 0.3296875 0.6515625 0.04140625 0.1703125
3 0.48046875 0.3546875 0.03984375 0.046875
3 0.43359375 0.39140625 0.046875 0.0796875
3 0.290625 0.7015625 0.05234375 0.1796875
3 0.22421875 0.684375 0.08125 0.175
3 0.30390625 0.40859375 0.03984375 0.08359375
3 0.63828125 0.39453125 0.04453125 0.1046875
1 0.84453125 0.43203125 0.1234375 0.13359375
1 0.890625 0.50078125 0.13046875 0.13828125
1 0.5859375 0.3015625 0.05546875 0.0796875
1 0.67578125 0.309375 0.0578125 0.06171875
1 0.584375 0.25390625 0.0234375 0.03828125
1 0.40234375 0.31640625 0.04375 0.0703125
1 0.3703125 0.3421875 0.053125 0.071875
4 0.4671875 0.27265625 0.0375 0.0484375