3 0.88515625 0.49140625 0.03984375 0.0734375
3 0.64296875 0.459375 0.04375 0.08203125
3 0.6046875 0.334375 0.01328125 0.05859375
3 0.6203125 0.284375 0.01640625 0.03515625
1 0.57265625 0.284375 0.021875 0.028125
1 0.63828125 0.3265625 0.0265625 0.04296875
2 0.7203125 0.50703125 0.08203125 0.1765625
0 0.165625 0.68203125 0.30703125 0.446875
1 0.30859375 0.39609375 0.0546875 0.08515625
1 0.34296875 0.3640625 0.028125 0.0546875
1 0.37109375 0.35234375 0.02109375 0.0453125
1 0.40546875 0.32109375 0.0296875 0.0546875
1 0.45625 0.29296875 0.02578125 0.03359375