1 0.3984375 0.5859375 0.115625 0.1484375
1 0.21875 0.49609375 0.0953125 0.11171875
1 0.478125 0.4296875 0.06015625 0.11328125
1 0.8359375 0.4453125 0.103125 0.13984375
1 0.890625 0.49453125 0.09375 0.128125
1 0.671875 0.296875 0.05234375 0.05703125
1 0.359375 0.3296875 0.0421875 0.06328125
1 0.4015625 0.321875 0.0625 0.0734375
4 0.46015625 0.26171875 0.034375 0.046875
4 0.50234375 0.26484375 0.02109375 0.03984375
3 0.45 0.30859375 0.0234375 0.05
3 0.41328125 0.36015625 0.0234375 0.053125
3 0.340625 0.39296875 0.04375 0.0765625
3 0.30546875 0.40546875 0.0421875 0.06171875
3 0.575 0.253125 0.0203125 0.03984375