2 0.1765625 0.834375 0.215625 0.33125
1 0.41171875 0.7046875 0.11953125 0.19140625
1 0.42109375 0.4734375 0.0765625 0.10234375
1 0.353125 0.36015625 0.03203125 0.053125
1 0.3765625 0.3453125 0.04375 0.04765625
1 0.4484375 0.296875 0.0359375 0.03125
3 0.67734375 0.55234375 0.04609375 0.13359375
3 0.78828125 0.53125 0.03125 0.1078125
3 0.8796875 0.49765625 0.04765625 0.0765625
3 0.7359375 0.43828125 0.034375 0.05546875
3 0.65234375 0.3234375 0.0203125 0.02890625
3 0.58984375 0.2765625 0.009375 0.01875
3 0.61171875 0.26796875 0.00859375 0.02421875
3 0.68359375 0.328125 0.0203125 0.04140625