1 0.465625 0.4765625 0.05234375 0.10703125
1 0.40625 0.4109375 0.03984375 0.06484375
1 0.48125 0.36171875 0.0375 0.06015625
1 0.59296875 0.3375 0.02890625 0.03828125
1 0.47578125 0.3140625 0.0265625 0.03203125
1 0.4578125 0.284375 0.02109375 0.025
1 0.36328125 0.3421875 0.0421875 0.0453125
2 0.3046875 0.4140625 0.084375 0.071875
1 0.8265625 0.45859375 0.07421875 0.08359375
1 0.3625 0.81328125 0.1421875 0.253125
3 0.16328125 0.7328125 0.07109375 0.11484375
3 0.2640625 0.67578125 0.05703125 0.125
3 0.27109375 0.60859375 0.0390625 0.08671875
3 0.2234375 0.56796875 0.0375 0.103125
3 0.33828125 0.4546875 0.04375 0.06640625
3 0.44296875 0.384375 0.034375 0.08203125
3 0.38515625 0.378125 0.02578125 0.06328125
3 0.43828125 0.31640625 0.021875 0.0296875
3 0.8765625 0.49140625 0.05234375 0.08359375