2 0.065625 0.7921875 0.13125 0.29609375
1 0.83828125 0.4609375 0.0765625 0.08671875
1 0.5953125 0.3203125 0.0328125 0.0390625
1 0.571875 0.29375 0.03125 0.03984375
1 0.5890625 0.28359375 0.0296875 0.0390625
1 0.2859375 0.42109375 0.075 0.065625
1 0.315625 0.4015625 0.0515625 0.05234375
1 0.35625 0.36015625 0.03203125 0.04609375
1 0.37265625 0.3421875 0.03515625 0.03984375
1 0.4359375 0.29375 0.0265625 0.0328125
1 0.51015625 0.26953125 0.01640625 0.02734375
3 0.7203125 0.39765625 0.02578125 0.05390625
3 0.90234375 0.52109375 0.06875 0.09296875
3 0.490625 0.27890625 0.00859375 0.02734375