1 0.4140625 0.4328125 0.04453125 0.071875
1 0.26171875 0.4171875 0.0453125 0.071875
1 0.30859375 0.38515625 0.05234375 0.0765625
1 0.34765625 0.34765625 0.0296875 0.06484375
1 0.375 0.3234375 0.03125 0.0765625
1 0.50546875 0.32109375 0.04375 0.05859375
1 0.515625 0.2765625 0.01640625 0.03359375
1 0.8328125 0.46328125 0.07578125 0.09296875
3 0.328125 0.7078125 0.0734375 0.11171875
2 0.2140625 0.46640625 0.09921875 0.1203125
3 0.43125 0.3421875 0.02578125 0.05859375
3 0.87734375 0.49765625 0.03984375 0.075