1 0.9 0.5328125 0.14375 0.16796875
1 0.84140625 0.45703125 0.11015625 0.1203125
1 0.67265625 0.30859375 0.0265625 0.05
1 0.659375 0.2875 0.03125 0.021875
1 0.58515625 0.23203125 0.01484375 0.0234375
1 0.43359375 0.31171875 0.04453125 0.04296875
1 0.40234375 0.32109375 0.04375 0.04140625
1 0.3640625 0.33671875 0.04140625 0.046875
1 0.515625 0.28046875 0.0296875 0.0484375
3 0.48671875 0.375 0.034375 0.0765625
3 0.32265625 0.47265625 0.05078125 0.128125
3 0.3 0.4 0.021875 0.0796875
3 0.3328125 0.39296875 0.03359375 0.0796875
3 0.8453125 0.753125 0.1421875 0.2765625
3 0.76484375 0.4140625 0.04453125 0.121875
4 0.46484375 0.275 0.0265625 0.06015625
0 0.40390625 0.415625 0.12109375 0.175