1 0.74140625 0.70859375 0.13984375 0.2703125
1 0.8375 0.47890625 0.084375 0.1546875
1 0.2140625 0.48359375 0.09921875 0.1234375
1 0.4015625 0.32265625 0.0421875 0.0484375
1 0.3671875 0.34765625 0.0359375 0.075
1 0.6359375 0.26015625 0.0109375 0.03359375
1 0.66171875 0.30078125 0.02421875 0.03203125
4 0.6984375 0.35546875 0.06015625 0.078125
3 0.640625 0.4109375 0.0359375 0.11796875
3 0.13984375 0.775 0.11640625 0.23359375
3 0.33125 0.3875 0.0265625 0.05859375
3 0.4984375 0.2640625 0.00546875 0.0515625