1 0.14609375 0.5375 0.11640625 0.11484375
1 0.41875 0.41328125 0.0609375 0.0734375
1 0.33046875 0.38984375 0.0578125 0.05703125
1 0.36484375 0.34453125 0.0421875 0.0453125
1 0.39609375 0.32421875 0.03671875 0.03515625
1 0.43671875 0.3265625 0.03125 0.03984375
1 0.47265625 0.3125 0.03125 0.03515625
3 0.26875 0.671875 0.05234375 0.11640625
3 0.2640625 0.88203125 0.06796875 0.1796875
3 0.784375 0.64453125 0.05 0.121875
3 0.965625 0.85859375 0.06796875 0.18359375
1 0.83125 0.45078125 0.07890625 0.078125