1 0.796875 0.83984375 0.259375 0.3203125
1 0.86875 0.4890625 0.13984375 0.15859375
3 0.675 0.396875 0.03125 0.1
1 0.74375 0.37421875 0.09921875 0.11484375
3 0.64296875 0.2953125 0.03984375 0.053125
1 0.58671875 0.30546875 0.034375 0.05859375
1 0.57421875 0.27421875 0.028125 0.03828125
3 0.60703125 0.26953125 0.0125 0.03203125
3 0.2265625 0.85703125 0.12890625 0.25703125
1 0.40859375 0.5046875 0.1015625 0.13984375
1 0.36796875 0.35078125 0.04453125 0.0546875
1 0.3921875 0.3234375 0.0546875 0.0703125
1 0.49765625 0.321875 0.0296875 0.06328125
3 0.4671875 0.31171875 0.01796875 0.03359375
3 0.4453125 0.31171875 0.01640625 0.046875
1 0.51015625 0.2984375 0.0390625 0.06015625