1 0.7609375 0.73828125 0.1453125 0.31640625
1 0.66953125 0.56640625 0.0890625 0.153125
1 0.71484375 0.52734375 0.08984375 0.1546875
1 0.62578125 0.4875 0.07421875 0.14140625
1 0.61796875 0.4171875 0.04921875 0.11484375
1 0.61640625 0.34140625 0.02890625 0.0765625
1 0.64296875 0.271875 0.028125 0.05
1 0.45 0.38203125 0.04765625 0.09296875
1 0.36875 0.36484375 0.0609375 0.08671875
1 0.4 0.33515625 0.03671875 0.08984375
1 0.13828125 0.55390625 0.13125 0.1984375
1 0.4796875 0.25546875 0.015625 0.021875
1 0.496875 0.29296875 0.02421875 0.046875
4 0.46953125 0.25859375 0.02421875 0.053125
4 0.63359375 0.26015625 0.02109375 0.04296875
0 0.59296875 0.22734375 0.02109375 0.03515625
0 0.86875 0.54296875 0.2625 0.36015625
5 0.30234375 0.5265625 0.17109375 0.2265625
3 0.3234375 0.7734375 0.0953125 0.21328125
3 0.67578125 0.43828125 0.03125 0.09296875
3 0.65703125 0.3515625 0.03671875 0.0796875
3 0.57734375 0.25390625 0.01328125 0.03203125
3 0.47578125 0.290625 0.015625 0.04140625
3 0.4890625 0.278125 0.015625 0.03984375
3 0.503125 0.26484375 0.01484375 0.03671875
3 0.51328125 0.26484375 0.01484375 0.03359375
3 0.44765625 0.31015625 0.03203125 0.05703125