1 0.40859375 0.66015625 0.165625 0.18359375
1 0.4328125 0.475 0.08671875 0.1203125
1 0.3671875 0.34453125 0.03359375 0.06484375
4 0.41015625 0.3234375 0.0421875 0.053125
1 0.496875 0.36015625 0.053125 0.08671875
3 0.46015625 0.36796875 0.0390625 0.0734375
2 0.890625 0.8 0.21796875 0.4
1 0.8640625 0.4921875 0.1359375 0.1546875
3 0.66484375 0.4171875 0.0546875 0.0984375
3 0.63671875 0.35234375 0.0234375 0.0515625
3 0.6203125 0.3296875 0.0203125 0.046875
3 0.68359375 0.3546875 0.04140625 0.0796875
3 0.571875 0.321875 0.02109375 0.0703125
3 0.59453125 0.28984375 0.01484375 0.04296875
3 0.57578125 0.2609375 0.00703125 0.03203125
1 0.50078125 0.2921875 0.02578125 0.0484375