1 0.16015625 0.53203125 0.0953125 0.08359375
1 0.23046875 0.46484375 0.08359375 0.0703125
0 0.390625 0.36796875 0.10234375 0.1734375
1 0.446875 0.54765625 0.065625 0.11484375
1 0.6390625 0.60703125 0.08984375 0.13671875
1 0.04609375 0.9046875 0.0921875 0.18984375
1 0.80390625 0.83515625 0.1890625 0.29296875
3 0.778125 0.66640625 0.05546875 0.06640625
1 0.72265625 0.53828125 0.08203125 0.11328125
4 0.64296875 0.4578125 0.0578125 0.128125
1 0.83828125 0.51796875 0.1 0.11015625
1 0.64609375 0.33828125 0.03359375 0.05703125
1 0.58515625 0.3140625 0.028125 0.03828125