3 0.21875 0.65390625 0.06875 0.13515625
1 0.3703125 0.82734375 0.1625 0.3046875
3 0.35546875 0.54609375 0.05 0.0953125
3 0.34453125 0.4765625 0.0296875 0.06640625
1 0.4375 0.51328125 0.0703125 0.11015625
3 0.4140625 0.3796875 0.015625 0.05
3 0.43515625 0.33359375 0.03125 0.053125
1 0.40234375 0.31328125 0.0359375 0.053125
1 0.36171875 0.3453125 0.05234375 0.04296875
4 0.22265625 0.45234375 0.1359375 0.1453125
0 0.47578125 0.2984375 0.01484375 0.03984375
1 0.4984375 0.290625 0.01640625 0.0484375
0 0.5046875 0.253125 0.03203125 0.05703125
5 0.5890625 0.28359375 0.02578125 0.06328125