4 0.68984375 0.47578125 0.0734375 0.11171875
4 0.7078125 0.40703125 0.08125 0.1265625
4 0.796875 0.50390625 0.1015625 0.08828125
1 0.87109375 0.4875 0.1015625 0.11484375
1 0.78203125 0.5515625 0.096875 0.1296875
1 0.94296875 0.6546875 0.11328125 0.196875
1 0.784375 0.73359375 0.128125 0.2203125
1 0.6625 0.6640625 0.1125 0.178125
1 0.73203125 0.8640625 0.2109375 0.25859375
1 0.6296875 0.478125 0.05859375 0.103125
1 0.60546875 0.41953125 0.05234375 0.06796875
1 0.5953125 0.3640625 0.0421875 0.06171875
1 0.58671875 0.34453125 0.0296875 0.0484375
1 0.6296875 0.3421875 0.03984375 0.05859375
1 0.60546875 0.303125 0.0234375 0.03671875
1 0.5703125 0.30078125 0.0234375 0.04140625
0 0.59921875 0.2703125 0.0234375 0.03984375
3 0.896875 0.5421875 0.04375 0.11484375
3 0.228125 0.5671875 0.06015625 0.1046875
3 0.60234375 0.5609375 0.0453125 0.1046875
3 0.571875 0.26640625 0.02109375 0.01640625
3 0.45859375 0.296875 0.01640625 0.03359375
3 0.41796875 0.35 0.01875 0.03359375
1 0.5140625 0.30703125 0.03125 0.04296875
2 0.43671875 0.3359375 0.03671875 0.06171875
1 0.5203125 0.27421875 0.021875 0.03515625
1 0.346875 0.35859375 0.04921875 0.05
1 0.375 0.33671875 0.0296875 0.03984375
1 0.39453125 0.321875 0.03359375 0.05
1 0.41328125 0.29921875 0.03671875 0.0453125