3 0.38359375 0.6125 0.06015625 0.14140625
3 0.309375 0.6078125 0.0453125 0.13515625
3 0.24765625 0.8171875 0.0859375 0.23828125
3 0.4546875 0.33046875 0.021875 0.05859375
1 0.8359375 0.4578125 0.07890625 0.10859375
1 0.66953125 0.29609375 0.03359375 0.0515625
1 0.59921875 0.27578125 0.02109375 0.0453125
5 0.5734375 0.284375 0.028125 0.06171875
2 0.61640625 0.2953125 0.0421875 0.05
4 0.7453125 0.3671875 0.06875 0.1015625
1 0.496875 0.2796875 0.0296875 0.046875
1 0.3890625 0.31640625 0.02890625 0.03671875
1 0.36484375 0.34296875 0.04921875 0.053125
1 0.22109375 0.4828125 0.084375 0.11171875
1 0.16015625 0.5359375 0.1578125 0.11796875
1 0.63671875 0.26796875 0.01484375 0.0296875