3 0.96328125 0.87421875 0.0734375 0.2515625
4 0.4875 0.303125 0.0453125 0.0734375
4 0.4625 0.27265625 0.02421875 0.0453125
0 0.51015625 0.25546875 0.0234375 0.06171875
3 0.678125 0.39609375 0.0578125 0.1015625
1 0.8421875 0.465625 0.09453125 0.20859375
1 0.66796875 0.290625 0.0390625 0.0546875
1 0.63203125 0.26328125 0.03671875 0.03671875
1 0.3671875 0.45 0.11328125 0.103125
1 0.48515625 0.38203125 0.053125 0.0796875
1 0.47734375 0.334375 0.04375 0.06171875
1 0.403125 0.33203125 0.0453125 0.06328125
1 0.36875 0.34765625 0.065625 0.06171875
1 0.33203125 0.38828125 0.0875 0.08359375
1 0.16875 0.5125 0.18203125 0.16484375
1 0.4 0.70546875 0.196875 0.225
3 0.3296875 0.4 0.03671875 0.08984375
3 0.59296875 0.2609375 0.01484375 0.028125
3 0.584375 0.25546875 0.02109375 0.021875