0 0.85625 0.69140625 0.2875 0.48984375
3 0.621875 0.5609375 0.05859375 0.16171875
4 0.63359375 0.38828125 0.06015625 0.103125
3 0.7390625 0.4625 0.05 0.0984375
1 0.8734375 0.49296875 0.11640625 0.15
3 0.9546875 0.59609375 0.08125 0.13515625
1 0.73828125 0.3796875 0.0796875 0.11328125
5 0.5921875 0.28046875 0.03203125 0.0484375
1 0.56640625 0.28359375 0.02421875 0.03984375
3 0.6140625 0.2828125 0.02109375 0.0484375
1 0.48125 0.26171875 0.02578125 0.04296875
1 0.4 0.32890625 0.04140625 0.06484375
1 0.36875 0.3359375 0.0453125 0.06171875
1 0.3578125 0.43984375 0.08984375 0.11015625
3 0.23125 0.7515625 0.184375 0.2