3 0.30546875 0.58828125 0.0421875 0.08359375
3 0.87578125 0.4890625 0.04375 0.06796875
3 0.3984375 0.41484375 0.01875 0.053125
1 0.31953125 0.39609375 0.05703125 0.0546875
1 0.3421875 0.35859375 0.0359375 0.04296875
1 0.3671875 0.34296875 0.03203125 0.05
1 0.39765625 0.321875 0.0234375 0.053125
1 0.39765625 0.3609375 0.0453125 0.04140625
1 0.46953125 0.29921875 0.034375 0.03515625
1 0.50546875 0.32734375 0.02109375 0.04140625
1 0.63515625 0.4125 0.05078125 0.08203125
1 0.571875 0.2796875 0.03359375 0.06015625
1 0.10546875 0.80078125 0.19453125 0.15859375
1 0.3171875 0.90078125 0.12265625 0.1984375