1 0.0671875 0.79609375 0.134375 0.31796875
1 0.63671875 0.4828125 0.065625 0.1515625
1 0.875 0.51171875 0.13359375 0.18671875
1 0.3578125 0.36171875 0.046875 0.06015625
1 0.36796875 0.334375 0.04453125 0.0515625
1 0.39609375 0.3203125 0.0453125 0.05703125
1 0.4703125 0.27109375 0.0203125 0.03828125
3 0.8078125 0.62265625 0.10546875 0.1953125
3 0.625 0.375 0.03359375 0.0765625
3 0.646875 0.346875 0.034375 0.096875
3 0.584375 0.25390625 0.01640625 0.0453125
0 0.575 0.234375 0.015625 0.025
0 0.5890625 0.2328125 0.015625 0.028125