3 0.18203125 0.77265625 0.14375 0.2453125
3 0.37890625 0.43046875 0.05 0.121875
3 0.30625 0.41171875 0.03203125 0.0703125
3 0.33359375 0.40859375 0.03125 0.06328125
3 0.434375 0.3546875 0.034375 0.0796875
3 0.46015625 0.4765625 0.03671875 0.11640625
3 0.5125 0.359375 0.03359375 0.0546875
1 0.171875 0.51484375 0.228125 0.13984375
1 0.396875 0.63359375 0.20703125 0.18359375
1 0.32421875 0.38671875 0.0609375 0.08671875
1 0.36328125 0.34453125 0.05546875 0.09140625
1 0.43984375 0.44609375 0.05234375 0.08828125
1 0.46484375 0.36015625 0.0625 0.096875
1 0.46171875 0.32578125 0.0453125 0.0484375
1 0.49140625 0.32421875 0.04453125 0.05859375
1 0.49375 0.31171875 0.03125 0.03984375
1 0.43984375 0.27734375 0.04375 0.0453125
0 0.46171875 0.28828125 0.0734375 0.0796875
0 0.503125 0.26484375 0.06328125 0.0796875
1 0.8359375 0.478125 0.128125 0.1296875
1 0.66640625 0.30390625 0.04140625 0.078125
1 0.6359375 0.271875 0.02578125 0.053125