1 0.3140625 0.84453125 0.15234375 0.24140625
2 0.4484375 0.5140625 0.08125 0.1484375
1 0.14921875 0.5390625 0.11015625 0.11796875
1 0.21328125 0.4796875 0.08203125 0.06640625
1 0.6625 0.434375 0.05703125 0.08203125
1 0.83203125 0.4515625 0.0765625 0.0734375
1 0.365625 0.34453125 0.0375 0.03828125
1 0.39453125 0.325 0.0296875 0.0265625
1 0.4921875 0.2984375 0.028125 0.03359375
1 0.66484375 0.29453125 0.0265625 0.028125
3 0.75703125 0.51796875 0.03671875 0.08984375
3 0.26171875 0.61953125 0.046875 0.1015625
3 0.48359375 0.384375 0.015625 0.0515625
3 0.47109375 0.31953125 0.01875 0.03828125
0 0.57578125 0.2578125 0.02421875 0.0484375