1 0.8171875 0.44296875 0.1046875 0.13984375
1 0.8984375 0.50859375 0.09765625 0.2203125
1 0.590625 0.384375 0.0625 0.125
1 0.834375 0.8359375 0.28125 0.328125
1 0.2734375 0.70390625 0.20234375 0.18828125
1 0.44375 0.49921875 0.11328125 0.16796875
1 0.365625 0.3375 0.05 0.071875
1 0.39921875 0.3171875 0.03984375 0.08515625
1 0.5734375 0.26015625 0.02109375 0.053125
1 0.6 0.25859375 0.01875 0.0296875
1 0.66640625 0.2875 0.0421875 0.0484375
3 0.359375 0.49921875 0.07421875 0.125
3 0.14140625 0.71953125 0.13203125 0.18203125
3 0.44765625 0.33359375 0.0296875 0.06015625
3 0.4703125 0.32578125 0.01796875 0.08828125
3 0.60234375 0.29140625 0.01640625 0.05
2 0.5828125 0.309375 0.046875 0.08203125
4 0.46640625 0.2734375 0.02109375 0.046875