1 0.8359375 0.46171875 0.09453125 0.1203125
1 0.64609375 0.36484375 0.0375 0.096875
1 0.66640625 0.303125 0.03203125 0.05703125
1 0.36953125 0.34765625 0.04921875 0.0546875
1 0.39765625 0.325 0.0390625 0.06015625
1 0.22265625 0.48671875 0.11484375 0.1
1 0.1265625 0.521875 0.146875 0.1265625
3 0.18828125 0.6234375 0.05546875 0.1234375
3 0.4375 0.525 0.04765625 0.11015625
3 0.2921875 0.55859375 0.053125 0.11640625
3 0.4484375 0.41015625 0.03125 0.103125
3 0.4890625 0.40546875 0.0296875 0.075
3 0.46953125 0.32265625 0.01875 0.05859375
3 0.48984375 0.3109375 0.01640625 0.0515625
3 0.49375 0.33046875 0.00859375 0.04140625
3 0.68671875 0.40859375 0.01484375 0.0796875
4 0.784375 0.625 0.13984375 0.23671875
5 0.5828125 0.3375 0.05546875 0.11171875
3 0.59921875 0.28203125 0.0203125 0.05
1 0.5703125 0.25859375 0.021875 0.05
1 0.5796875 0.2515625 0.0125 0.03359375
3 0.4890625 0.27421875 0.0234375 0.03515625