1 0.1875 0.89296875 0.31484375 0.2140625
1 0.83203125 0.4578125 0.07421875 0.08828125
1 0.69375 0.38984375 0.059375 0.07265625
1 0.40390625 0.5296875 0.07734375 0.121875
1 0.45859375 0.42421875 0.053125 0.08671875
1 0.36640625 0.34375 0.02890625 0.04609375
1 0.39453125 0.32421875 0.0375 0.0359375
1 0.48203125 0.3078125 0.02890625 0.03828125
1 0.5703125 0.2890625 0.02265625 0.03984375
1 0.6453125 0.28125 0.02421875 0.03046875
0 0.5984375 0.27890625 0.03125 0.05
2 0.29296875 0.41796875 0.0734375 0.0921875
2 0.59921875 0.365625 0.04140625 0.090625
2 0.51171875 0.28046875 0.015625 0.04609375
3 0.6265625 0.31875 0.01875 0.03984375