3 0.4328125 0.521875 0.065625 0.1734375
3 0.19375 0.803125 0.146875 0.23984375
3 0.48671875 0.3078125 0.02109375 0.0453125
3 0.5078125 0.28046875 0.02109375 0.0453125
3 0.60859375 0.31484375 0.028125 0.053125
3 0.61015625 0.28359375 0.01796875 0.03671875
2 0.753125 0.6890625 0.2203125 0.36796875
4 0.46171875 0.26640625 0.034375 0.06328125
1 0.48203125 0.2515625 0.01640625 0.0796875
1 0.471875 0.33203125 0.0546875 0.08984375
1 0.4890625 0.37265625 0.0453125 0.0546875
1 0.471875 0.43359375 0.0734375 0.06640625
1 0.41953125 0.315625 0.03671875 0.08828125
1 0.3875 0.32109375 0.05 0.05859375
1 0.35625 0.33359375 0.08125 0.0734375
1 0.153125 0.51953125 0.1671875 0.21796875
1 0.3328125 0.8890625 0.340625 0.221875
1 0.85390625 0.4859375 0.16015625 0.21796875
1 0.6046875 0.40234375 0.06640625 0.1015625
1 0.6796875 0.31015625 0.0625 0.06640625
1 0.63359375 0.271875 0.03359375 0.03671875
1 0.57265625 0.2625 0.01796875 0.0515625