1 0.0609375 0.628125 0.121875 0.13125
1 0.31484375 0.3953125 0.05 0.04375
1 0.3546875 0.3625 0.0375 0.04375
1 0.37265625 0.34921875 0.04296875 0.04296875
1 0.39609375 0.3265625 0.0390625 0.05234375
1 0.48125 0.3015625 0.028125 0.04140625
1 0.5765625 0.29921875 0.01796875 0.04375
4 0.64375 0.303125 0.02734375 0.06171875
3 0.87109375 0.49140625 0.0515625 0.07890625
3 0.64375 0.434375 0.040625 0.0640625
3 0.6109375 0.33828125 0.01171875 0.02265625
3 0.6 0.303125 0.01328125 0.03828125
3 0.73671875 0.59765625 0.04453125 0.1140625