3 0.340625 0.44375 0.02578125 0.059375
3 0.4609375 0.34765625 0.01328125 0.04765625
3 0.43515625 0.36171875 0.01640625 0.03828125
3 0.44609375 0.3484375 0.01796875 0.0421875
3 0.88203125 0.496875 0.02890625 0.06875
1 0.84375 0.459375 0.08125 0.1140625
1 0.46484375 0.43515625 0.06328125 0.07578125
1 0.37265625 0.340625 0.0421875 0.04375
1 0.35546875 0.353125 0.04296875 0.04609375
1 0.31171875 0.3859375 0.05390625 0.0609375
1 0.2859375 0.4234375 0.05859375 0.07109375
2 0.2140625 0.46796875 0.08984375 0.11484375
2 0.49375 0.28125 0.01875 0.028125
1 0.08984375 0.90234375 0.17890625 0.19375
1 0.85234375 0.46796875 0.08515625 0.11484375
1 0.5828125 0.26328125 0.01484375 0.02578125
3 0.59140625 0.35390625 0.01953125 0.06015625