1 0.60859375 0.35703125 0.0390625 0.0734375
1 0.828125 0.453125 0.096875 0.1203125
1 0.6703125 0.3 0.03984375 0.05703125
1 0.3953125 0.31796875 0.03671875 0.06015625
1 0.371875 0.3390625 0.034375 0.06171875
1 0.21171875 0.48046875 0.11015625 0.1015625
5 0.5109375 0.2890625 0.02578125 0.0515625
3 0.5921875 0.3015625 0.02578125 0.04296875
3 0.73515625 0.43671875 0.03984375 0.10703125
3 0.575 0.26640625 0.01328125 0.03359375
3 0.478125 0.30390625 0.0203125 0.0546875
3 0.33984375 0.3921875 0.034375 0.08515625
0 0.58359375 0.234375 0.0125 0.03203125