1 0.31953125 0.378125 0.13828125 0.21328125
1 0.415625 0.70078125 0.21796875 0.375
3 0.14921875 0.85234375 0.0953125 0.2953125
0 0.80859375 0.59921875 0.3828125 0.8015625
1 0.5546875 0.11640625 0.06015625 0.1234375
1 0.44609375 0.09140625 0.07578125 0.1265625
4 0.37578125 0.16796875 0.06875 0.13984375
3 0.415625 0.23984375 0.03984375 0.1296875
3 0.4484375 0.29609375 0.03359375 0.15859375
3 0.53125 0.04296875 0.021875 0.06015625
3 0.57734375 0.04140625 0.021875 0.04296875
2 0.80390625 0.1234375 0.11328125 0.13984375