3 0.61796875 0.40546875 0.0375 0.0546875
3 0.59609375 0.30078125 0.015625 0.03515625
3 0.7203125 0.42109375 0.028125 0.071875
3 0.8765625 0.50234375 0.046875 0.06796875
3 0.90390625 0.60859375 0.0453125 0.09296875
1 0.75546875 0.68984375 0.1390625 0.23359375
1 0.3109375 0.396875 0.05703125 0.06328125
1 0.3765625 0.35078125 0.04140625 0.0484375
1 0.415625 0.31171875 0.04453125 0.0203125
1 0.4484375 0.2859375 0.02109375 0.025
1 0.48671875 0.27265625 0.02109375 0.021875
1 0.5859375 0.27578125 0.021875 0.021875
1 0.578125 0.25859375 0.021875 0.0265625
1 0.58828125 0.3453125 0.03125 0.04296875
1 0.61875 0.4921875 0.065625 0.0984375
1 0.678125 0.43984375 0.0546875 0.09296875
1 0.30390625 0.48984375 0.08125 0.08671875