1 0.146875 0.540625 0.153125 0.1484375
1 0.334375 0.39609375 0.08203125 0.08203125
1 0.365625 0.34921875 0.06328125 0.06484375
1 0.3984375 0.31953125 0.05703125 0.05859375
1 0.5703125 0.321875 0.02890625 0.05
1 0.6640625 0.29296875 0.0375 0.06015625
1 0.63671875 0.26796875 0.02578125 0.03984375
1 0.8296875 0.4546875 0.09375 0.146875
1 0.57421875 0.24609375 0.02421875 0.03828125
1 0.50546875 0.2984375 0.0296875 0.0765625
0 0.47890625 0.275 0.0453125 0.11015625
0 0.6 0.321875 0.04765625 0.11015625
3 0.78203125 0.715625 0.065625 0.21484375
3 0.959375 0.84609375 0.08125 0.3078125
3 0.76640625 0.5609375 0.05546875 0.125
3 0.721875 0.48203125 0.06640625 0.10703125
3 0.621875 0.4171875 0.03984375 0.0984375
3 0.33046875 0.39453125 0.03203125 0.075
3 0.30859375 0.4 0.0296875 0.0765625