3 0.21875 0.8203125 0.0953125 0.13671875
3 0.33125 0.6453125 0.0578125 0.11640625
3 0.37265625 0.48828125 0.03984375 0.08671875
3 0.30078125 0.4984375 0.03203125 0.0734375
3 0.45625 0.3203125 0.02578125 0.03359375
3 0.48515625 0.30703125 0.021875 0.06015625
3 0.8890625 0.490625 0.04140625 0.0546875
1 0.8375 0.4640625 0.06640625 0.09140625
1 0.27578125 0.4234375 0.04453125 0.05703125
1 0.3140625 0.39765625 0.0546875 0.075
1 0.35234375 0.353125 0.03203125 0.05
1 0.3734375 0.34453125 0.0359375 0.0546875
1 0.503125 0.30859375 0.034375 0.05703125
1 0.3515625 0.8421875 0.1578125 0.28515625
2 0.22109375 0.47890625 0.08984375 0.1015625