3 0.76484375 0.61015625 0.0546875 0.153125
2 0.6453125 0.53828125 0.11328125 0.2
1 0.86484375 0.4953125 0.13046875 0.16015625
3 0.65703125 0.375 0.0375 0.046875
3 0.62578125 0.33671875 0.01015625 0.03671875
3 0.62578125 0.31015625 0.0109375 0.03671875
3 0.64609375 0.3390625 0.02421875 0.0515625
0 0.58828125 0.3015625 0.0421875 0.08671875
3 0.61484375 0.2796875 0.0203125 0.04296875
1 0.5078125 0.27578125 0.01875 0.03515625
1 0.484375 0.28671875 0.03203125 0.03671875
0 0.4 0.375 0.109375 0.1796875
2 0.33203125 0.39765625 0.07421875 0.0984375
4 0.22265625 0.459375 0.11015625 0.128125