3 0.25625 0.57890625 0.0390625 0.078125
3 0.415625 0.41484375 0.02421875 0.05703125
3 0.45234375 0.3671875 0.021875 0.04140625
3 0.4265625 0.3453125 0.01484375 0.03671875
1 0.89765625 0.80703125 0.17890625 0.303125
1 0.4328125 0.525 0.08203125 0.11640625
1 0.14765625 0.53828125 0.1234375 0.11015625
1 0.21328125 0.4796875 0.06875 0.0703125
1 0.36875 0.34609375 0.03671875 0.04140625
1 0.3953125 0.32421875 0.03671875 0.03515625
1 0.58203125 0.3140625 0.03203125 0.0453125
1 0.8296875 0.4578125 0.078125 0.08515625
1 0.66484375 0.2953125 0.0265625 0.03359375
4 0.753125 0.37578125 0.04453125 0.06484375
0 0.4828125 0.303125 0.046875 0.08359375