1 0.175 0.54921875 0.18984375 0.18515625
1 0.31953125 0.38828125 0.07578125 0.0765625
1 0.39375 0.31953125 0.06640625 0.05859375
1 0.446875 0.28203125 0.03671875 0.053125
1 0.834375 0.4578125 0.10234375 0.125
1 0.603125 0.32109375 0.0359375 0.06796875
1 0.66796875 0.2984375 0.03671875 0.04296875
4 0.753125 0.37890625 0.053125 0.08828125
4 0.45859375 0.265625 0.028125 0.0453125
3 0.56796875 0.31953125 0.03125 0.06171875
1 0.63359375 0.26484375 0.0234375 0.03359375
0 0.1046875 0.72109375 0.209375 0.5578125