3 0.7265625 0.421875 0.02578125 0.046875
3 0.92109375 0.734375 0.08125 0.1953125
3 0.6 0.3171875 0.01484375 0.04140625
3 0.59453125 0.2921875 0.01640625 0.03515625
3 0.66484375 0.31796875 0.01796875 0.0203125
1 0.609375 0.40390625 0.04921875 0.06796875
1 0.371875 0.68046875 0.13203125 0.128125
1 0.70859375 0.66328125 0.11328125 0.18671875
1 0.57578125 0.28984375 0.01875 0.03984375
1 0.35546875 0.3625 0.02109375 0.0484375
1 0.37578125 0.3359375 0.0265625 0.04140625
1 0.5046875 0.2671875 0.015625 0.03515625
3 0.878125 0.5 0.04140625 0.0765625