1 0.21640625 0.47734375 0.11484375 0.08828125
1 0.8328125 0.45234375 0.0796875 0.121875
1 0.60703125 0.38515625 0.0421875 0.0703125
1 0.57421875 0.27890625 0.0203125 0.025
1 0.56953125 0.24765625 0.01328125 0.03203125
3 0.81484375 0.47265625 0.0375 0.1015625
3 0.759375 0.803125 0.11796875 0.253125
3 0.61796875 0.3453125 0.0234375 0.05703125
3 0.603125 0.31796875 0.0125 0.046875
3 0.60078125 0.2953125 0.01328125 0.0296875
3 0.57734375 0.3109375 0.01796875 0.03828125
3 0.33828125 0.3875 0.0453125 0.06796875
3 0.4765625 0.27890625 0.01640625 0.03515625
0 0.621875 0.26171875 0.0375 0.0703125
0 0.1640625 0.76875 0.328125 0.4625
1 0.3640625 0.33671875 0.0453125 0.04296875
1 0.4046875 0.31953125 0.046875 0.03515625