3 0.72265625 0.74296875 0.05078125 0.11328125
3 0.81015625 0.771875 0.05859375 0.13671875
3 0.83359375 0.60078125 0.0453125 0.08515625
3 0.6421875 0.490625 0.03671875 0.078125
3 0.59453125 0.4 0.02109375 0.04296875
3 0.6515625 0.3921875 0.021875 0.04140625
3 0.60703125 0.36015625 0.01796875 0.03671875
1 0.42734375 0.3421875 0.0296875 0.04140625
1 0.48828125 0.33828125 0.03125 0.053125
0 0.465625 0.28203125 0.05 0.1
1 0.365625 0.3390625 0.0390625 0.04140625
1 0.39453125 0.321875 0.0265625 0.03359375
1 0.42890625 0.690625 0.0953125 0.16484375
0 0.18046875 0.70234375 0.3609375 0.5921875
1 0.82734375 0.44921875 0.06875 0.08515625
1 0.88515625 0.5 0.09140625 0.103125
4 0.7015625 0.3609375 0.0453125 0.06796875
1 0.56640625 0.2859375 0.0234375 0.04140625
1 0.5921875 0.2890625 0.02109375 0.0453125
1 0.66640625 0.29140625 0.0203125 0.03984375