2 0.7609375 0.6828125 0.1515625 0.2484375
1 0.6046875 0.396875 0.04375 0.06328125
1 0.82734375 0.45078125 0.078125 0.078125
1 0.33203125 0.88671875 0.1765625 0.2265625
1 0.14921875 0.54296875 0.11640625 0.11015625
3 0.4265625 0.503125 0.0296875 0.0796875
1 0.47578125 0.43203125 0.046875 0.06328125
1 0.48828125 0.3671875 0.0359375 0.0453125
1 0.459375 0.33828125 0.03125 0.03359375
1 0.4203125 0.334375 0.0359375 0.03203125
1 0.3921875 0.33046875 0.021875 0.03203125
3 0.21015625 0.83203125 0.0625 0.15703125
3 0.60546875 0.31015625 0.01484375 0.0296875
1 0.66875 0.3 0.03984375 0.03671875