1 0.82578125 0.4453125 0.0765625 0.0734375
1 0.884375 0.4984375 0.0953125 0.096875
1 0.66640625 0.303125 0.0296875 0.03984375
1 0.58359375 0.290625 0.02578125 0.03515625
1 0.39453125 0.3203125 0.03671875 0.03671875
1 0.3671875 0.3421875 0.04140625 0.03515625
3 0.23046875 0.68359375 0.05546875 0.11015625
3 0.2875 0.68515625 0.04765625 0.11328125
3 0.42890625 0.6421875 0.04765625 0.10859375
3 0.41015625 0.534375 0.03359375 0.08203125
3 0.4328125 0.38359375 0.028125 0.05
3 0.48359375 0.35390625 0.02421875 0.0484375
3 0.63828125 0.375 0.0265625 0.06328125
3 0.3015625 0.4078125 0.0234375 0.03515625