4 0.365625 0.7015625 0.20546875 0.3
4 0.41796875 0.3625 0.03671875 0.06796875
1 0.15390625 0.5546875 0.159375 0.1796875
1 0.38671875 0.4953125 0.1203125 0.13671875
1 0.4828125 0.43828125 0.0890625 0.09296875
1 0.4375 0.4 0.05859375 0.0703125
1 0.49453125 0.37734375 0.05234375 0.078125
1 0.50703125 0.32734375 0.03125 0.03203125
1 0.5078125 0.3 0.02578125 0.053125
1 0.5046875 0.2796875 0.02578125 0.03671875
0 0.50859375 0.25078125 0.021875 0.028125
1 0.46953125 0.29453125 0.034375 0.0453125
1 0.3890625 0.3140625 0.04921875 0.04140625
1 0.35625 0.3375 0.0765625 0.0546875
1 0.32265625 0.37890625 0.06875 0.071875
1 0.4328125 0.3359375 0.04765625 0.05859375
1 0.803125 0.44765625 0.115625 0.13515625
1 0.6640625 0.28359375 0.0359375 0.06015625
1 0.6375 0.25859375 0.0296875 0.0296875
3 0.6140625 0.29609375 0.01484375 0.04140625
3 0.621875 0.3 0.02578125 0.05703125
3 0.58125 0.2703125 0.0234375 0.03671875
3 0.4640625 0.32109375 0.0265625 0.04140625
3 0.38671875 0.3703125 0.03125 0.05703125
3 0.315625 0.4078125 0.04453125 0.08828125
4 0.46171875 0.2671875 0.021875 0.071875