1 0.384375 0.6703125 0.11484375 0.16328125
1 0.1453125 0.5359375 0.11796875 0.11484375
1 0.83125 0.45 0.0765625 0.103125
1 0.32890625 0.3890625 0.053125 0.0453125
1 0.36640625 0.34609375 0.0390625 0.03828125
1 0.4609375 0.3171875 0.0296875 0.03515625
1 0.61015625 0.35078125 0.04140625 0.0515625
1 0.596875 0.31484375 0.03203125 0.03359375
1 0.39765625 0.32265625 0.0296875 0.03828125
3 0.64765625 0.38984375 0.02109375 0.06015625
5 0.5734375 0.2640625 0.0203125 0.05
1 0.66640625 0.29453125 0.02265625 0.03359375