1 0.36875 0.35078125 0.0390625 0.06171875
1 0.39296875 0.3203125 0.05234375 0.06640625
1 0.46640625 0.2640625 0.0296875 0.0453125
1 0.5875 0.28671875 0.02890625 0.03671875
1 0.5953125 0.31796875 0.05078125 0.05
1 0.66953125 0.29921875 0.0359375 0.0484375
1 0.63046875 0.55234375 0.1109375 0.13515625
1 0.67578125 0.71328125 0.115625 0.25
1 0.7515625 0.65078125 0.1578125 0.23828125
1 0.80703125 0.5359375 0.1078125 0.13203125
1 0.87890625 0.49140625 0.12109375 0.146875
1 0.90546875 0.68203125 0.17890625 0.2
1 0.89296875 0.8421875 0.2140625 0.31484375
1 0.58515625 0.2546875 0.01796875 0.0234375
3 0.3421875 0.3953125 0.034375 0.06640625
3 0.596875 0.2546875 0.02109375 0.03671875