4 0.340625 0.68828125 0.24765625 0.29296875
1 0.809375 0.771875 0.23359375 0.28359375
1 0.8828125 0.5015625 0.14375 0.16015625
1 0.67421875 0.46015625 0.0875 0.1796875
1 0.7359375 0.3765625 0.08125 0.1
1 0.62578125 0.29453125 0.03125 0.0546875
1 0.57578125 0.28671875 0.028125 0.046875
1 0.36796875 0.34453125 0.046875 0.0515625
1 0.3890625 0.32421875 0.0359375 0.0546875
1 0.50859375 0.303125 0.0390625 0.06015625
3 0.4859375 0.29296875 0.00859375 0.05
1 0.46796875 0.284375 0.021875 0.0515625
1 0.01328125 0.665625 0.0265625 0.0984375
5 0.57421875 0.246875 0.015625 0.05