1 0.25859375 0.5984375 0.2171875 0.1796875
1 0.3546875 0.43515625 0.0953125 0.08984375
1 0.36328125 0.37109375 0.0546875 0.06171875
1 0.3703125 0.34453125 0.0375 0.04140625
1 0.39140625 0.32109375 0.0375 0.03828125
1 0.4984375 0.28984375 0.02890625 0.03671875
3 0.41875 0.34140625 0.01875 0.053125
3 0.33828125 0.38671875 0.03671875 0.04296875
3 0.5625 0.34140625 0.015625 0.05703125
3 0.57421875 0.32578125 0.01328125 0.0484375
3 0.6203125 0.3625 0.01640625 0.05859375
3 0.61640625 0.68984375 0.04375 0.16015625
1 0.69609375 0.80546875 0.13359375 0.26484375
1 0.7859375 0.7765625 0.12890625 0.28359375
1 0.73359375 0.95390625 0.16328125 0.09140625
1 0.94453125 0.6609375 0.11015625 0.171875
1 0.78984375 0.56328125 0.09453125 0.1203125
1 0.6140625 0.503125 0.0625 0.08984375
1 0.67421875 0.4578125 0.06796875 0.078125
1 0.87265625 0.4859375 0.08359375 0.11484375
1 0.6078125 0.42734375 0.04765625 0.08515625
1 0.60546875 0.38828125 0.04140625 0.053125
1 0.58515625 0.3484375 0.0265625 0.05
1 0.5953125 0.2875 0.01796875 0.03515625
1 0.60546875 0.2703125 0.02578125 0.0296875
1 0.57265625 0.26953125 0.0203125 0.025
0 0.6609375 0.3484375 0.0578125 0.11328125
2 0.61484375 0.309375 0.03984375 0.06484375
2 0.79921875 0.4625 0.065625 0.0953125
4 0.74375 0.45390625 0.09140625 0.11171875
4 0.709375 0.53203125 0.0890625 0.1203125
4 0.840625 0.5109375 0.08671875 0.08203125