1 0.1421875 0.83046875 0.284375 0.3015625
1 0.35 0.8890625 0.2046875 0.221875
3 0.26640625 0.5390625 0.034375 0.125
3 0.359375 0.4546875 0.05078125 0.1203125
3 0.39453125 0.396875 0.0265625 0.08359375
3 0.37890625 0.3765625 0.01484375 0.06328125
4 0.425 0.40390625 0.03671875 0.1015625
4 0.4671875 0.40859375 0.046875 0.13359375
1 0.49453125 0.35703125 0.02890625 0.0703125
1 0.884375 0.49140625 0.15703125 0.15703125
1 0.73046875 0.36640625 0.06875 0.1203125
4 0.51484375 0.30234375 0.04453125 0.075
1 0.48984375 0.30390625 0.034375 0.0484375
1 0.4015625 0.3328125 0.046875 0.0546875
1 0.35859375 0.33828125 0.05859375 0.04296875
1 0.4328125 0.29453125 0.0421875 0.03828125