3 0.66484375 0.471875 0.0390625 0.13984375
3 0.58359375 0.25234375 0.0125 0.03203125
3 0.59140625 0.2765625 0.0109375 0.0234375
3 0.34375 0.39609375 0.04921875 0.0953125
1 0.19765625 0.4796875 0.14765625 0.153125
1 0.82265625 0.428125 0.12890625 0.16015625
1 0.890625 0.50546875 0.103125 0.1515625
1 0.66640625 0.29765625 0.04375 0.05859375
1 0.59140625 0.290625 0.0359375 0.05859375
1 0.396875 0.32265625 0.02890625 0.05859375
1 0.3671875 0.3359375 0.065625 0.06484375
4 0.46796875 0.26796875 0.03359375 0.0734375