1 0.40703125 0.66484375 0.09140625 0.153125
2 0.209375 0.47578125 0.0703125 0.1046875
1 0.3875 0.45390625 0.05703125 0.0984375
1 0.27734375 0.425 0.05 0.08359375
1 0.31328125 0.38828125 0.04140625 0.05
1 0.34453125 0.35703125 0.02890625 0.05
1 0.36328125 0.3359375 0.0359375 0.06796875
1 0.5125 0.3125 0.034375 0.03515625
3 0.328125 0.46796875 0.0359375 0.0765625
1 0.8390625 0.4640625 0.08984375 0.09140625
1 0.5015625 0.27578125 0.0203125 0.025
1 0.58359375 0.240625 0.0125 0.01796875
1 0.63984375 0.27578125 0.0109375 0.028125
3 0.640625 0.39609375 0.0265625 0.0515625
3 0.65546875 0.353125 0.028125 0.05
3 0.88046875 0.49296875 0.04375 0.08671875
3 0.59609375 0.26953125 0.01328125 0.021875
3 0.48671875 0.275 0.01875 0.0234375