1 0.21484375 0.7921875 0.196875 0.21796875
1 0.06640625 0.7296875 0.1328125 0.16875
1 0.15625 0.53203125 0.103125 0.1
1 0.2296875 0.4640625 0.09453125 0.078125
3 0.43359375 0.34609375 0.0265625 0.04140625
1 0.6171875 0.5046875 0.084375 0.103125
3 0.85 0.5671875 0.0421875 0.1046875
3 0.96328125 0.8078125 0.0734375 0.175
0 0.73984375 0.47890625 0.18046875 0.33515625
2 0.61796875 0.34921875 0.03984375 0.06171875
0 0.59453125 0.30859375 0.034375 0.06328125
1 0.64609375 0.296875 0.02890625 0.03671875
0 0.5015625 0.2546875 0.03359375 0.06640625
1 0.359375 0.35234375 0.04453125 0.03828125