1 0.1671875 0.553125 0.18359375 0.13984375
1 0.38359375 0.47578125 0.09375 0.09140625
1 0.421875 0.55703125 0.0890625 0.13671875
1 0.37734375 0.79296875 0.17890625 0.26328125
1 0.8234375 0.4578125 0.11015625 0.1546875
1 0.66875 0.296875 0.0359375 0.046875
1 0.63984375 0.26953125 0.03984375 0.03203125
1 0.49765625 0.38359375 0.05703125 0.06640625
1 0.47578125 0.346875 0.04140625 0.06328125
1 0.43671875 0.38515625 0.06328125 0.06015625
4 0.50546875 0.32734375 0.05234375 0.06484375
4 0.46796875 0.26328125 0.0296875 0.0296875
1 0.50703125 0.2890625 0.03359375 0.03515625
1 0.45234375 0.27890625 0.04921875 0.03203125
1 0.39375 0.3125 0.0421875 0.025
1 0.365625 0.34140625 0.06796875 0.053125
1 0.33046875 0.378125 0.078125 0.05
4 0.5671875 0.259375 0.021875 0.025
3 0.3 0.521875 0.05 0.1265625
3 0.4359375 0.309375 0.01328125 0.03203125
3 0.44921875 0.32109375 0.0109375 0.025
3 0.4484375 0.30234375 0.0078125 0.01796875
3 0.67578125 0.4359375 0.06328125 0.08828125
3 0.70078125 0.3875 0.03984375 0.08828125
3 0.58828125 0.25703125 0.01328125 0.03359375
3 0.33359375 0.396875 0.03125 0.08671875
3 0.309375 0.38671875 0.0375 0.0703125