0 0.75078125 0.6359375 0.4984375 0.728125
1 0.3984375 0.78984375 0.2328125 0.41015625
3 0.25546875 0.45078125 0.0765625 0.2015625
3 0.15390625 0.8609375 0.1234375 0.278125
3 0.3078125 0.69140625 0.09375 0.2703125
1 0.5203125 0.1828125 0.078125 0.16484375
1 0.36953125 0.21171875 0.09375 0.15703125
2 0.37890625 0.41953125 0.18203125 0.33515625
1 0.21640625 0.13203125 0.1015625 0.08359375
1 0.41015625 0.1109375 0.0953125 0.11171875
3 0.47734375 0.10546875 0.034375 0.09140625
3 0.56171875 0.10546875 0.0265625 0.11484375
2 0.80234375 0.14296875 0.1234375 0.18671875