1 0.884375 0.4984375 0.1015625 0.11328125
1 0.828125 0.44609375 0.0796875 0.075
1 0.5953125 0.30234375 0.0234375 0.03828125
1 0.66640625 0.2921875 0.02578125 0.03515625
1 0.4859375 0.35859375 0.03359375 0.046875
1 0.4234375 0.334375 0.03203125 0.0453125
1 0.39296875 0.3234375 0.0296875 0.03984375
1 0.36484375 0.3421875 0.03125 0.03515625
1 0.21875 0.75546875 0.1671875 0.2015625
1 0.2765625 0.92421875 0.21328125 0.1515625
3 0.38671875 0.721875 0.05078125 0.1234375
3 0.7609375 0.4640625 0.0265625 0.075
4 0.43125 0.4234375 0.05234375 0.09296875