3 0.3453125 0.39453125 0.05234375 0.1046875
3 0.65078125 0.3515625 0.02890625 0.06328125
3 0.5875 0.2859375 0.01875 0.0484375
1 0.68671875 0.3359375 0.05234375 0.075
1 0.66328125 0.29453125 0.0390625 0.03828125
1 0.61328125 0.27109375 0.03671875 0.028125
1 0.59453125 0.35078125 0.03671875 0.08828125
1 0.6546875 0.39453125 0.05859375 0.08828125
1 0.8890625 0.5015625 0.15 0.103125
1 0.71875 0.6703125 0.1125 0.23671875
1 0.8859375 0.63828125 0.17421875 0.25
1 0.8703125 0.85546875 0.259375 0.28828125
3 0.23125 0.96484375 0.165625 0.0703125
1 0.434375 0.35703125 0.04765625 0.096875
1 0.3890625 0.31328125 0.04375 0.053125
1 0.3609375 0.3390625 0.04140625 0.05859375
1 0.46796875 0.27265625 0.02421875 0.0484375
1 0.578125 0.24453125 0.01640625 0.03203125