1 0.42578125 0.51171875 0.12421875 0.13359375
3 0.43984375 0.39921875 0.03671875 0.075
3 0.40234375 0.37421875 0.03125 0.05859375
1 0.365625 0.35 0.04921875 0.06640625
1 0.3921875 0.32734375 0.0421875 0.06171875
1 0.44296875 0.30859375 0.046875 0.046875
3 0.4734375 0.34140625 0.04140625 0.053125
1 0.49453125 0.30859375 0.0234375 0.05
1 0.47109375 0.28828125 0.028125 0.04296875
1 0.509375 0.2703125 0.0265625 0.03984375
0 0.64921875 0.365625 0.07265625 0.11171875
1 0.60859375 0.34453125 0.03203125 0.0453125
1 0.5953125 0.29296875 0.02421875 0.053125
1 0.57109375 0.25546875 0.01640625 0.04140625
1 0.87109375 0.50859375 0.11484375 0.153125
1 0.74296875 0.38359375 0.0890625 0.103125