1 0.446875 0.57578125 0.09453125 0.1453125
3 0.403125 0.409375 0.034375 0.08515625
1 0.4734375 0.38984375 0.07109375 0.08671875
1 0.3640625 0.34765625 0.05234375 0.071875
1 0.40234375 0.32734375 0.053125 0.05859375
3 0.39296875 0.36015625 0.03203125 0.06015625
3 0.440625 0.31171875 0.02578125 0.053125
1 0.490625 0.2953125 0.0390625 0.06015625
1 0.62578125 0.37265625 0.05234375 0.078125
1 0.65859375 0.4359375 0.06328125 0.0984375
1 0.8609375 0.50390625 0.146875 0.14140625
1 0.728125 0.371875 0.053125 0.08671875
3 0.615625 0.296875 0.01875 0.03984375
1 0.58359375 0.2625 0.02578125 0.03515625