3 0.88125 0.49765625 0.040625 0.0671875
3 0.6609375 0.34375 0.0359375 0.059375
3 0.4921875 0.36875 0.028125 0.06875
3 0.40078125 0.37578125 0.03125 0.0609375
3 0.4546875 0.325 0.03203125 0.0421875
0 0.2234375 0.67578125 0.3125 0.490625
1 0.146875 0.53828125 0.10859375 0.10234375
1 0.278125 0.421875 0.07109375 0.065625
1 0.3171875 0.3953125 0.04375 0.05
1 0.3515625 0.3578125 0.04140625 0.0546875
1 0.371875 0.34296875 0.03359375 0.0515625
1 0.4984375 0.2953125 0.02265625 0.03671875
1 0.84296875 0.46328125 0.0828125 0.084375
1 0.45625 0.3765625 0.05078125 0.07890625
2 0.21640625 0.46171875 0.09609375 0.10625