3 0.6375 0.4265625 0.025 0.059375
3 0.87265625 0.4859375 0.03828125 0.08046875
3 0.58515625 0.39296875 0.0265625 0.06171875
3 0.6359375 0.2859375 0.02421875 0.03671875
3 0.44140625 0.3453125 0.0171875 0.053125
1 0.57265625 0.28125 0.02890625 0.034375
1 0.57578125 0.2578125 0.01953125 0.02421875
2 0.6734375 0.56484375 0.09375 0.15859375
2 0.296875 0.4140625 0.06328125 0.06953125
1 0.36796875 0.3515625 0.04140625 0.0453125
1 0.46875 0.38125 0.05078125 0.07890625
1 0.659375 0.39375 0.0546875 0.08046875
1 0.8296875 0.4578125 0.084375 0.10390625