2 0.6859375 0.49296875 0.07890625 0.125
2 0.9734375 0.665625 0.053125 0.190625
3 0.875 0.50078125 0.0453125 0.08046875
3 0.62265625 0.31015625 0.009375 0.0296875
3 0.68984375 0.41640625 0.0359375 0.04453125
3 0.6375 0.2984375 0.0125 0.02265625
3 0.60703125 0.2875 0.0078125 0.028125
0 0.49765625 0.26796875 0.0453125 0.04765625
1 0.31171875 0.39609375 0.05546875 0.06484375
1 0.38125 0.35546875 0.04765625 0.05546875
1 0.40390625 0.315625 0.04453125 0.05390625
1 0.784375 0.725 0.16953125 0.2484375
1 0.58671875 0.31640625 0.025 0.0390625
1 0.56953125 0.290625 0.0234375 0.03984375
1 0.59609375 0.29140625 0.02734375 0.0375
1 0.57578125 0.26953125 0.01875 0.02734375