1 0.44296875 0.4 0.04140625 0.05703125
2 0.33828125 0.43046875 0.0890625 0.0984375
1 0.884375 0.496875 0.09375 0.1
1 0.828125 0.44765625 0.07578125 0.075
1 0.67578125 0.296875 0.0453125 0.03671875
1 0.63359375 0.28671875 0.02421875 0.03984375
2 0.48671875 0.35859375 0.04375 0.06640625
1 0.3671875 0.33828125 0.03359375 0.04296875
1 0.39453125 0.31796875 0.03359375 0.03984375
3 0.459375 0.3390625 0.01328125 0.04140625
3 0.69140625 0.4046875 0.028125 0.05
3 0.63828125 0.3296875 0.01796875 0.03359375
4 0.58359375 0.27109375 0.02109375 0.03828125
0 0.4953125 0.2671875 0.03671875 0.09140625