2 0.21328125 0.46796875 0.078125 0.11640625
1 0.2859375 0.6421875 0.1265625 0.171875
1 0.3859375 0.4234375 0.04921875 0.1203125
1 0.4875 0.371875 0.0453125 0.053125
1 0.44296875 0.45859375 0.05859375 0.11328125
1 0.29140625 0.421875 0.05546875 0.06328125
1 0.315625 0.38515625 0.0359375 0.0703125
1 0.35390625 0.3484375 0.03359375 0.06015625
1 0.37109375 0.32578125 0.02890625 0.071875
0 0.46875 0.30234375 0.04765625 0.075
0 0.5953125 0.3484375 0.028125 0.05
0 0.578125 0.3171875 0.02578125 0.03828125
0 0.8296875 0.45390625 0.06875 0.08515625
0 0.70234375 0.38515625 0.05234375 0.06015625
0 0.58828125 0.25703125 0.01796875 0.03984375
3 0.403125 0.3609375 0.0296875 0.03203125
3 0.87890625 0.48671875 0.046875 0.0796875
3 0.42578125 0.32109375 0.0265625 0.028125
1 0.61328125 0.3265625 0.03671875 0.046875
1 0.51484375 0.28828125 0.015625 0.03359375