1 0.8296875 0.4578125 0.08359375 0.1015625
1 0.65859375 0.471875 0.065625 0.0828125
1 0.63125 0.396875 0.04765625 0.065625
1 0.24609375 0.740625 0.16328125 0.2203125
1 0.43125 0.41640625 0.05625 0.07265625
1 0.465625 0.3453125 0.0359375 0.0421875
1 0.35859375 0.34765625 0.04921875 0.046875
1 0.39765625 0.32578125 0.03359375 0.05390625
3 0.61015625 0.3390625 0.01796875 0.03671875
3 0.62578125 0.35234375 0.0265625 0.0296875
3 0.5765625 0.2734375 0.00703125 0.01875
3 0.4234375 0.346875 0.02109375 0.0390625
1 0.5078125 0.3078125 0.02734375 0.034375
2 0.29921875 0.41328125 0.0640625 0.084375