3 0.29375 0.6671875 0.078125 0.171875
3 0.29765625 0.54921875 0.06796875 0.08515625
3 0.3359375 0.39765625 0.03125 0.06796875
3 0.61875 0.4296875 0.04375 0.08984375
3 0.646875 0.36640625 0.0296875 0.0765625
3 0.7015625 0.4296875 0.02109375 0.06640625
3 0.590625 0.34296875 0.021875 0.06015625
3 0.57421875 0.28046875 0.0109375 0.021875
3 0.50390625 0.28828125 0.0109375 0.0234375
3 0.48671875 0.3046875 0.01796875 0.0296875
3 0.4484375 0.321875 0.0203125 0.0296875
1 0.45 0.403125 0.07265625 0.08359375
1 0.40234375 0.3203125 0.04140625 0.05
1 0.36953125 0.340625 0.04765625 0.0453125
0 0.490625 0.2828125 0.0421875 0.075
0 0.63203125 0.278125 0.04375 0.0765625
1 0.6140625 0.3140625 0.028125 0.0484375
1 0.83515625 0.44609375 0.084375 0.10859375
1 0.20546875 0.4796875 0.09140625 0.0765625
5 0.5890625 0.2671875 0.021875 0.06171875
1 0.56796875 0.265625 0.015625 0.03203125