2 0.28203125 0.43671875 0.07890625 0.1296875
1 0.3703125 0.3359375 0.05546875 0.071875
4 0.41015625 0.31796875 0.04140625 0.06328125
3 0.46953125 0.3359375 0.0234375 0.0484375
3 0.48125 0.35078125 0.0203125 0.06484375
3 0.4140625 0.41484375 0.0578125 0.10703125
1 0.64765625 0.578125 0.1234375 0.2203125
0 0.87890625 0.75234375 0.24140625 0.4953125
1 0.86640625 0.4796875 0.0953125 0.13203125
1 0.58984375 0.35 0.05859375 0.078125
1 0.58828125 0.2859375 0.02890625 0.03828125
0 0.49921875 0.2796875 0.046875 0.08671875
1 0.63203125 0.265625 0.02890625 0.028125