1 0.15 0.53046875 0.209375 0.1515625
1 0.36953125 0.3375 0.05703125 0.08515625
1 0.39921875 0.3203125 0.0421875 0.06328125
1 0.4625 0.26640625 0.0265625 0.04296875
4 0.5125 0.28046875 0.0234375 0.03515625
4 0.4671875 0.2484375 0.021875 0.0296875
4 0.63359375 0.2546875 0.0296875 0.053125
1 0.828125 0.45078125 0.11484375 0.13203125
3 0.43046875 0.4078125 0.0421875 0.1015625
3 0.4625 0.32890625 0.02421875 0.0453125
3 0.45390625 0.30078125 0.0296875 0.03515625
3 0.47578125 0.28984375 0.0203125 0.0296875
3 0.4875 0.2953125 0.01875 0.046875
3 0.4953125 0.278125 0.01484375 0.03984375