1 0.8421875 0.4625 0.0796875 0.06484375
1 0.43046875 0.56015625 0.08203125 0.08984375
1 0.28203125 0.41640625 0.0390625 0.04296875
1 0.3171875 0.384375 0.0265625 0.0515625
1 0.3671875 0.33671875 0.01875 0.0296875
1 0.45234375 0.3078125 0.028125 0.03203125
2 0.59609375 0.37109375 0.03984375 0.071875
2 0.40625 0.73984375 0.1109375 0.20703125
4 0.390625 0.45 0.084375 0.1234375
0 0.4015625 0.36640625 0.06640625 0.08984375
3 0.75546875 0.5453125 0.05859375 0.11328125
3 0.87578125 0.48828125 0.04140625 0.06015625
3 0.496875 0.3125 0.015625 0.04140625