1 0.3953125 0.67265625 0.1765625 0.23515625
1 0.1703125 0.5265625 0.1671875 0.18984375
1 0.3265625 0.390625 0.07890625 0.11484375
1 0.36953125 0.34921875 0.0578125 0.1046875
1 0.39296875 0.31796875 0.05 0.0734375
1 0.4640625 0.32421875 0.05703125 0.06484375
1 0.61640625 0.3625 0.0734375 0.071875
1 0.59453125 0.32109375 0.05 0.0515625
1 0.63671875 0.27109375 0.03203125 0.0453125
1 0.6703125 0.29453125 0.0265625 0.0515625
1 0.82578125 0.43359375 0.11015625 0.146875
5 0.5703125 0.26796875 0.02890625 0.04296875
3 0.646875 0.38515625 0.02890625 0.1
3 0.4875 0.29140625 0.02578125 0.053125
1 0.48046875 0.2609375 0.0265625 0.0453125
3 0.59375 0.26640625 0.0109375 0.03984375