3 0.73203125 0.49765625 0.03125 0.11484375
3 0.76796875 0.51484375 0.06328125 0.1234375
0 0.92265625 0.68203125 0.1546875 0.46015625
0 0.6890625 0.42109375 0.11640625 0.21171875
0 0.71953125 0.35234375 0.13125 0.18515625
3 0.61171875 0.3109375 0.02421875 0.075
3 0.59140625 0.2640625 0.0109375 0.03515625
0 0.52265625 0.2296875 0.03984375 0.06328125
1 0.471875 0.496875 0.13984375 0.16015625
1 0.36796875 0.35390625 0.05078125 0.06171875
1 0.4015625 0.33046875 0.0265625 0.06796875
1 0.48671875 0.3078125 0.0359375 0.06796875
1 0.4875 0.2609375 0.01875 0.0453125
1 0.13125 0.52890625 0.1890625 0.171875
1 0.68828125 0.66796875 0.10234375 0.2234375
1 0.65078125 0.5609375 0.1265625 0.16171875
1 0.65078125 0.47109375 0.11015625 0.13515625
1 0.6203125 0.42578125 0.065625 0.08515625
1 0.60859375 0.390625 0.04765625 0.06171875
1 0.59453125 0.328125 0.0390625 0.05703125
1 0.57265625 0.2609375 0.021875 0.0484375
1 0.8515625 0.83046875 0.21875 0.328125
1 0.78125 0.459375 0.0765625 0.10859375
1 0.83984375 0.4359375 0.0921875 0.11171875