1 0.834375 0.459375 0.09140625 0.121875
1 0.6703125 0.3 0.034375 0.053125
1 0.365625 0.3375 0.03671875 0.0546875
1 0.3890625 0.31953125 0.046875 0.05859375
1 0.22109375 0.48203125 0.103125 0.08671875
1 0.140625 0.53671875 0.16328125 0.11015625
0 0.48828125 0.28203125 0.0359375 0.05703125
0 0.85 0.7765625 0.29921875 0.446875
4 0.753125 0.3828125 0.096875 0.08515625
4 0.58203125 0.27421875 0.01875 0.04140625
3 0.35390625 0.559375 0.0703125 0.16171875
3 0.46875 0.3328125 0.01640625 0.0546875
3 0.45625 0.3109375 0.01015625 0.0453125
3 0.6046875 0.3578125 0.0234375 0.0546875
3 0.63359375 0.33046875 0.02421875 0.0546875
3 0.34765625 0.3921875 0.03671875 0.0484375
1 0.6078125 0.26796875 0.01875 0.0296875