3 0.734375 0.5 0.0453125 0.08984375
3 0.78828125 0.49921875 0.03984375 0.1046875
3 0.60703125 0.31015625 0.0203125 0.03671875
1 0.56796875 0.26171875 0.02109375 0.0234375
1 0.58828125 0.3265625 0.0265625 0.03984375
1 0.5984375 0.3890625 0.0421875 0.04140625
1 0.628125 0.46171875 0.0546875 0.053125
1 0.6046875 0.4359375 0.04453125 0.0453125
1 0.64296875 0.521875 0.07578125 0.096875
1 0.6890625 0.65078125 0.13046875 0.16796875
1 0.84375 0.85625 0.178125 0.2875
1 0.7765625 0.45859375 0.06484375 0.08359375
1 0.8265625 0.43359375 0.06015625 0.08984375
0 0.6859375 0.40625 0.09765625 0.1515625
0 0.7109375 0.3484375 0.1109375 0.10703125
1 0.4484375 0.47578125 0.05859375 0.0953125
1 0.48125 0.30546875 0.0375 0.0546875
1 0.36953125 0.33984375 0.03359375 0.03984375
1 0.4 0.31328125 0.02578125 0.04296875
2 0.14453125 0.5453125 0.13359375 0.096875