0 0.16484375 0.87109375 0.3296875 0.2578125
0 0.5671875 0.55390625 0.2578125 0.7390625
2 0.796875 0.1484375 0.1171875 0.17421875
2 0.43203125 0.1421875 0.0828125 0.1375
1 0.42578125 0.04453125 0.06328125 0.08671875
1 0.46875 0.01953125 0.05 0.0390625
4 0.0453125 0.42109375 0.090625 0.27578125
4 0.19453125 0.08515625 0.08828125 0.153125
3 0.2640625 0.45234375 0.075 0.16796875
3 0.3890625 0.40390625 0.05625 0.109375
3 0.4125 0.51171875 0.05390625 0.1609375
3 0.7140625 0.46953125 0.0578125 0.1703125
3 0.77578125 0.56875 0.06796875 0.13046875
3 0.8328125 0.709375 0.13359375 0.22890625