1 0.3671875 0.32734375 0.06640625 0.0953125
1 0.3921875 0.32109375 0.05703125 0.05859375
4 0.4609375 0.26328125 0.02578125 0.053125
3 0.30234375 0.41015625 0.03125 0.0734375
1 0.82578125 0.44296875 0.07890625 0.1234375
1 0.8890625 0.503125 0.0921875 0.15
1 0.6375 0.2828125 0.0234375 0.0484375
1 0.66484375 0.30234375 0.03671875 0.06171875
1 0.6640625 0.2828125 0.0265625 0.0453125
1 0.57109375 0.2453125 0.02109375 0.046875
3 0.584375 0.2453125 0.01015625 0.03671875
3 0.59609375 0.25234375 0.01328125 0.0484375