3 0.72578125 0.4484375 0.0390625 0.08984375
3 0.75859375 0.45390625 0.02421875 0.09140625
3 0.85234375 0.5578125 0.07890625 0.1515625
3 0.60703125 0.28828125 0.01015625 0.0296875
3 0.6125 0.2765625 0.01640625 0.03984375
3 0.60078125 0.26328125 0.00859375 0.01640625
3 0.5921875 0.2734375 0.01484375 0.03359375
3 0.58515625 0.2625 0.01484375 0.03203125
0 0.58125 0.23046875 0.01640625 0.04140625
4 0.74453125 0.37578125 0.0703125 0.10859375
4 0.634375 0.2625 0.01484375 0.0453125
3 0.34375 0.4046875 0.0421875 0.0703125
1 0.8359375 0.4484375 0.08203125 0.11015625
1 0.70234375 0.63984375 0.103125 0.2765625
1 0.8359375 0.66484375 0.15 0.25703125
1 0.33125 0.4484375 0.084375 0.15
1 0.28671875 0.421875 0.06484375 0.11015625
1 0.21875 0.47265625 0.1109375 0.13203125
1 0.15078125 0.51640625 0.12109375 0.16328125
1 0.36484375 0.35546875 0.05078125 0.075
1 0.3890625 0.29921875 0.06328125 0.1015625
1 0.5796875 0.29921875 0.0296875 0.06171875
1 0.57578125 0.2703125 0.0234375 0.046875
1 0.6703125 0.2953125 0.0421875 0.06015625
4 0.46328125 0.2671875 0.0296875 0.06171875