1 0.81953125 0.4546875 0.09140625 0.13359375
0 0.8953125 0.5109375 0.11328125 0.16796875
5 0.66875 0.3234375 0.05078125 0.0703125
5 0.66796875 0.290625 0.03203125 0.04140625
2 0.584375 0.259375 0.01875 0.04140625
1 0.309375 0.59609375 0.11875 0.1984375
1 0.475 0.43046875 0.06015625 0.08203125
1 0.41796875 0.41171875 0.05234375 0.0765625
0 0.490625 0.353125 0.03359375 0.05703125
0 0.50078125 0.31484375 0.028125 0.053125
4 0.51640625 0.28671875 0.03671875 0.06015625
3 0.46328125 0.2625 0.0125 0.03203125
4 0.45390625 0.2984375 0.04375 0.08671875
3 0.36015625 0.38671875 0.021875 0.0703125
2 0.3390625 0.39296875 0.0265625 0.0703125
2 0.30234375 0.40703125 0.03125 0.053125
1 0.46875 0.34140625 0.01484375 0.05
1 0.40859375 0.3328125 0.01875 0.03828125
1 0.49296875 0.2640625 0.01015625 0.025
2 0.5859375 0.2609375 0.021875 0.0515625
1 0.36953125 0.34765625 0.03359375 0.0484375
0 0.3984375 0.32734375 0.0375 0.0484375