1 0.3453125 0.35703125 0.0296875 0.04296875
1 0.3875 0.31328125 0.034375 0.0265625
1 0.571875 0.2875 0.02421875 0.03203125
1 0.59453125 0.278125 0.0234375 0.04296875
1 0.58125 0.32109375 0.0203125 0.028125
1 0.58359375 0.3703125 0.03359375 0.03984375
1 0.66484375 0.43984375 0.04765625 0.06640625
1 0.7515625 0.521875 0.09921875 0.14296875
1 0.75 0.7796875 0.1390625 0.21328125
1 0.86640625 0.49453125 0.0796875 0.10859375
2 0.4078125 0.3796875 0.053125 0.06640625
3 0.33203125 0.39609375 0.03671875 0.0453125
3 0.44453125 0.3625 0.02890625 0.0515625
3 0.62578125 0.328125 0.021875 0.0296875
3 0.6171875 0.30234375 0.015625 0.01796875
3 0.64921875 0.32890625 0.021875 0.025
3 0.6890625 0.41015625 0.0125 0.0234375
3 0.6859375 0.37734375 0.01640625 0.00859375
3 0.6796875 0.35703125 0.0234375 0.0296875
3 0.73125 0.384375 0.0234375 0.04140625
3 0.75625 0.4328125 0.015625 0.03515625
3 0.78203125 0.4703125 0.02109375 0.046875
3 0.9625 0.66171875 0.07421875 0.08359375
3 0.9171875 0.60078125 0.0625 0.06171875
1 0.08359375 0.60546875 0.13046875 0.11796875