3 0.4078125 0.51171875 0.03671875 0.096875
3 0.36953125 0.484375 0.0453125 0.0984375
1 0.390625 0.421875 0.05546875 0.08671875
3 0.44453125 0.42734375 0.0421875 0.1046875
3 0.43984375 0.3375 0.02109375 0.0484375
3 0.484375 0.3390625 0.02578125 0.0484375
1 0.50078125 0.334375 0.02421875 0.06796875
3 0.475 0.29140625 0.0109375 0.03984375
3 0.45859375 0.28671875 0.01484375 0.04296875
1 0.49296875 0.3046875 0.03359375 0.046875
3 0.584375 0.3375 0.028125 0.06171875
3 0.690625 0.41328125 0.03359375 0.0765625
1 0.8 0.43359375 0.0703125 0.09296875
1 0.8671875 0.49921875 0.103125 0.125
3 0.6046875 0.26796875 0.01328125 0.0265625
2 0.28046875 0.43046875 0.09140625 0.09140625
1 0.3171875 0.390625 0.05078125 0.09140625
1 0.36015625 0.34609375 0.0625 0.0546875
3 0.3984375 0.3515625 0.01796875 0.05
1 0.40234375 0.32265625 0.0390625 0.06796875
1 0.1796875 0.52578125 0.18828125 0.1015625