1 0.90390625 0.58359375 0.19140625 0.37109375
1 0.62890625 0.5375 0.18828125 0.32578125
1 0.44609375 0.06484375 0.06640625 0.090625
1 0.3875 0.25 0.11640625 0.146875
1 0.475 0.02578125 0.05234375 0.0515625
4 0.5421875 0.1078125 0.10390625 0.21484375
2 0.41875 0.35546875 0.12265625 0.1484375
2 0.79609375 0.14609375 0.115625 0.15390625
3 0.1703125 0.18671875 0.0515625 0.13515625
0 0.26875 0.7015625 0.5375 0.596875
3 0.609375 0.2890625 0.0515625 0.11484375
3 0.57421875 0.353125 0.0390625 0.0828125
3 0.715625 0.028125 0.04609375 0.05625