3 0.29609375 0.5640625 0.0359375 0.075
3 0.42890625 0.3765625 0.021875 0.05703125
3 0.49765625 0.32421875 0.0234375 0.03515625
1 0.40234375 0.3890625 0.05078125 0.075
1 0.19453125 0.46953125 0.0890625 0.14140625
1 0.35625 0.33671875 0.0375 0.053125
1 0.3921875 0.31640625 0.03203125 0.03359375
1 0.828125 0.4640625 0.07890625 0.08515625
4 0.7359375 0.66015625 0.15546875 0.23984375
3 0.33671875 0.39453125 0.03671875 0.03828125
1 0.4546875 0.32734375 0.04921875 0.06171875
1 0.4234375 0.625 0.109375 0.13671875