1 0.4390625 0.51640625 0.065625 0.103125
3 0.62578125 0.403125 0.02578125 0.06015625
0 0.6515625 0.3171875 0.0625 0.13828125
1 0.59140625 0.34609375 0.02890625 0.06171875
1 0.8265625 0.44609375 0.07109375 0.08203125
1 0.88359375 0.49453125 0.0921875 0.0953125
1 0.36640625 0.340625 0.03203125 0.03828125
1 0.39296875 0.32265625 0.02578125 0.03828125
1 0.50078125 0.3046875 0.02890625 0.03984375
2 0.56640625 0.29296875 0.0203125 0.03359375
1 0.58828125 0.28671875 0.0203125 0.0265625
1 0.61015625 0.30078125 0.02109375 0.03828125