0 0.74921875 0.6671875 0.27890625 0.56796875
1 0.86015625 0.49140625 0.11015625 0.1765625
3 0.65 0.34140625 0.0234375 0.04296875
1 0.5640625 0.28046875 0.02421875 0.03828125
1 0.5875 0.27421875 0.01640625 0.028125
1 0.57578125 0.25546875 0.01328125 0.021875
1 0.48046875 0.27890625 0.03359375 0.03203125
3 0.38828125 0.34140625 0.015625 0.05
1 0.3734375 0.346875 0.03203125 0.03984375
1 0.35390625 0.359375 0.0390625 0.0484375
4 0.2171875 0.4578125 0.08984375 0.125
1 0.0828125 0.7234375 0.165625 0.2203125