0 0.66640625 0.41171875 0.11875 0.23671875
3 0.75078125 0.47734375 0.0421875 0.121875
3 0.9375 0.7796875 0.125 0.253125
1 0.46328125 0.396875 0.1078125 0.1296875
1 0.82109375 0.44296875 0.08671875 0.1234375
1 0.89609375 0.4921875 0.0953125 0.13515625
1 0.67109375 0.2984375 0.08984375 0.0296875
1 0.6296875 0.28671875 0.04765625 0.03984375
2 0.4984375 0.2671875 0.02421875 0.0453125
1 0.36953125 0.33828125 0.03359375 0.103125
1 0.39921875 0.31328125 0.04921875 0.05
3 0.58671875 0.27734375 0.0234375 0.0484375