3 0.32265625 0.91875 0.1609375 0.1625
3 0.33828125 0.37578125 0.03203125 0.06171875
3 0.59765625 0.3125 0.03203125 0.075
1 0.83203125 0.46484375 0.13671875 0.1796875
1 0.1578125 0.51328125 0.18671875 0.13671875
1 0.06015625 0.77734375 0.1203125 0.221875
4 0.75234375 0.375 0.08125 0.11015625
1 0.36953125 0.34921875 0.05078125 0.078125
1 0.4046875 0.3171875 0.05078125 0.075
1 0.58359375 0.26640625 0.02109375 0.03984375
1 0.5796875 0.23984375 0.01484375 0.0234375
1 0.66484375 0.28984375 0.0296875 0.046875
1 0.6140625 0.25390625 0.0125 0.025
1 0.6375 0.2671875 0.01796875 0.03515625
4 0.63359375 0.259375 0.02109375 0.03515625
4 0.4609375 0.26796875 0.01640625 0.0390625