1 0.03984375 0.69609375 0.0796875 0.15859375
1 0.43671875 0.5578125 0.0859375 0.11484375
3 0.340625 0.39453125 0.02578125 0.0453125
3 0.37421875 0.4578125 0.028125 0.0546875
3 0.42734375 0.45859375 0.0265625 0.053125
3 0.40390625 0.42421875 0.01875 0.0515625
2 0.4625 0.403125 0.0375 0.0796875
1 0.48671875 0.3578125 0.03359375 0.0453125
3 0.4359375 0.37578125 0.01796875 0.03828125
1 0.365625 0.34296875 0.03671875 0.04296875
1 0.39609375 0.321875 0.02421875 0.03671875
1 0.41953125 0.33046875 0.03671875 0.03828125
1 0.73046875 0.8421875 0.1859375 0.31484375
1 0.64609375 0.6375 0.09140625 0.1546875
1 0.61484375 0.51796875 0.07578125 0.103125
1 0.59296875 0.42109375 0.05703125 0.10859375
1 0.571875 0.34765625 0.0375 0.04140625
1 0.56796875 0.31484375 0.02109375 0.03671875
1 0.621875 0.3703125 0.03671875 0.053125
1 0.6953125 0.51171875 0.06640625 0.11640625
4 0.78359375 0.59453125 0.1234375 0.21796875
1 0.88984375 0.82265625 0.17578125 0.2453125
1 0.89609375 0.63203125 0.12109375 0.14296875
1 0.89296875 0.5015625 0.09140625 0.10703125
1 0.96796875 0.7734375 0.06328125 0.18984375
0 0.68359375 0.359375 0.09375 0.171875
1 0.5875 0.29296875 0.01796875 0.0296875
3 0.809375 0.44296875 0.02421875 0.046875
3 0.73984375 0.40546875 0.02578125 0.0453125