1 0.884375 0.5 0.09453125 0.1
1 0.825 0.4484375 0.065625 0.0734375
1 0.66484375 0.30546875 0.03125 0.03828125
1 0.61640625 0.3359375 0.0421875 0.05859375
1 0.43359375 0.578125 0.08671875 0.1265625
1 0.425 0.4296875 0.05859375 0.08359375
1 0.490625 0.3640625 0.03671875 0.0515625
0 0.14140625 0.6953125 0.28203125 0.453125
4 0.2640625 0.91796875 0.22578125 0.16328125
1 0.36484375 0.34140625 0.03203125 0.04296875
1 0.3953125 0.3234375 0.03359375 0.03359375
1 0.42578125 0.3109375 0.0265625 0.03515625
0 0.4921875 0.27109375 0.0296875 0.0484375