3 0.871875 0.4875 0.04140625 0.07109375
3 0.67265625 0.33984375 0.0234375 0.0390625
3 0.5703125 0.3109375 0.01875 0.04140625
0 0.62265625 0.32265625 0.05234375 0.08359375
4 0.3875 0.3671875 0.05390625 0.06953125
2 0.29375 0.4109375 0.06171875 0.08046875
2 0.67734375 0.6640625 0.10390625 0.203125
4 0.76015625 0.56171875 0.14453125 0.2359375
1 0.9515625 0.93046875 0.096875 0.1390625
1 0.625 0.421875 0.05703125 0.07578125
1 0.8296875 0.446875 0.08828125 0.1125
1 0.46328125 0.28671875 0.015625 0.02265625
1 0.36328125 0.3484375 0.03359375 0.0453125
4 0.5828125 0.28046875 0.0171875 0.03203125
0 0.58671875 0.23515625 0.01953125 0.0421875