0 0.76796875 0.47265625 0.1703125 0.31796875
0 0.6484375 0.3109375 0.06484375 0.071875
1 0.56171875 0.3109375 0.03125 0.0484375
1 0.6140625 0.3125 0.0203125 0.0515625
1 0.5703125 0.3515625 0.021875 0.046875
1 0.58671875 0.40703125 0.03671875 0.03359375
1 0.62734375 0.36484375 0.03359375 0.03984375
1 0.596875 0.37109375 0.0265625 0.06171875
1 0.58671875 0.39765625 0.04375 0.0546875
1 0.5984375 0.42734375 0.04453125 0.0546875
1 0.6546875 0.421875 0.0578125 0.0734375
1 0.60703125 0.496875 0.0734375 0.11015625
1 0.63984375 0.603125 0.05703125 0.1703125
1 0.8953125 0.503125 0.0796875 0.10703125
1 0.70078125 0.8609375 0.14921875 0.278125
3 0.3609375 0.5296875 0.04375 0.0734375
3 0.15390625 0.84296875 0.0875 0.16640625
3 0.39453125 0.41484375 0.02578125 0.06328125
3 0.42734375 0.3359375 0.02421875 0.0484375
1 0.36328125 0.346875 0.02890625 0.0703125
1 0.3921875 0.321875 0.0296875 0.04296875
1 0.58125 0.25078125 0.0203125 0.03203125