3 0.35234375 0.48046875 0.05546875 0.13515625
3 0.65859375 0.42265625 0.065625 0.10859375
3 0.59140625 0.290625 0.0296875 0.06171875
3 0.603125 0.2640625 0.0203125 0.0484375
3 0.4484375 0.3109375 0.01796875 0.0515625
1 0.16484375 0.51953125 0.19921875 0.178125
1 0.29765625 0.784375 0.228125 0.28828125
1 0.45546875 0.496875 0.1390625 0.14296875
1 0.475 0.3953125 0.0734375 0.103125
1 0.40859375 0.38203125 0.06796875 0.1
1 0.3578125 0.3375 0.04765625 0.06796875
1 0.3921875 0.31953125 0.05078125 0.05859375
1 0.4875 0.35234375 0.05 0.05859375
1 0.4921875 0.31484375 0.0453125 0.05
1 0.49375 0.27578125 0.0375 0.0515625
1 0.48125 0.2625 0.021875 0.03203125
4 0.465625 0.26328125 0.01875 0.0296875
0 0.50390625 0.25 0.0359375 0.05703125
1 0.84765625 0.45234375 0.134375 0.171875
4 0.63046875 0.26484375 0.03125 0.046875
1 0.58515625 0.2390625 0.0125 0.03515625