1 0.56796875 0.31796875 0.0359375 0.05
1 0.57890625 0.2984375 0.0234375 0.04296875
1 0.60546875 0.28671875 0.02578125 0.03984375
1 0.6609375 0.28984375 0.04140625 0.05703125
1 0.6359375 0.2734375 0.0265625 0.03359375
1 0.83984375 0.45703125 0.08671875 0.1
4 0.75703125 0.37890625 0.06640625 0.0953125
1 0.39921875 0.4046875 0.09140625 0.08671875
1 0.32734375 0.38984375 0.0921875 0.06015625
1 0.13515625 0.521875 0.1921875 0.16015625
1 0.4078125 0.33671875 0.05859375 0.10703125
1 0.36484375 0.34609375 0.0578125 0.05859375
1 0.44921875 0.27734375 0.021875 0.04140625
4 0.465625 0.27109375 0.01484375 0.04140625
1 0.571875 0.24921875 0.01875 0.025