2 0.28671875 0.43359375 0.096875 0.1734375
4 0.42109375 0.33203125 0.04765625 0.08671875
4 0.7953125 0.64609375 0.19765625 0.29140625
4 0.6015625 0.31796875 0.02578125 0.04453125
4 0.62890625 0.2609375 0.02265625 0.03203125
1 0.8609375 0.49453125 0.13671875 0.178125
1 0.7140625 0.4578125 0.09375 0.13203125
1 0.6046875 0.42890625 0.09453125 0.11796875
1 0.5921875 0.35390625 0.05234375 0.05859375
1 0.58515625 0.30390625 0.03125 0.0515625
1 0.3671875 0.3515625 0.05703125 0.08984375
1 0.5953125 0.26484375 0.02265625 0.034375
3 0.5078125 0.26328125 0.01015625 0.0359375
1 0.5671875 0.265625 0.021875 0.0359375
4 0.58359375 0.265625 0.0203125 0.03359375
1 0.58125 0.246875 0.01328125 0.03125
3 0.63671875 0.328125 0.028125 0.04296875