1 0.61015625 0.37265625 0.04140625 0.06484375
1 0.39921875 0.31796875 0.046875 0.04296875
1 0.3671875 0.34140625 0.06328125 0.03671875
1 0.209375 0.49921875 0.12265625 0.0953125
1 0.575 0.27734375 0.0203125 0.0453125
1 0.67265625 0.2984375 0.0359375 0.046875
1 0.83828125 0.46953125 0.0875 0.13203125
3 0.80703125 0.653125 0.0890625 0.18359375
3 0.6703125 0.42890625 0.04375 0.078125
3 0.68984375 0.6171875 0.05859375 0.1484375
3 0.57734375 0.33046875 0.015625 0.071875
3 0.60546875 0.32578125 0.02578125 0.06796875
3 0.48515625 0.3296875 0.02109375 0.06640625
3 0.33671875 0.39765625 0.03125 0.071875
3 0.49375 0.2625 0.015625 0.04140625
3 0.603125 0.2671875 0.01328125 0.03828125
0 0.621875 0.27265625 0.03203125 0.08203125