3 0.88125 0.49609375 0.04765625 0.05703125
3 0.7359375 0.39140625 0.03828125 0.0625
3 0.61484375 0.33046875 0.01875 0.0390625
3 0.5859375 0.25703125 0.0125 0.02578125
3 0.49296875 0.34296875 0.0203125 0.03828125
3 0.47734375 0.2953125 0.02265625 0.0265625
2 0.43515625 0.55 0.10234375 0.1484375
2 0.20859375 0.46484375 0.09140625 0.109375
2 0.490625 0.38125 0.03984375 0.07109375
1 0.5109375 0.3140625 0.0203125 0.046875
1 0.44921875 0.3828125 0.03671875 0.06484375
1 0.84609375 0.46171875 0.07421875 0.0828125
1 0.3765625 0.3484375 0.03203125 0.03984375
1 0.3515625 0.3609375 0.04609375 0.05078125
1 0.31953125 0.3921875 0.053125 0.06328125
1 0.284375 0.41484375 0.06953125 0.08515625
3 0.25 0.47421875 0.04140625 0.075