2 0.37890625 0.72421875 0.17890625 0.30859375
2 0.13515625 0.54765625 0.203125 0.13828125
0 0.45546875 0.31328125 0.07421875 0.13671875
1 0.365625 0.3390625 0.02578125 0.0484375
1 0.3890625 0.3140625 0.0234375 0.03203125
1 0.46796875 0.35546875 0.04375 0.03515625
1 0.8296875 0.44609375 0.06875 0.08515625
1 0.88359375 0.49140625 0.103125 0.1
1 0.7984375 0.66015625 0.14921875 0.2
3 0.66640625 0.40234375 0.05078125 0.078125
3 0.2109375 0.8078125 0.06875 0.13203125
3 0.3671875 0.44296875 0.0296875 0.06640625
3 0.4234375 0.3453125 0.028125 0.05703125
3 0.509375 0.35859375 0.0203125 0.053125
1 0.5125 0.3109375 0.01796875 0.03515625