1 0.42734375 0.6828125 0.1078125 0.21484375
1 0.45078125 0.48203125 0.08359375 0.11328125
1 0.8265625 0.44296875 0.1 0.14296875
1 0.88046875 0.48828125 0.08125 0.13984375
1 0.4890625 0.34140625 0.05 0.0734375
1 0.42890625 0.34140625 0.0421875 0.05703125
1 0.3984375 0.31484375 0.0421875 0.053125
1 0.36640625 0.3390625 0.0390625 0.078125
0 0.471875 0.284375 0.0375 0.1046875
0 0.184375 0.69765625 0.36875 0.6046875
1 0.51875 0.25390625 0.01796875 0.04140625
3 0.340625 0.38203125 0.03359375 0.0765625
3 0.59296875 0.39296875 0.0265625 0.06015625
3 0.6078125 0.35703125 0.021875 0.05703125
3 0.65 0.38203125 0.0234375 0.05703125
3 0.6515625 0.47890625 0.0453125 0.11484375
3 0.71328125 0.7953125 0.0953125 0.3671875
3 0.82421875 0.72734375 0.08125 0.196875
3 0.8296875 0.57265625 0.06875 0.14140625
4 0.7078125 0.36484375 0.0703125 0.11015625
1 0.56640625 0.29140625 0.0234375 0.0734375
2 0.5953125 0.29453125 0.03203125 0.06484375
1 0.67265625 0.2796875 0.03984375 0.05703125