1 0.41953125 0.615625 0.12890625 0.16796875
1 0.871875 0.4953125 0.1203125 0.13984375
1 0.73671875 0.37421875 0.05859375 0.11171875
1 0.59453125 0.3203125 0.02109375 0.05703125
1 0.48046875 0.38515625 0.0375 0.053125
1 0.39453125 0.328125 0.0265625 0.04296875
1 0.37578125 0.33984375 0.0375 0.04296875
1 0.35 0.3640625 0.034375 0.06484375
1 0.3453125 0.459375 0.07265625 0.0953125
1 0.43984375 0.29140625 0.02109375 0.03671875
1 0.51171875 0.26015625 0.02421875 0.0234375
0 0.6296875 0.36171875 0.0546875 0.15
0 0.57265625 0.27265625 0.0359375 0.06484375
3 0.40078125 0.496875 0.04140625 0.08671875
3 0.73203125 0.534375 0.06875 0.11796875
3 0.42109375 0.39140625 0.0296875 0.05
3 0.44453125 0.3734375 0.021875 0.05703125
3 0.45234375 0.34765625 0.0234375 0.0515625
3 0.4640625 0.2921875 0.01015625 0.03515625
3 0.16796875 0.81640625 0.12890625 0.23984375