5 0.8703125 0.75390625 0.259375 0.3984375
3 0.7546875 0.49296875 0.04140625 0.11640625
1 0.87265625 0.51796875 0.10546875 0.15
3 0.79375 0.46328125 0.05234375 0.09296875
1 0.73984375 0.37578125 0.06484375 0.11171875
3 0.6625 0.39140625 0.0296875 0.0703125
1 0.58203125 0.29921875 0.0296875 0.03515625
1 0.6 0.290625 0.03671875 0.05859375
1 0.575 0.26640625 0.015625 0.03671875
3 0.59765625 0.2609375 0.01640625 0.028125
1 0.50859375 0.28203125 0.02109375 0.03359375
3 0.4765625 0.303125 0.02578125 0.06015625
1 0.49609375 0.34921875 0.03125 0.078125
3 0.45703125 0.290625 0.0109375 0.021875
3 0.4515625 0.3953125 0.02421875 0.0703125
3 0.46953125 0.4734375 0.0359375 0.08984375
1 0.428125 0.590625 0.07109375 0.16484375
1 0.390625 0.475 0.0765625 0.10703125
1 0.4140625 0.36953125 0.0453125 0.071875
1 0.3921875 0.325 0.03984375 0.04296875
1 0.3640625 0.3484375 0.0390625 0.05703125
3 0.26875 0.60234375 0.07109375 0.16484375
3 0.18984375 0.8453125 0.2265625 0.21640625