1 0.83046875 0.44921875 0.09140625 0.125
1 0.89375 0.49921875 0.12109375 0.1453125
1 0.59609375 0.315625 0.0421875 0.075
1 0.67421875 0.28984375 0.04921875 0.06015625
4 0.46484375 0.26015625 0.03125 0.0296875
3 0.46875 0.284375 0.01875 0.03828125
3 0.4421875 0.53671875 0.05 0.09296875
3 0.4453125 0.62578125 0.04140625 0.1515625
1 0.40234375 0.32109375 0.04140625 0.0515625
1 0.2 0.47734375 0.078125 0.08515625
0 0.45234375 0.42109375 0.096875 0.1953125
0 0.30703125 0.43203125 0.18046875 0.26640625
0 0.22109375 0.7140625 0.4421875 0.45625