4 0.91171875 0.85078125 0.1765625 0.2953125
3 0.8796875 0.48828125 0.0390625 0.06875
3 0.45390625 0.60546875 0.0578125 0.13359375
3 0.40390625 0.36875 0.02578125 0.06015625
3 0.44765625 0.325 0.01875 0.03203125
2 0.6828125 0.32421875 0.01953125 0.04375
1 0.60234375 0.28828125 0.02734375 0.03515625
1 0.1515625 0.884375 0.2265625 0.22734375
1 0.4734375 0.4578125 0.0625 0.06875
1 0.45234375 0.38828125 0.0390625 0.05546875
1 0.5109375 0.2828125 0.0203125 0.028125
1 0.35390625 0.3578125 0.040625 0.0515625
1 0.37578125 0.3421875 0.02734375 0.06015625