1 0.04921875 0.48984375 0.0984375 0.1859375
4 0.12265625 0.43046875 0.2046875 0.1
1 0.2203125 0.4875 0.20859375 0.1203125
1 0.365625 0.471875 0.1515625 0.11171875
1 0.48984375 0.46484375 0.14140625 0.13203125
1 0.5859375 0.47890625 0.090625 0.07890625
3 0.67421875 0.496875 0.046875 0.08828125
0 0.52265625 0.38984375 0.20078125 0.0953125
0 0.70703125 0.40390625 0.0859375 0.0578125
0 0.7859375 0.3984375 0.08359375 0.06875
0 0.9125 0.41015625 0.17421875 0.2625
1 0.81640625 0.48125 0.0296875 0.0796875
2 0.63125 0.4609375 0.08125 0.09375
2 0.72421875 0.4578125 0.09921875 0.078125