4 0.4734375 0.41953125 0.06796875 0.128125
4 0.46328125 0.2625 0.0234375 0.04140625
4 0.56328125 0.2453125 0.01484375 0.0296875
2 0.4078125 0.4484375 0.0859375 0.11640625
4 0.2625 0.709375 0.2 0.23828125
1 0.37890625 0.9015625 0.2328125 0.196875
1 0.42734375 0.58046875 0.12578125 0.1484375
1 0.85390625 0.46484375 0.12578125 0.16015625
1 0.6703125 0.30078125 0.04765625 0.06171875
1 0.63359375 0.26796875 0.02578125 0.046875
1 0.159375 0.53984375 0.16015625 0.13359375
1 0.32890625 0.3859375 0.06796875 0.0546875
1 0.3703125 0.34765625 0.04921875 0.05859375
1 0.44609375 0.27265625 0.0359375 0.04140625
3 0.78046875 0.575 0.08203125 0.18671875
3 0.59609375 0.3046875 0.021875 0.0734375
3 0.36796875 0.428125 0.03984375 0.0765625
3 0.50234375 0.33203125 0.0296875 0.046875