1 0.29453125 0.571875 0.08359375 0.1234375
1 0.42890625 0.42578125 0.046875 0.08203125
1 0.471875 0.359375 0.028125 0.06484375
1 0.4359375 0.52109375 0.0578125 0.0984375
1 0.3578125 0.859375 0.134375 0.21171875
1 0.83046875 0.46015625 0.0921875 0.10703125
2 0.6203125 0.35078125 0.03984375 0.075
2 0.2875 0.40859375 0.06328125 0.0765625
1 0.3734375 0.34765625 0.0375 0.04140625
1 0.50234375 0.315625 0.02109375 0.03203125
1 0.5046875 0.2859375 0.0109375 0.04140625
1 0.57734375 0.2796875 0.01796875 0.03359375
0 0.6296875 0.2625 0.01640625 0.025
0 0.4578125 0.309375 0.0390625 0.10859375
3 0.35390625 0.446875 0.0359375 0.06640625
3 0.6265625 0.4 0.028125 0.0765625
3 0.5046875 0.35390625 0.01796875 0.025
1 0.39609375 0.325 0.02578125 0.03671875