1 0.21875 0.50703125 0.1046875 0.11640625
1 0.3703125 0.3390625 0.03984375 0.0515625
1 0.39140625 0.309375 0.02421875 0.0546875
1 0.83203125 0.43359375 0.07421875 0.09296875
1 0.8859375 0.47890625 0.11640625 0.0953125
2 0.89375 0.56953125 0.14375 0.178125
2 0.50078125 0.325 0.0375 0.053125
3 0.45078125 0.37421875 0.03125 0.08203125
3 0.3890625 0.4375 0.03203125 0.08828125
3 0.19609375 0.6859375 0.09765625 0.18515625
1 0.4046875 0.5953125 0.10234375 0.19296875
1 0.515625 0.26171875 0.01484375 0.0203125
4 0.46171875 0.2671875 0.01328125 0.03515625
3 0.48046875 0.275 0.015625 0.0265625
3 0.496875 0.27734375 0.01484375 0.03203125
3 0.48828125 0.29296875 0.00859375 0.0203125
3 0.50390625 0.2734375 0.015625 0.0265625
3 0.3359375 0.38828125 0.0359375 0.08359375
3 0.3078125 0.40390625 0.0234375 0.0546875