3 0.75234375 0.809375 0.0609375 0.1984375
1 0.83359375 0.44921875 0.08125 0.078125
1 0.21484375 0.48046875 0.09140625 0.08203125
1 0.36640625 0.34140625 0.034375 0.04296875
1 0.3953125 0.321875 0.03203125 0.03671875
1 0.60703125 0.38046875 0.04453125 0.05859375
1 0.575 0.27890625 0.021875 0.028125
0 0.6203125 0.26171875 0.0359375 0.04296875
0 0.665625 0.2921875 0.02578125 0.028125
3 0.621875 0.346875 0.01796875 0.04296875
3 0.60234375 0.315625 0.01640625 0.0453125
0 0.14296875 0.77578125 0.2859375 0.4484375
3 0.5765625 0.3046875 0.01484375 0.03671875