3 0.6265625 0.24453125 0.028125 0.0828125
3 0.6015625 0.165625 0.0203125 0.08203125
3 0.57578125 0.11328125 0.01953125 0.08671875
3 0.553125 0.05703125 0.01484375 0.06171875
1 0.71796875 0.2890625 0.1015625 0.17578125
1 0.58046875 0.31796875 0.09609375 0.13984375
1 0.09375 0.28828125 0.140625 0.13671875
3 0.30625 0.35390625 0.125 0.259375
3 0.534375 0.1625 0.08203125 0.171875
4 0.42421875 0.43984375 0.18671875 0.36328125
1 0.1890625 0.79609375 0.234375 0.4078125
0 0.62890625 0.6921875 0.30234375 0.615625
3 0.8234375 0.8734375 0.07734375 0.23046875