0 0.6984375 0.4671875 0.13203125 0.22578125
3 0.11171875 0.70859375 0.078125 0.0828125
3 0.87265625 0.4921875 0.0390625 0.06953125
3 0.31171875 0.49375 0.02890625 0.065625
3 0.36796875 0.46484375 0.02734375 0.06171875
3 0.38125 0.40546875 0.0234375 0.0390625
3 0.39453125 0.371875 0.0125 0.0328125
3 0.4109375 0.3515625 0.0140625 0.03828125
1 0.50078125 0.31015625 0.0265625 0.028125
1 0.45859375 0.33203125 0.02421875 0.02890625
1 0.40078125 0.32421875 0.03515625 0.03671875
1 0.3484375 0.3640625 0.03984375 0.04296875
1 0.36796875 0.34765625 0.0390625 0.046875
1 0.31015625 0.403125 0.04140625 0.05078125
0 0.49921875 0.26484375 0.02734375 0.04921875
1 0.6 0.3625 0.03046875 0.05703125