4 0.42890625 0.41640625 0.04140625 0.146875
1 0.48359375 0.4515625 0.078125 0.203125
1 0.21875 0.51171875 0.12265625 0.16640625
1 0.36328125 0.346875 0.0375 0.0765625
1 0.39296875 0.3203125 0.0453125 0.05703125
1 0.515625 0.29453125 0.03984375 0.0515625
1 0.49296875 0.26953125 0.021875 0.04140625
1 0.8265625 0.44921875 0.11015625 0.16171875
1 0.89140625 0.503125 0.1078125 0.18359375
1 0.66484375 0.3015625 0.02421875 0.08359375
3 0.6484375 0.4078125 0.06875 0.13203125
3 0.5953125 0.26484375 0.02109375 0.03984375
3 0.45390625 0.30390625 0.02578125 0.0546875
3 0.465625 0.2953125 0.02890625 0.046875
3 0.33671875 0.37734375 0.03984375 0.078125