1 0.63125 0.4 0.06328125 0.15
1 0.81875 0.415625 0.11796875 0.1453125
1 0.89921875 0.50390625 0.103125 0.125
3 0.89140625 0.69453125 0.11015625 0.2015625
3 0.6625 0.3703125 0.05234375 0.09296875
1 0.59296875 0.2578125 0.02578125 0.025
1 0.6625 0.2796875 0.04140625 0.08671875
1 0.41640625 0.47109375 0.09921875 0.125
1 0.46015625 0.3109375 0.04921875 0.0546875
1 0.49921875 0.2984375 0.03359375 0.06015625
1 0.5 0.2890625 0.02578125 0.04140625
1 0.3921875 0.321875 0.03359375 0.03984375
1 0.4234375 0.2984375 0.03203125 0.03984375
1 0.3640625 0.33515625 0.034375 0.05
3 0.43125 0.3890625 0.05703125 0.078125
3 0.3375 0.390625 0.0453125 0.06484375