3 0.9609375 0.61796875 0.07109375 0.1703125
1 0.88203125 0.5109375 0.13828125 0.1453125
1 0.73203125 0.378125 0.05859375 0.11328125
0 0.64140625 0.3375 0.078125 0.11484375
3 0.58203125 0.33515625 0.0390625 0.06015625
3 0.57734375 0.2875 0.02890625 0.04140625
3 0.5953125 0.27890625 0.01796875 0.04140625
1 0.621875 0.46484375 0.0625 0.1265625
2 0.3828125 0.63515625 0.184375 0.25
1 0.46953125 0.42890625 0.0703125 0.0953125
3 0.465625 0.3125 0.01328125 0.03515625
1 0.5046875 0.31484375 0.0203125 0.03671875
1 0.48125 0.290625 0.01875 0.0484375
1 0.40234375 0.32890625 0.05 0.04140625
1 0.346875 0.36328125 0.04453125 0.053125
1 0.36640625 0.3375 0.04140625 0.0484375
3 0.36875 0.38046875 0.028125 0.0546875
4 0.23125 0.46015625 0.1046875 0.1
3 0.2421875 0.60234375 0.07265625 0.14140625
3 0.17109375 0.93046875 0.159375 0.13828125
5 0.10625 0.853125 0.2125 0.29375