3 0.67734375 0.5625 0.06640625 0.11796875
5 0.6359375 0.3796875 0.08359375 0.1
1 0.73515625 0.37109375 0.07578125 0.10859375
1 0.8734375 0.47109375 0.12109375 0.13828125
1 0.578125 0.2921875 0.0296875 0.03515625
0 0.5875 0.26640625 0.03671875 0.06328125
1 0.440625 0.578125 0.0921875 0.18984375
4 0.23984375 0.4796875 0.12890625 0.1296875
1 0.3421875 0.3609375 0.0578125 0.08515625
1 0.3671875 0.33359375 0.053125 0.05
1 0.3921875 0.32109375 0.03125 0.06171875
3 0.409375 0.43203125 0.0421875 0.0703125
1 0.415625 0.3703125 0.03984375 0.0734375
1 0.45234375 0.346875 0.0421875 0.0734375
1 0.5046875 0.3125 0.0265625 0.03828125
3 0.48359375 0.309375 0.0125 0.0515625
3 0.46875 0.30390625 0.02578125 0.04140625