1 0.153125 0.54375 0.1234375 0.10625
1 0.28125 0.41875 0.065625 0.06875
1 0.30390625 0.390625 0.0515625 0.06328125
1 0.36796875 0.35703125 0.07265625 0.05390625
1 0.46328125 0.42265625 0.05625 0.0671875
1 0.84140625 0.46875 0.07890625 0.09296875
2 0.43828125 0.34453125 0.040625 0.0609375
2 0.21875 0.47265625 0.09453125 0.1046875
3 0.39296875 0.62578125 0.06875 0.1234375
3 0.8796875 0.4953125 0.03671875 0.07578125
3 0.6125 0.3703125 0.0296875 0.0671875
3 0.45859375 0.2984375 0.01796875 0.02890625