2 0.6328125 0.471875 0.05546875 0.11328125
2 0.3015625 0.4140625 0.0796875 0.0515625
4 0.27265625 0.49921875 0.08671875 0.1015625
5 0.6015625 0.315625 0.03125 0.06484375
0 0.596875 0.265625 0.03125 0.05859375
4 0.49296875 0.271875 0.02109375 0.03671875
1 0.37109375 0.359375 0.03359375 0.06484375
1 0.459375 0.30703125 0.021875 0.0234375
1 0.571875 0.31171875 0.01875 0.0234375
1 0.6296875 0.3984375 0.04921875 0.06015625
1 0.71640625 0.5015625 0.0546875 0.11015625
1 0.834375 0.4640625 0.065625 0.071875
3 0.87421875 0.49453125 0.06015625 0.0484375
3 0.63984375 0.32890625 0.02109375 0.03828125
3 0.65234375 0.3 0.01640625 0.04296875
0 0.5921875 0.2609375 0.02578125 0.04140625