0 0.87734375 0.578125 0.24453125 0.3734375
3 0.915625 0.73515625 0.06875 0.1765625
2 0.96875 0.8015625 0.0625 0.28359375
1 0.89609375 0.875 0.2078125 0.25
1 0.82109375 0.6796875 0.203125 0.2296875
1 0.7546875 0.57109375 0.15234375 0.16796875
1 0.72734375 0.48984375 0.10703125 0.09296875
4 0.6359375 0.51953125 0.06796875 0.1515625
1 0.6734375 0.65859375 0.1546875 0.3
1 0.6359375 0.37890625 0.04921875 0.075
1 0.6765625 0.3 0.04375 0.06015625
1 0.5734375 0.253125 0.01640625 0.0296875
3 0.5875 0.24765625 0.0125 0.01484375
3 0.5890625 0.284375 0.02578125 0.03828125
3 0.6203125 0.2796875 0.01875 0.0296875
3 0.61640625 0.31015625 0.021875 0.05
3 0.64375 0.32734375 0.02421875 0.0515625
3 0.7109375 0.39609375 0.04921875 0.08203125
3 0.4859375 0.27421875 0.01328125 0.03828125
3 0.3328125 0.3890625 0.04375 0.075
0 0.48515625 0.26015625 0.02890625 0.03671875
0 0.51015625 0.24609375 0.02421875 0.03515625
1 0.50625 0.26484375 0.01484375 0.0296875
1 0.51875 0.26640625 0.01640625 0.0296875
1 0.50625 0.2984375 0.03125 0.046875
1 0.40625 0.36640625 0.05234375 0.0765625
1 0.4015625 0.32265625 0.06015625 0.06796875
1 0.365625 0.32421875 0.06328125 0.071875
1 0.2046875 0.71015625 0.2265625 0.26328125
4 0.45625 0.3359375 0.05703125 0.11171875
4 0.46171875 0.2734375 0.02890625 0.053125
1 0.62421875 0.25234375 0.028125 0.03828125
0 0.58125 0.234375 0.0109375 0.021875