3 0.27890625 0.953125 0.08125 0.09296875
1 0.7328125 0.9171875 0.16875 0.16484375
0 0.96953125 0.759375 0.06015625 0.31171875
0 0.890625 0.5875 0.2171875 0.34140625
0 0.7203125 0.49765625 0.13984375 0.26796875
4 0.64609375 0.45703125 0.02890625 0.09296875
1 0.59921875 0.48984375 0.07109375 0.15
1 0.59296875 0.3796875 0.05078125 0.0703125
3 0.2359375 0.64453125 0.084375 0.10859375
1 0.1609375 0.53203125 0.14375 0.1265625
3 0.38828125 0.521875 0.06015625 0.096875
3 0.42421875 0.43984375 0.04765625 0.0765625
3 0.4671875 0.4046875 0.0203125 0.053125
2 0.478125 0.375 0.04453125 0.06640625
3 0.46171875 0.32890625 0.03125 0.03828125
3 0.496875 0.30546875 0.01328125 0.03828125
3 0.49453125 0.2828125 0.01015625 0.03828125
3 0.5140625 0.2953125 0.0125 0.03984375
1 0.321875 0.4046875 0.0546875 0.06640625
1 0.3546875 0.35234375 0.046875 0.05859375
3 0.39140625 0.3859375 0.021875 0.0546875
3 0.33828125 0.43203125 0.02578125 0.05
1 0.40078125 0.31796875 0.04140625 0.04296875
3 0.784375 0.40859375 0.03125 0.06640625
5 0.753125 0.42890625 0.04921875 0.06484375
1 0.62890625 0.26953125 0.01875 0.028125