1 0.86953125 0.5109375 0.15546875 0.178125
1 0.79453125 0.89375 0.2078125 0.2125
1 0.63203125 0.26640625 0.0265625 0.046875
1 0.56796875 0.290625 0.0359375 0.05859375
1 0.56484375 0.25859375 0.0203125 0.03671875
1 0.58125 0.24296875 0.01796875 0.0203125
0 0.596875 0.26953125 0.03671875 0.06484375
0 0.41328125 0.4109375 0.0921875 0.171875
2 0.27109375 0.4265625 0.10234375 0.1203125
1 0.36328125 0.33671875 0.05 0.0734375
4 0.41171875 0.3109375 0.05 0.0546875
1 0.3921875 0.31015625 0.0265625 0.05703125
1 0.49609375 0.27578125 0.0375 0.0484375
3 0.64375 0.44765625 0.0421875 0.11484375
3 0.6203125 0.3453125 0.02890625 0.05703125
3 0.31953125 0.90703125 0.0921875 0.1859375