1 0.72109375 0.66796875 0.11015625 0.18984375
1 0.89453125 0.66171875 0.14765625 0.1765625
1 0.88671875 0.503125 0.09140625 0.096875
1 0.65859375 0.4 0.05 0.0734375
1 0.68984375 0.35 0.04140625 0.04296875
1 0.59921875 0.35078125 0.034375 0.06484375
1 0.88984375 0.88125 0.1984375 0.2375
1 0.4265625 0.33203125 0.028125 0.03671875
1 0.39453125 0.32109375 0.03203125 0.03515625
1 0.365625 0.3421875 0.0296875 0.03828125
1 0.665625 0.2921875 0.028125 0.03203125
1 0.60859375 0.27109375 0.01875 0.03203125
3 0.33671875 0.3875 0.02890625 0.0453125
3 0.65078125 0.35234375 0.01796875 0.03203125
3 0.5890625 0.2984375 0.02421875 0.0234375