3 0.36640625 0.45703125 0.04140625 0.103125
3 0.70703125 0.6171875 0.05078125 0.16484375
3 0.809375 0.4375 0.03359375 0.06484375
3 0.9859375 0.6015625 0.028125 0.146875
3 0.7375 0.38984375 0.034375 0.0765625
3 0.42734375 0.44921875 0.04453125 0.078125
3 0.403125 0.42578125 0.034375 0.06171875
3 0.43671875 0.3765625 0.02421875 0.053125
3 0.334375 0.38515625 0.05234375 0.06328125
1 0.359375 0.3375 0.04140625 0.06171875
1 0.04921875 0.70703125 0.0984375 0.2421875
1 0.440625 0.54140625 0.09140625 0.18671875
1 0.46484375 0.39296875 0.046875 0.08671875
1 0.48125 0.3515625 0.0609375 0.06328125
1 0.42109375 0.33515625 0.0296875 0.06015625
1 0.39453125 0.3234375 0.0296875 0.05703125
1 0.43203125 0.2984375 0.0296875 0.046875
2 0.5078125 0.290625 0.03671875 0.0453125
2 0.73203125 0.840625 0.21875 0.31796875
2 0.59296875 0.4109375 0.04921875 0.09140625
0 0.67890625 0.35390625 0.09453125 0.1984375
4 0.784375 0.6 0.13046875 0.23359375
1 0.62109375 0.51640625 0.07265625 0.11640625
1 0.6421875 0.62578125 0.09453125 0.1484375
1 0.8984375 0.83828125 0.17578125 0.3234375
1 0.9640625 0.77734375 0.07109375 0.20859375
1 0.89375 0.64375 0.1359375 0.18359375
1 0.89140625 0.50625 0.103125 0.13203125
1 0.6203125 0.36484375 0.0421875 0.053125
1 0.61328125 0.3375 0.0390625 0.0453125
1 0.578125 0.34609375 0.034375 0.0453125
1 0.56953125 0.3171875 0.0265625 0.03359375
1 0.5671875 0.3 0.0203125 0.0296875
1 0.5875 0.29296875 0.02421875 0.025
1 0.596875 0.2828125 0.01640625 0.03515625
1 0.60859375 0.2796875 0.028125 0.025
1 0.58515625 0.27578125 0.02890625 0.03515625
1 0.5734375 0.2625 0.028125 0.025
1 0.5875 0.24375 0.02421875 0.0265625