1 0.15546875 0.52890625 0.18046875 0.18515625
1 0.36484375 0.35 0.05546875 0.08671875
1 0.39453125 0.3296875 0.04375 0.09296875
1 0.46484375 0.275 0.02890625 0.04296875
1 0.484375 0.26953125 0.02109375 0.0515625
4 0.465625 0.259375 0.0265625 0.0484375
3 0.496875 0.26015625 0.00859375 0.053125
3 0.50625 0.2515625 0.0203125 0.03984375
3 0.6125 0.37421875 0.03359375 0.071875
3 0.678125 0.4421875 0.04375 0.125
3 0.734375 0.509375 0.0546875 0.078125
3 0.94609375 0.81171875 0.1078125 0.1828125
1 0.81875 0.4515625 0.103125 0.13359375
1 0.57421875 0.30546875 0.03125 0.0546875
1 0.5625 0.2796875 0.0234375 0.04296875
1 0.56640625 0.26640625 0.0234375 0.05
1 0.57421875 0.2578125 0.0234375 0.0453125
1 0.58203125 0.2421875 0.02109375 0.04140625
1 0.63671875 0.271875 0.0296875 0.046875
4 0.62734375 0.2515625 0.0203125 0.0296875
0 0.6140625 0.2890625 0.05703125 0.078125
1 0.5234375 0.29765625 0.04921875 0.06796875