0 0.071875 0.38671875 0.14296875 0.503125
1 0.18671875 0.51953125 0.11328125 0.1828125
3 0.415625 0.52109375 0.0484375 0.11328125
3 0.4625 0.52265625 0.0578125 0.096875
3 0.52734375 0.54140625 0.08125 0.1265625
1 0.6640625 0.49296875 0.03203125 0.065625
2 0.74140625 0.484375 0.07265625 0.0859375
3 0.68984375 0.496875 0.02578125 0.06484375
3 0.80078125 0.484375 0.01796875 0.0453125
3 0.85625 0.484375 0.0109375 0.03125
1 0.78515625 0.4859375 0.01484375 0.0390625
1 0.8078125 0.48125 0.01171875 0.03046875
0 0.86484375 0.459375 0.01484375 0.02890625