4 0.2046875 0.45078125 0.09765625 0.13515625
3 0.4203125 0.46953125 0.03984375 0.08828125
3 0.35234375 0.528125 0.07421875 0.11015625
3 0.396875 0.4046875 0.02421875 0.05703125
1 0.496875 0.309375 0.0421875 0.0453125
3 0.4890625 0.28515625 0.01484375 0.03359375
1 0.3640625 0.34453125 0.05234375 0.0484375
1 0.4078125 0.3140625 0.03359375 0.0484375
1 0.87265625 0.4796875 0.13125 0.13671875
1 0.5984375 0.3171875 0.03359375 0.03828125
1 0.5875 0.2859375 0.015625 0.03203125
1 0.57890625 0.2640625 0.01875 0.03515625