0 0.15703125 0.7546875 0.309375 0.4234375
0 0.6 0.2703125 0.01640625 0.04296875
2 0.42421875 0.53984375 0.0875 0.19296875
1 0.31171875 0.396875 0.06328125 0.03671875
1 0.35234375 0.36484375 0.03984375 0.053125
1 0.36953125 0.3453125 0.0296875 0.0234375
1 0.46015625 0.346875 0.028125 0.05703125
1 0.5046875 0.3375 0.03125 0.0453125
1 0.4015625 0.33203125 0.01796875 0.0296875
1 0.4890625 0.3046875 0.015625 0.0265625
1 0.45625 0.2890625 0.0203125 0.01484375
4 0.5703125 0.2640625 0.01875 0.0265625
3 0.42734375 0.40625 0.01796875 0.0453125
3 0.32734375 0.453125 0.021875 0.05859375
3 0.60859375 0.321875 0.0203125 0.03125
3 0.49453125 0.284375 0.00859375 0.021875