3 0.67421875 0.6828125 0.0703125 0.1953125
1 0.753125 0.62578125 0.1421875 0.21171875
3 0.74921875 0.478125 0.05078125 0.11015625
1 0.86328125 0.49453125 0.11875 0.13828125
1 0.73671875 0.37265625 0.05 0.11171875
4 0.62578125 0.3734375 0.05 0.10703125
2 0.5921875 0.3234375 0.0296875 0.08984375
0 0.61328125 0.29765625 0.04375 0.071875
3 0.6390625 0.31171875 0.01484375 0.0703125
0 0.596875 0.25703125 0.0234375 0.06328125
1 0.57578125 0.26015625 0.01484375 0.03984375
1 0.42734375 0.334375 0.0546875 0.04140625
1 0.375 0.3484375 0.05234375 0.05
1 0.39375 0.3265625 0.0359375 0.046875
3 0.46796875 0.3203125 0.0234375 0.06015625
3 0.51328125 0.25390625 0.01875 0.04140625