3 0.69765625 0.521875 0.05703125 0.1234375
3 0.653125 0.3671875 0.04453125 0.08515625
3 0.61015625 0.2765625 0.02109375 0.05
3 0.32890625 0.621875 0.0578125 0.1703125
3 0.28671875 0.54765625 0.0609375 0.19140625
1 0.51953125 0.3109375 0.05 0.08203125
1 0.39375 0.32109375 0.04453125 0.06796875
1 0.36171875 0.33515625 0.046875 0.053125
1 0.67734375 0.421875 0.0625 0.11015625
1 0.6140625 0.36015625 0.04453125 0.0796875
1 0.56875 0.2859375 0.02109375 0.03828125
1 0.5765625 0.25546875 0.0234375 0.03203125
1 0.6703125 0.2953125 0.04375 0.06015625
2 0.58828125 0.3953125 0.053125 0.13671875
0 0.86875 0.66484375 0.2625 0.6515625