0 0.390625 0.36328125 0.09921875 0.2
0 0.58515625 0.30390625 0.04765625 0.1015625
1 0.890625 0.5046875 0.15546875 0.1703125
1 0.74140625 0.36015625 0.08984375 0.1
1 0.64453125 0.51796875 0.08984375 0.21015625
1 0.48359375 0.2890625 0.0203125 0.0484375
1 0.50859375 0.27890625 0.02578125 0.03203125
4 0.20625 0.44921875 0.0859375 0.13203125
4 0.63203125 0.2578125 0.03125 0.04140625
2 0.3296875 0.40390625 0.08125 0.11171875
3 0.75078125 0.596875 0.0796875 0.1734375
3 0.6625 0.38046875 0.03359375 0.08828125
3 0.64453125 0.3328125 0.01640625 0.0515625
3 0.62578125 0.34296875 0.02578125 0.046875
3 0.62421875 0.31171875 0.021875 0.03984375
3 0.61875 0.284375 0.02109375 0.03203125
3 0.58671875 0.2546875 0.01640625 0.0234375