0 0.27734375 0.70078125 0.24765625 0.50859375
0 0.503125 0.28671875 0.03671875 0.0796875
1 0.14921875 0.52890625 0.153125 0.1453125
1 0.04921875 0.6671875 0.0984375 0.184375
1 0.33515625 0.39453125 0.07421875 0.1046875
1 0.4765625 0.3515625 0.0546875 0.096875
1 0.4484375 0.28671875 0.02890625 0.03984375
4 0.4625 0.26953125 0.0359375 0.04140625
1 0.365625 0.34921875 0.053125 0.078125
1 0.3921875 0.315625 0.05234375 0.078125
1 0.78828125 0.4890625 0.084375 0.16484375
1 0.84375 0.4515625 0.084375 0.1234375
1 0.6640625 0.30390625 0.03359375 0.06171875
1 0.64296875 0.278125 0.02421875 0.03984375
1 0.615625 0.25859375 0.01484375 0.0296875
1 0.58046875 0.28046875 0.021875 0.0453125
1 0.57734375 0.24765625 0.01796875 0.028125
4 0.63203125 0.25703125 0.01875 0.05703125
4 0.74921875 0.37578125 0.0859375 0.128125
3 0.61015625 0.3421875 0.0296875 0.11171875