1 0.33828125 0.67265625 0.165625 0.2046875
1 0.2578125 0.50234375 0.103125 0.0984375
1 0.43203125 0.4078125 0.06328125 0.078125
1 0.45234375 0.35078125 0.0578125 0.1015625
3 0.49609375 0.3390625 0.02890625 0.08828125
3 0.48046875 0.303125 0.02421875 0.04296875
1 0.5078125 0.28203125 0.0390625 0.046875
1 0.36640625 0.35234375 0.04375 0.08203125
1 0.40234375 0.32734375 0.05078125 0.0484375
1 0.74375 0.37421875 0.07109375 0.0984375
1 0.85625 0.50390625 0.1203125 0.14140625
3 0.62421875 0.340625 0.01796875 0.05859375
1 0.58515625 0.27265625 0.02109375 0.0453125