1 0.771875 0.940625 0.14921875 0.11796875
1 0.03359375 0.6484375 0.06640625 0.13359375
2 0.2765625 0.5046875 0.096875 0.09296875
3 0.27734375 0.60546875 0.0390625 0.075
1 0.65078125 0.465625 0.06796875 0.08515625
1 0.86875 0.490625 0.1 0.1015625
2 0.6296875 0.3625 0.03671875 0.06796875
1 0.6046875 0.32734375 0.02890625 0.03828125
1 0.35234375 0.36484375 0.04140625 0.04296875
1 0.3984375 0.3265625 0.02890625 0.03671875
3 0.8640625 0.659375 0.04921875 0.08828125
3 0.7375 0.45859375 0.03359375 0.053125
3 0.69765625 0.40859375 0.0296875 0.05
3 0.67421875 0.3734375 0.01875 0.04296875
1 0.5703125 0.2890625 0.021875 0.03203125
3 0.634375 0.3234375 0.01875 0.0296875
3 0.64921875 0.31796875 0.01328125 0.03984375