0 0.48671875 0.2796875 0.02109375 0.0296875
1 0.43671875 0.50078125 0.06640625 0.10859375
1 0.3015625 0.8171875 0.14140625 0.26171875
1 0.27890625 0.4234375 0.04453125 0.08984375
1 0.3078125 0.38828125 0.04375 0.08359375
1 0.35078125 0.3625 0.028125 0.0453125
1 0.36875 0.34140625 0.0234375 0.03359375
1 0.4953125 0.3015625 0.02109375 0.0265625
1 0.5078125 0.27890625 0.01640625 0.021875
1 0.84296875 0.45234375 0.06015625 0.08203125
1 0.50625 0.2703125 0.01875 0.0265625
3 0.19921875 0.82578125 0.06875 0.16796875
3 0.390625 0.40390625 0.02890625 0.05859375
3 0.4359375 0.328125 0.01796875 0.03984375
3 0.39296875 0.3703125 0.01640625 0.046875
3 0.87265625 0.48828125 0.05859375 0.0734375
2 0.21640625 0.48203125 0.08359375 0.1296875