1 0.35390625 0.67265625 0.1109375 0.16171875
1 0.75390625 0.853125 0.19140625 0.29296875
1 0.66171875 0.6703125 0.1 0.18984375
1 0.62734375 0.5578125 0.07578125 0.11484375
1 0.66171875 0.4671875 0.0625 0.0953125
1 0.72734375 0.54609375 0.0890625 0.13203125
1 0.91875 0.93671875 0.1625 0.1265625
1 0.88359375 0.60234375 0.1234375 0.13828125
1 0.76640625 0.50390625 0.07890625 0.10859375
1 0.88828125 0.49296875 0.1078125 0.103125
1 0.7203125 0.43359375 0.06640625 0.06640625
1 0.3671875 0.34453125 0.0375 0.0453125
1 0.396875 0.32421875 0.0359375 0.04140625
1 0.66484375 0.29296875 0.01796875 0.03359375