0 0.10625 0.61640625 0.18828125 0.33359375
0 0.5890625 0.25 0.02578125 0.04296875
1 0.4453125 0.3109375 0.0390625 0.03828125
1 0.37734375 0.34609375 0.0390625 0.03203125
1 0.3484375 0.359375 0.03984375 0.03515625
1 0.3421875 0.646875 0.10546875 0.15703125
1 0.61328125 0.37734375 0.0390625 0.08203125
1 0.56796875 0.26484375 0.0234375 0.0296875
1 0.56953125 0.24921875 0.01328125 0.021875
3 0.88125 0.5015625 0.04140625 0.06328125
3 0.64921875 0.3515625 0.0234375 0.04296875
3 0.41953125 0.74296875 0.05078125 0.13359375