1 0.6546875 0.54765625 0.0921875 0.21796875
1 0.83984375 0.4734375 0.13203125 0.16640625
1 0.671875 0.31171875 0.05078125 0.06640625
1 0.63984375 0.26484375 0.0375 0.053125
1 0.5703125 0.26484375 0.0125 0.03359375
1 0.40859375 0.3296875 0.04765625 0.06328125
1 0.38203125 0.3453125 0.06796875 0.0796875
1 0.33046875 0.38359375 0.12109375 0.08671875
1 0.17109375 0.55078125 0.1578125 0.125
1 0.48359375 0.25859375 0.02890625 0.03671875
1 0.51875 0.28046875 0.04375 0.06796875
4 0.46015625 0.259375 0.0359375 0.06484375
3 0.5875 0.3203125 0.046875 0.06328125
3 0.59296875 0.2703125 0.01875 0.03671875
3 0.58515625 0.26015625 0.0109375 0.03671875
3 0.84453125 0.76015625 0.11875 0.26640625
0 0.67421875 0.4125 0.1703125 0.1984375