3 0.42734375 0.61328125 0.053125 0.153125
3 0.29453125 0.58203125 0.0578125 0.08359375
3 0.290625 0.53046875 0.04453125 0.078125
2 0.2828125 0.4359375 0.084375 0.1015625
1 0.3234375 0.4 0.05703125 0.1
1 0.37109375 0.3453125 0.046875 0.06015625
1 0.390625 0.3125 0.065625 0.075
1 0.51015625 0.28984375 0.0265625 0.06015625
1 0.48671875 0.278125 0.0265625 0.046875
1 0.78671875 0.434375 0.08125 0.11484375
1 0.86171875 0.4875 0.10234375 0.13828125
3 0.625 0.38671875 0.02421875 0.0796875
3 0.65546875 0.37890625 0.02109375 0.05859375
1 0.578125 0.296875 0.0390625 0.06640625
1 0.1578125 0.5234375 0.12890625 0.11015625
3 0.5859375 0.26796875 0.015625 0.0296875
3 0.571875 0.26953125 0.01640625 0.04140625