1 0.34375 0.3765625 0.1765625 0.28046875
1 0.221875 0.7421875 0.246875 0.384375
1 0.503125 0.6515625 0.1828125 0.303125
1 0.55 0.38046875 0.1234375 0.1984375
1 0.7046875 0.425 0.12265625 0.2265625
1 0.65078125 0.89453125 0.2203125 0.21015625
1 0.4015625 0.14296875 0.0875 0.11953125
1 0.4375 0.08203125 0.0515625 0.078125
1 0.44296875 0.03125 0.0546875 0.04609375
0 0.54453125 0.14921875 0.1453125 0.28203125
0 0.2046875 0.0875 0.1890625 0.175
3 0.7109375 0.1890625 0.03828125 0.0984375
3 0.68828125 0.28125 0.05234375 0.0890625
3 0.796875 0.828125 0.08828125 0.25