3 0.6796875 0.390625 0.0234375 0.03828125
3 0.87890625 0.50703125 0.0296875 0.06328125
1 0.840625 0.4609375 0.07109375 0.09140625
1 0.28125 0.42578125 0.04921875 0.06796875
1 0.30859375 0.3890625 0.0390625 0.078125
1 0.35 0.35859375 0.0203125 0.06640625
1 0.37421875 0.32890625 0.02109375 0.06171875
1 0.45078125 0.284375 0.01484375 0.03203125
1 0.63515625 0.27109375 0.0203125 0.0453125
1 0.625 0.24921875 0.02421875 0.04140625
0 0.134375 0.68828125 0.23359375 0.45703125
2 0.2328125 0.46328125 0.05234375 0.096875