1 0.85 0.4671875 0.07734375 0.096875
1 0.578125 0.30625 0.021875 0.034375
1 0.37109375 0.34375 0.0359375 0.0421875
1 0.3546875 0.365625 0.0390625 0.04296875
1 0.321875 0.39609375 0.053125 0.04375
1 0.28515625 0.425 0.059375 0.0640625
1 0.5 0.2671875 0.0234375 0.02734375
0 0.571875 0.24765625 0.01640625 0.03828125
4 0.58359375 0.28046875 0.02421875 0.0296875
2 0.2140625 0.4734375 0.0875 0.10546875
3 0.425 0.3515625 0.02890625 0.04453125
3 0.8796875 0.49375 0.03671875 0.06640625
1 0.0609375 0.87890625 0.121875 0.2421875