1 0.14921875 0.54140625 0.12109375 0.1296875
1 0.48671875 0.38515625 0.0609375 0.096875
1 0.5921875 0.453125 0.06796875 0.13359375
0 0.7234375 0.4828125 0.16328125 0.26171875
1 0.64296875 0.5890625 0.1078125 0.1515625
1 0.671875 0.7484375 0.16875 0.246875
1 0.7390625 0.91796875 0.196875 0.16328125
0 0.8625 0.48359375 0.203125 0.25703125
0 0.878125 0.77265625 0.24375 0.4546875
1 0.58046875 0.25703125 0.021875 0.03671875
1 0.6265625 0.27109375 0.01640625 0.025
3 0.45859375 0.3171875 0.0296875 0.03203125
1 0.40234375 0.32265625 0.03671875 0.0453125
1 0.32578125 0.39765625 0.0734375 0.0515625
1 0.3578125 0.35546875 0.04375 0.03828125