1 0.15546875 0.53046875 0.20234375 0.16171875
1 0.334375 0.39140625 0.053125 0.0765625
1 0.3703125 0.34140625 0.0359375 0.053125
1 0.3890625 0.31484375 0.0375 0.08671875
1 0.446875 0.28359375 0.03125 0.046875
1 0.4875 0.2796875 0.01875 0.0234375
1 0.471875 0.2953125 0.0453125 0.04296875
0 0.50703125 0.2453125 0.0265625 0.03671875
2 0.50625 0.2953125 0.04375 0.06015625
4 0.47734375 0.32890625 0.0359375 0.071875
4 0.43203125 0.38359375 0.07421875 0.11015625
5 0.3734375 0.78359375 0.21875 0.4328125
1 0.13984375 0.87734375 0.2796875 0.2453125
3 0.378125 0.3953125 0.0359375 0.103125
3 0.30859375 0.40078125 0.01015625 0.071875
3 0.321875 0.3875 0.03203125 0.078125
3 0.48125 0.37734375 0.0375 0.0953125
3 0.4671875 0.27734375 0.01796875 0.0546875
1 0.58203125 0.246875 0.01484375 0.0296875
1 0.63984375 0.271875 0.028125 0.05
1 0.8265625 0.46796875 0.11015625 0.18984375