1 0.13828125 0.521875 0.17109375 0.24296875
1 0.36484375 0.34453125 0.03984375 0.08515625
1 0.6484375 0.44921875 0.06015625 0.128125
1 0.834375 0.55703125 0.128125 0.20703125
1 0.8390625 0.45078125 0.103125 0.11796875
1 0.803125 0.8078125 0.18125 0.384375
1 0.64765625 0.36796875 0.05859375 0.06640625
1 0.59296875 0.31796875 0.04140625 0.06015625
1 0.60078125 0.2953125 0.0234375 0.03984375
1 0.5859375 0.2796875 0.021875 0.03359375
1 0.6234375 0.2921875 0.03671875 0.0453125
1 0.63984375 0.27109375 0.03203125 0.0515625
0 0.57421875 0.25078125 0.02578125 0.04140625
0 0.41796875 0.334375 0.115625 0.171875
4 0.46875 0.2671875 0.0234375 0.06484375
1 0.496875 0.27109375 0.02890625 0.03515625
3 0.62421875 0.68828125 0.08671875 0.26640625
3 0.703125 0.41640625 0.0359375 0.08671875
3 0.64296875 0.334375 0.0359375 0.0453125
3 0.60390625 0.26328125 0.0109375 0.0203125