1 0.3578125 0.8515625 0.1609375 0.26015625
4 0.728125 0.87265625 0.1890625 0.2546875
2 0.671875 0.66484375 0.12890625 0.203125
2 0.77890625 0.60703125 0.1234375 0.1796875
1 0.87734375 0.81015625 0.16875 0.246875
1 0.88046875 0.625 0.12421875 0.153125
1 0.04140625 0.91015625 0.08203125 0.1796875
1 0.61796875 0.52578125 0.0625 0.11796875
1 0.596875 0.4453125 0.0421875 0.0796875
1 0.8703125 0.4921875 0.08125 0.1015625
1 0.9609375 0.74453125 0.078125 0.1796875
2 0.9671875 0.9078125 0.0625 0.184375
2 0.69140625 0.5140625 0.06484375 0.11484375
2 0.48125 0.34765625 0.03671875 0.0515625
2 0.3734375 0.35546875 0.0546875 0.04140625
1 0.3984375 0.3265625 0.021875 0.03359375
1 0.4421875 0.31953125 0.0234375 0.03515625
0 0.67578125 0.35859375 0.0859375 0.1734375
2 0.5796875 0.37265625 0.03671875 0.06796875
1 0.61875 0.36953125 0.0296875 0.06171875
1 0.61171875 0.33203125 0.02421875 0.0296875
1 0.57265625 0.30390625 0.01796875 0.03515625
1 0.58671875 0.27265625 0.01015625 0.028125
1 0.56796875 0.278125 0.0078125 0.0234375
3 0.22421875 0.78984375 0.05 0.14296875