1 0.7796875 0.77578125 0.18671875 0.328125
1 0.8703125 0.50078125 0.11015625 0.128125
1 0.7375 0.37734375 0.06015625 0.1046875
1 0.59765625 0.31328125 0.028125 0.05
1 0.35 0.36328125 0.0375 0.0734375
1 0.36953125 0.3375 0.02421875 0.05859375
1 0.39375 0.325 0.0265625 0.04296875
1 0.43203125 0.35234375 0.0296875 0.0546875
1 0.48828125 0.3453125 0.03359375 0.053125
1 0.50859375 0.3 0.0265625 0.03359375
0 0.6375 0.4625 0.13671875 0.2484375
0 0.571875 0.27265625 0.0234375 0.06171875
3 0.47421875 0.27734375 0.01015625 0.03515625
3 0.41640625 0.45546875 0.03203125 0.08515625
3 0.471875 0.49140625 0.03125 0.103125
3 0.465625 0.321875 0.0203125 0.0296875
3 0.45859375 0.36796875 0.01875 0.053125
3 0.48671875 0.28515625 0.0109375 0.03984375
3 0.50859375 0.28046875 0.01328125 0.03515625
1 0.44140625 0.28515625 0.0203125 0.03671875