3 0.23515625 0.8171875 0.04765625 0.13203125
3 0.284375 0.609375 0.028125 0.1046875
3 0.43984375 0.3578125 0.02109375 0.0484375
1 0.6046875 0.49140625 0.06484375 0.09296875
1 0.1578125 0.5328125 0.1109375 0.09140625
1 0.32265625 0.403125 0.046875 0.06015625
1 0.3578125 0.359375 0.0390625 0.03828125
1 0.40234375 0.32265625 0.0359375 0.03515625
0 0.72109375 0.5046875 0.15234375 0.253125
4 0.92265625 0.82421875 0.1546875 0.3515625
3 0.975 0.64140625 0.0421875 0.103125
3 0.090625 0.93203125 0.09453125 0.1296875
1 0.48828125 0.35 0.0375 0.046875