1 0.32890625 0.87734375 0.2671875 0.2453125
1 0.3734375 0.5859375 0.1046875 0.171875
1 0.46015625 0.46484375 0.07890625 0.096875
1 0.19609375 0.61171875 0.06796875 0.1
1 0.16796875 0.5328125 0.1421875 0.1015625
1 0.32578125 0.39609375 0.07578125 0.06484375
3 0.3328125 0.4609375 0.0265625 0.071875
1 0.359375 0.3578125 0.05 0.0484375
5 0.47890625 0.3640625 0.05703125 0.08515625
1 0.40078125 0.31640625 0.03671875 0.05
0 0.48828125 0.27734375 0.0359375 0.06484375
3 0.50078125 0.2984375 0.01328125 0.03984375