3 0.34375 0.7734375 0.11796875 0.1796875
3 0.771875 0.58046875 0.0421875 0.1484375
2 0.69453125 0.61328125 0.096875 0.28359375
3 0.8671875 0.665625 0.07265625 0.175
1 0.8640625 0.49609375 0.13359375 0.1515625
1 0.621875 0.39921875 0.0625 0.09140625
3 0.6390625 0.35 0.0234375 0.06328125
1 0.58515625 0.33359375 0.03359375 0.046875
3 0.61875 0.2921875 0.02578125 0.04140625
3 0.578125 0.27109375 0.01328125 0.03828125
3 0.4921875 0.29296875 0.01640625 0.03359375
1 0.50859375 0.31328125 0.03203125 0.03984375
3 0.45390625 0.37421875 0.02578125 0.0546875
4 0.465625 0.43046875 0.05078125 0.11484375
3 0.44609375 0.46640625 0.0375 0.08984375
4 0.440625 0.58984375 0.078125 0.1703125
0 0.34453125 0.50703125 0.17578125 0.2265625
1 0.4046875 0.40859375 0.04921875 0.046875
1 0.36796875 0.34765625 0.03984375 0.0515625
1 0.39609375 0.30703125 0.03671875 0.0796875
1 0.32734375 0.39609375 0.05546875 0.0515625
2 0.28671875 0.43671875 0.11015625 0.08671875
1 0.2078125 0.5015625 0.1515625 0.09296875
4 0.09765625 0.928125 0.19453125 0.14296875