1 0.490625 0.33828125 0.04140625 0.0703125
1 0.4890625 0.3046875 0.03125 0.03671875
4 0.465625 0.26171875 0.01875 0.0203125
2 0.46953125 0.278125 0.01875 0.0265625
1 0.40390625 0.3296875 0.04453125 0.06328125
1 0.365625 0.33984375 0.053125 0.05703125
3 0.340625 0.39296875 0.05078125 0.06640625
3 0.3015625 0.40703125 0.0234375 0.046875
3 0.5984375 0.30546875 0.01796875 0.03828125
1 0.6640625 0.29609375 0.02421875 0.06171875
1 0.8296875 0.446875 0.078125 0.1234375
1 0.88046875 0.49296875 0.10703125 0.1203125