3 0.31953125 0.8546875 0.09453125 0.2296875
3 0.925 0.38828125 0.06640625 0.1109375
3 0.59296875 0.146875 0.03828125 0.07734375
3 0.58359375 0.0671875 0.025 0.065625
1 0.446875 0.03671875 0.05078125 0.07265625
1 0.4140625 0.08828125 0.075 0.1203125
2 0.26640625 0.51640625 0.20234375 0.3671875
2 0.50390625 0.0625 0.06796875 0.12421875
1 0.55625 0.03671875 0.05546875 0.07265625
1 0.49140625 0.17421875 0.10078125 0.11015625
1 0.48828125 0.3296875 0.08515625 0.2203125
0 0.59375 0.61953125 0.31796875 0.76015625