1 0.65625 0.409375 0.09765625 0.11484375
1 0.828125 0.4390625 0.0953125 0.1046875
1 0.88671875 0.48203125 0.12578125 0.1296875
1 0.4515625 0.459375 0.09765625 0.09140625
1 0.36328125 0.33984375 0.0546875 0.05703125
1 0.3890625 0.325 0.053125 0.053125
1 0.4578125 0.2640625 0.05546875 0.06171875
1 0.578125 0.2703125 0.02890625 0.03984375
3 0.584375 0.296875 0.02578125 0.046875
3 0.7203125 0.54765625 0.05859375 0.1453125
3 0.59921875 0.27109375 0.015625 0.0484375
3 0.3375 0.384375 0.04765625 0.075
3 0.46171875 0.3234375 0.03671875 0.04296875
1 0.66640625 0.29296875 0.03203125 0.06328125