1 0.40859375 0.72578125 0.17265625 0.23515625
1 0.37734375 0.5 0.12265625 0.16015625
1 0.40703125 0.3796875 0.05546875 0.08984375
1 0.4484375 0.3609375 0.046875 0.08203125
1 0.48984375 0.3671875 0.05234375 0.06484375
1 0.48515625 0.3296875 0.03671875 0.05703125
1 0.51328125 0.309375 0.03671875 0.06484375
1 0.515625 0.26640625 0.0421875 0.03984375
1 0.3671875 0.33984375 0.0578125 0.08359375
1 0.39765625 0.31796875 0.0390625 0.06640625
1 0.43984375 0.296875 0.0453125 0.05
1 0.86171875 0.4859375 0.11796875 0.16796875
1 0.7328125 0.37890625 0.078125 0.1453125
4 0.46328125 0.2734375 0.0234375 0.053125
4 0.62734375 0.2609375 0.021875 0.03828125
3 0.640625 0.375 0.053125 0.103125
3 0.43359375 0.31171875 0.0265625 0.04296875
3 0.49296875 0.27890625 0.02890625 0.03203125
3 0.57578125 0.24765625 0.02109375 0.03203125