1 0.425 0.69140625 0.10234375 0.18359375
1 0.3921875 0.48046875 0.06015625 0.1015625
1 0.65390625 0.51015625 0.06484375 0.09296875
1 0.39921875 0.3328125 0.02421875 0.028125
1 0.3703125 0.35078125 0.02421875 0.021875
1 0.35 0.3640625 0.02421875 0.03203125
1 0.315625 0.40078125 0.0453125 0.03515625
1 0.490625 0.29921875 0.01484375 0.01796875
1 0.51953125 0.2953125 0.015625 0.0265625
1 0.45546875 0.28203125 0.01875 0.0203125
3 0.6375 0.37421875 0.0265625 0.04140625
3 0.30546875 0.58828125 0.0375 0.08671875
3 0.43671875 0.39296875 0.0234375 0.05703125
3 0.4609375 0.4671875 0.02578125 0.0484375
3 0.5921875 0.30390625 0.01640625 0.04140625
3 0.8765625 0.49609375 0.02578125 0.08203125
3 0.496875 0.34453125 0.0125 0.05859375