1 0.34765625 0.36953125 0.05703125 0.06171875
1 0.365625 0.340625 0.04375 0.0453125
1 0.3921875 0.32109375 0.0359375 0.05859375
1 0.51015625 0.3015625 0.03125 0.04296875
1 0.50625 0.2703125 0.03203125 0.0296875
1 0.63671875 0.4359375 0.0765625 0.0953125
1 0.8734375 0.490625 0.128125 0.1546875
1 0.575 0.29296875 0.02890625 0.053125
1 0.0625 0.64765625 0.12421875 0.121875
3 0.7265625 0.5203125 0.0765625 0.13671875
3 0.6953125 0.425 0.04453125 0.08671875
3 0.62578125 0.365625 0.02890625 0.06796875
3 0.6390625 0.35546875 0.02578125 0.06484375
3 0.60859375 0.321875 0.02578125 0.053125
3 0.6109375 0.28828125 0.01484375 0.05
3 0.96875 0.78515625 0.0625 0.26015625
3 0.46484375 0.28515625 0.015625 0.03984375
0 0.57734375 0.228125 0.0203125 0.03359375
0 0.5890625 0.22890625 0.01875 0.04140625
4 0.465625 0.2671875 0.02109375 0.03515625
3 0.5890625 0.27421875 0.021875 0.03984375
1 0.62265625 0.25703125 0.0171875 0.03671875
4 0.609375 0.25859375 0.01953125 0.03984375