1 0.43359375 0.4859375 0.12265625 0.178125
1 0.50234375 0.38515625 0.05859375 0.08984375
1 0.440625 0.37578125 0.0609375 0.075
1 0.409375 0.325 0.07109375 0.0796875
1 0.3703125 0.34296875 0.06484375 0.06640625
1 0.33359375 0.38984375 0.0625 0.09296875
1 0.146875 0.5453125 0.1359375 0.1703125
1 0.496875 0.32734375 0.04765625 0.071875
1 0.515625 0.2953125 0.028125 0.053125
1 0.48515625 0.296875 0.034375 0.046875
1 0.48203125 0.271875 0.01640625 0.03359375
1 0.50703125 0.27578125 0.021875 0.05859375
1 0.83046875 0.44609375 0.153125 0.171875
1 0.68359375 0.30546875 0.06484375 0.06484375
1 0.6375 0.271875 0.03359375 0.05
3 0.6203125 0.33203125 0.01640625 0.0734375
3 0.60078125 0.2890625 0.01875 0.0515625
3 0.578125 0.25234375 0.01328125 0.03828125
3 0.38671875 0.36796875 0.01875 0.053125
3 0.33359375 0.39296875 0.046875 0.096875
3 0.31015625 0.40546875 0.03125 0.075
1 0.2421875 0.92578125 0.33046875 0.1484375