3 0.103125 0.771875 0.1234375 0.3
3 0.30546875 0.4125 0.0109375 0.0953125
3 0.32578125 0.39921875 0.0375 0.09140625
0 0.48515625 0.26328125 0.034375 0.08671875
4 0.4640625 0.27265625 0.02421875 0.06796875
4 0.578125 0.2546875 0.021875 0.05703125
1 0.83671875 0.47578125 0.11015625 0.228125
1 0.67421875 0.28984375 0.0546875 0.046875
1 0.63828125 0.26796875 0.0359375 0.03671875
1 0.3984375 0.315625 0.06484375 0.0515625
1 0.36015625 0.3390625 0.0578125 0.05859375
1 0.31953125 0.37734375 0.10546875 0.08828125
1 0.1515625 0.51953125 0.184375 0.18828125