3 0.33828125 0.40234375 0.0421875 0.08515625
3 0.67421875 0.34765625 0.02578125 0.06484375
3 0.5921875 0.259375 0.01640625 0.04140625
3 0.55859375 0.26796875 0.0078125 0.03671875
1 0.2265625 0.4734375 0.12265625 0.146875
1 0.36875 0.3484375 0.04375 0.06640625
1 0.39765625 0.321875 0.04140625 0.06328125
1 0.646875 0.4625 0.084375 0.128125
1 0.83671875 0.45703125 0.10546875 0.16640625
1 0.6609375 0.29765625 0.0421875 0.0453125
1 0.57578125 0.25703125 0.02578125 0.053125
5 0.628125 0.33671875 0.034375 0.09296875