3 0.6265625 0.37109375 0.06796875 0.11796875
3 0.62734375 0.29765625 0.02421875 0.04140625
3 0.5984375 0.25078125 0.015625 0.03203125
3 0.4484375 0.353125 0.02890625 0.0765625
3 0.46796875 0.3109375 0.01484375 0.03828125
3 0.47734375 0.2796875 0.0125 0.03359375
4 0.46875 0.2703125 0.02578125 0.05703125
4 0.63359375 0.2703125 0.03203125 0.06640625
1 0.83359375 0.4515625 0.15234375 0.13671875
1 0.5859375 0.24921875 0.0203125 0.03203125
1 0.49296875 0.36015625 0.04140625 0.0796875
1 0.47734375 0.3265625 0.0296875 0.046875
1 0.509375 0.3171875 0.0265625 0.075
1 0.5109375 0.2953125 0.028125 0.05
1 0.48515625 0.29453125 0.0234375 0.0453125