1 0.15625 0.534375 0.1125 0.1015625
1 0.228125 0.46484375 0.09140625 0.0703125
1 0.44921875 0.540625 0.0796875 0.1015625
0 0.3921875 0.371875 0.1015625 0.1796875
1 0.80625 0.84453125 0.2 0.3109375
3 0.78984375 0.65390625 0.0625 0.1015625
1 0.72265625 0.53671875 0.08984375 0.11484375
1 0.64140625 0.60703125 0.09765625 0.14140625
4 0.64921875 0.459375 0.06796875 0.13359375
1 0.8421875 0.51640625 0.1125 0.11640625
1 0.6484375 0.3390625 0.03984375 0.053125
1 0.5875 0.31796875 0.0265625 0.04296875
0 0.5796875 0.25390625 0.02890625 0.05859375
1 0.06328125 0.90078125 0.1265625 0.1984375