1 0.8875 0.51015625 0.1515625 0.16015625
5 0.64296875 0.35703125 0.0765625 0.1234375
1 0.5890625 0.309375 0.0375 0.06171875
1 0.5875 0.26484375 0.0265625 0.03671875
1 0.50234375 0.32109375 0.03359375 0.05859375
3 0.4828125 0.27265625 0.00703125 0.01484375
3 0.46171875 0.3234375 0.0265625 0.05
3 0.47734375 0.31171875 0.01640625 0.046875
1 0.39921875 0.31484375 0.04921875 0.03984375
1 0.44375 0.3609375 0.0375 0.0515625
1 0.48671875 0.36640625 0.03984375 0.04296875
1 0.42890625 0.43671875 0.05703125 0.08671875
3 0.375 0.45078125 0.0390625 0.08828125
1 0.36796875 0.35078125 0.046875 0.0484375
3 0.3234375 0.48671875 0.04140625 0.0765625
3 0.3328125 0.5890625 0.04375 0.11484375
3 0.20703125 0.7703125 0.1 0.1203125
4 0.22421875 0.46328125 0.0859375 0.09296875