0 0.6765625 0.85390625 0.4265625 0.2921875
1 0.46015625 0.62421875 0.20625 0.3453125
1 0.38515625 0.22890625 0.1109375 0.15546875
1 0.49140625 0.0609375 0.05625 0.08671875
1 0.83671875 0.353125 0.15703125 0.2203125
3 0.25859375 0.67421875 0.11484375 0.2453125
3 0.3703125 0.3515625 0.0546875 0.15078125
3 0.47421875 0.20390625 0.046875 0.0921875
3 0.51796875 0.1046875 0.03515625 0.090625
3 0.475 0.38125 0.05625 0.146875
3 0.63671875 0.51640625 0.08359375 0.20078125
3 0.72578125 0.0390625 0.028125 0.05546875