3 0.60390625 0.30234375 0.0109375 0.03828125
3 0.8234375 0.50703125 0.05 0.096875
3 0.75859375 0.39453125 0.03359375 0.04140625
3 0.615625 0.29765625 0.01484375 0.025
3 0.61015625 0.275 0.01796875 0.0265625
2 0.2953125 0.41796875 0.05 0.0796875
2 0.74609375 0.5671875 0.11328125 0.2015625
2 0.64375 0.45390625 0.0796875 0.128125
1 0.425 0.428125 0.0609375 0.08359375
1 0.3921875 0.321875 0.0296875 0.06328125
1 0.496875 0.28828125 0.028125 0.046875
1 0.5859375 0.35078125 0.04453125 0.06171875
1 0.56875 0.28671875 0.01640625 0.03359375
1 0.58984375 0.296875 0.0234375 0.03359375
1 0.8375 0.4609375 0.0734375 0.08515625
1 0.915625 0.72890625 0.13984375 0.21484375
1 0.446875 0.2921875 0.00546875 0.03203125