1 0.31328125 0.39609375 0.05546875 0.0453125
1 0.34609375 0.37578125 0.04140625 0.05859375
1 0.3671875 0.33984375 0.02421875 0.046875
1 0.4734375 0.40390625 0.03671875 0.06171875
1 0.49609375 0.303125 0.021875 0.06015625
1 0.66640625 0.51484375 0.08125 0.13359375
1 0.84375 0.7453125 0.2 0.3
1 0.596875 0.35 0.0453125 0.06640625
4 0.40234375 0.3484375 0.04140625 0.06640625
3 0.33515625 0.47734375 0.02109375 0.06796875
3 0.621875 0.33984375 0.02890625 0.04296875
3 0.571875 0.28203125 0.01484375 0.0296875
3 0.87734375 0.4984375 0.0421875 0.0703125
1 0.83046875 0.45390625 0.078125 0.1046875
3 0.43515625 0.3578125 0.01640625 0.0484375
3 0.3015625 0.421875 0.02578125 0.0703125