3 0.5921875 0.61328125 0.05859375 0.15703125
3 0.60390625 0.4765625 0.06484375 0.11015625
3 0.58359375 0.28671875 0.01640625 0.046875
3 0.5890625 0.271875 0.01875 0.03671875
3 0.6078125 0.27578125 0.02109375 0.0484375
3 0.4984375 0.37109375 0.02578125 0.075
3 0.340625 0.39453125 0.0734375 0.078125
3 0.415625 0.31953125 0.0234375 0.05859375
1 0.58359375 0.240625 0.0234375 0.03828125
1 0.51953125 0.28671875 0.03125 0.0265625
1 0.50703125 0.25078125 0.03125 0.03515625
1 0.46796875 0.2765625 0.028125 0.03671875
1 0.39375 0.32109375 0.0578125 0.078125
1 0.36171875 0.33828125 0.07890625 0.09296875
1 0.640625 0.3515625 0.06484375 0.0765625
1 0.6703125 0.296875 0.03671875 0.06015625
1 0.6578125 0.46484375 0.065625 0.11640625
1 0.70625 0.4984375 0.09375 0.13359375
1 0.86875 0.47890625 0.1109375 0.11796875
1 0.625 0.5140625 0.1203125 0.13828125
1 0.67578125 0.6796875 0.12578125 0.2265625
1 0.8375 0.7546875 0.20703125 0.2703125
1 0.74296875 0.8453125 0.2109375 0.309375
1 0.90703125 0.92265625 0.1859375 0.1546875
0 0.909375 0.64921875 0.18125 0.5359375