1 0.07421875 0.73046875 0.14765625 0.171875
1 0.15859375 0.53203125 0.11484375 0.08671875
1 0.22734375 0.4625 0.103125 0.075
1 0.44453125 0.36328125 0.046875 0.05703125
1 0.359375 0.35703125 0.05546875 0.03671875
2 0.646875 0.52890625 0.0875 0.16171875
0 0.64609375 0.39296875 0.084375 0.13984375
0 0.89921875 0.71015625 0.2015625 0.5796875
1 0.5671875 0.30078125 0.03125 0.03203125
0 0.59921875 0.29296875 0.03203125 0.05703125
0 0.5125 0.2453125 0.0234375 0.046875
1 0.4484375 0.28828125 0.028125 0.0203125
3 0.4984375 0.27890625 0.01796875 0.021875