1 0.6171875 0.453125 0.08203125 0.10703125
1 0.82578125 0.4515625 0.0703125 0.08359375
1 0.78125 0.41015625 0.06796875 0.06640625
1 0.61796875 0.3109375 0.03984375 0.0453125
1 0.36328125 0.50390625 0.0859375 0.1015625
1 0.359375 0.33828125 0.0390625 0.0296875
1 0.47734375 0.30859375 0.01875 0.0265625
1 0.50234375 0.29296875 0.0203125 0.03359375
0 0.5875 0.271875 0.02890625 0.04296875
1 0.43046875 0.415625 0.0421875 0.05859375
2 0.29375 0.4125 0.06640625 0.06796875
3 0.715625 0.5234375 0.03203125 0.06015625
3 0.72265625 0.37109375 0.0109375 0.03515625
3 0.73046875 0.4296875 0.0421875 0.0234375
3 0.86328125 0.4828125 0.04921875 0.08828125
0 0.140625 0.8234375 0.25234375 0.3234375