1 0.06796875 0.6796875 0.1359375 0.1703125
1 0.353125 0.4578125 0.05859375 0.06171875
1 0.4703125 0.4046875 0.04921875 0.053125
1 0.47734375 0.34296875 0.03203125 0.04296875
1 0.3703125 0.340625 0.0359375 0.03828125
1 0.3953125 0.3234375 0.034375 0.03359375
1 0.60078125 0.32421875 0.03671875 0.03828125
1 0.8265625 0.44921875 0.0796875 0.06484375
1 0.88671875 0.50078125 0.1 0.0984375
1 0.6640625 0.29140625 0.021875 0.03671875
3 0.778125 0.57421875 0.046875 0.078125
3 0.93984375 0.8109375 0.0796875 0.1484375
3 0.33984375 0.3890625 0.034375 0.03203125