1 0.83515625 0.46171875 0.0796875 0.08359375
1 0.3890625 0.6984375 0.0953125 0.2
1 0.46015625 0.39296875 0.0421875 0.0703125
1 0.28046875 0.42421875 0.05703125 0.06171875
1 0.34609375 0.353125 0.01875 0.03671875
1 0.37109375 0.3390625 0.02578125 0.0515625
1 0.440625 0.28828125 0.015625 0.03359375
1 0.50234375 0.2875 0.015625 0.025
3 0.27890625 0.52734375 0.0421875 0.1015625
3 0.48515625 0.4546875 0.03671875 0.06640625
3 0.578125 0.2859375 0.00859375 0.0515625
3 0.59765625 0.2765625 0.0125 0.0296875
3 0.87578125 0.48671875 0.04140625 0.06015625
1 0.3140625 0.39296875 0.0390625 0.03984375
2 0.2234375 0.471875 0.09765625 0.1