3 0.17265625 0.71953125 0.07109375 0.13828125
3 0.3328125 0.39296875 0.0375 0.0765625
3 0.3890625 0.3671875 0.03984375 0.0484375
3 0.44765625 0.32265625 0.02109375 0.05859375
4 0.46484375 0.26484375 0.01796875 0.03984375
4 0.4796875 0.309375 0.02578125 0.071875
4 0.50703125 0.29609375 0.0375 0.06171875
1 0.22109375 0.47578125 0.13359375 0.121875
1 0.359375 0.3453125 0.06015625 0.053125
1 0.39921875 0.30546875 0.06015625 0.08515625
1 0.83125 0.44296875 0.1015625 0.13359375
1 0.89453125 0.5140625 0.1125 0.13203125
0 0.5078125 0.2515625 0.034375 0.06640625
1 0.6609375 0.28671875 0.046875 0.05