3 0.49375 0.34609375 0.0640625 0.159375
3 0.5703125 0.25703125 0.0578125 0.128125
3 0.53828125 0.0609375 0.0296875 0.06953125
3 0.5234375 0.02890625 0.0265625 0.05546875
3 0.71484375 0.025 0.0390625 0.0375
3 0.77265625 0.3265625 0.07578125 0.13984375
2 0.80078125 0.15 0.109375 0.18359375
1 0.4453125 0.034375 0.05859375 0.06796875
1 0.46953125 0.1125 0.0765625 0.10859375
1 0.36171875 0.2890625 0.11484375 0.1984375
1 0.28359375 0.53125 0.19375 0.2296875
1 0.24296875 0.81953125 0.3015625 0.36015625
1 0.9203125 0.453125 0.159375 0.14375
0 0.84140625 0.734375 0.3171875 0.53125