1 0.11640625 0.51640625 0.215625 0.23359375
1 0.33671875 0.40859375 0.0953125 0.1203125
1 0.35859375 0.34765625 0.05703125 0.0984375
1 0.40390625 0.3234375 0.06640625 0.10703125
1 0.828125 0.46796875 0.11875 0.14296875
1 0.6703125 0.30234375 0.04921875 0.06171875
1 0.6375 0.27421875 0.0453125 0.071875
1 0.47734375 0.35 0.03359375 0.06328125
1 0.4890625 0.30703125 0.0296875 0.06640625
1 0.48671875 0.27890625 0.02890625 0.03515625
1 0.50859375 0.26484375 0.03125 0.03359375
1 0.515625 0.28984375 0.03203125 0.03671875
1 0.48203125 0.26015625 0.02109375 0.04296875
4 0.46171875 0.2640625 0.028125 0.0484375
3 0.434375 0.3078125 0.0234375 0.0546875
3 0.3328125 0.39453125 0.0359375 0.08203125
3 0.3046875 0.4046875 0.03125 0.08671875
3 0.73671875 0.52109375 0.06796875 0.13203125
3 0.625 0.33515625 0.03125 0.0765625