3 0.30078125 0.61640625 0.05234375 0.14296875
3 0.37890625 0.8765625 0.08984375 0.246875
3 0.4421875 0.4421875 0.0390625 0.08203125
3 0.3828125 0.4703125 0.0375 0.096875
3 0.33828125 0.39296875 0.0421875 0.06640625
3 0.3046875 0.40703125 0.0359375 0.05703125
3 0.59453125 0.3046875 0.01640625 0.03671875
3 0.60078125 0.2828125 0.0125 0.03828125
1 0.82421875 0.4421875 0.09375 0.13828125
1 0.88359375 0.50234375 0.12109375 0.14140625
1 0.665625 0.28515625 0.05234375 0.05
1 0.628125 0.3046875 0.034375 0.06015625
1 0.403125 0.31796875 0.03671875 0.06328125
1 0.37109375 0.33984375 0.046875 0.05
1 0.20625 0.496875 0.0921875 0.1
2 0.46875 0.265625 0.03203125 0.03515625