3 0.78984375 0.63828125 0.05546875 0.16328125
1 0.87578125 0.49609375 0.15703125 0.13828125
1 0.7359375 0.390625 0.08671875 0.11796875
3 0.6953125 0.36796875 0.0359375 0.0765625
1 0.590625 0.31015625 0.02421875 0.05
1 0.6125 0.296875 0.0375 0.03671875
2 0.5890625 0.26328125 0.01875 0.0265625
3 0.29453125 0.51953125 0.0796875 0.121875
1 0.3671875 0.35234375 0.03671875 0.06484375
1 0.3953125 0.3203125 0.0390625 0.03359375
1 0.4484375 0.359375 0.04921875 0.075
3 0.3984375 0.396875 0.0390625 0.0796875
1 0.50390625 0.29609375 0.02890625 0.04140625
4 0.51484375 0.2734375 0.02890625 0.053125
1 0.46953125 0.2703125 0.02890625 0.053125