3 0.40703125 0.52109375 0.0265625 0.078125
3 0.375 0.4921875 0.0234375 0.071875
3 0.44140625 0.42578125 0.0203125 0.06171875
3 0.58125 0.340625 0.01796875 0.03515625
3 0.69375 0.42265625 0.03203125 0.05859375
3 0.69453125 0.36484375 0.01640625 0.04296875
3 0.44453125 0.3421875 0.01796875 0.03828125
3 0.48359375 0.34453125 0.015625 0.04140625
1 0.79453125 0.43984375 0.06796875 0.08984375
1 0.86796875 0.496875 0.0875 0.103125
1 0.3921875 0.4171875 0.05 0.05859375
1 0.1640625 0.534375 0.1234375 0.09140625
1 0.36640625 0.346875 0.0390625 0.046875
1 0.50234375 0.3359375 0.03359375 0.04140625
1 0.4890625 0.30859375 0.0296875 0.0296875
1 0.5125 0.2921875 0.01796875 0.028125
2 0.58515625 0.28359375 0.01875 0.03359375
2 0.28125 0.43515625 0.0734375 0.08359375