3 0.58828125 0.2546875 0.0109375 0.03359375
3 0.58203125 0.25234375 0.01015625 0.021875
1 0.15546875 0.55546875 0.1671875 0.2015625
1 0.49609375 0.4203125 0.0796875 0.16328125
1 0.4328125 0.38671875 0.06328125 0.11328125
1 0.4 0.32109375 0.06796875 0.075
1 0.36875 0.3453125 0.05703125 0.0703125
1 0.3171875 0.38359375 0.115625 0.11328125
1 0.83046875 0.43671875 0.078125 0.09296875
1 0.8953125 0.84765625 0.19140625 0.3046875
1 0.6796875 0.3375 0.0375 0.071875
1 0.678125 0.31015625 0.05 0.0734375
1 0.64921875 0.284375 0.03671875 0.05859375
4 0.63046875 0.26171875 0.021875 0.03984375
4 0.46171875 0.26484375 0.02109375 0.03984375
1 0.453125 0.29296875 0.03671875 0.053125
1 0.47890625 0.278125 0.01640625 0.05
0 0.49921875 0.28046875 0.03984375 0.078125
1 0.58125 0.3640625 0.04765625 0.11796875
1 0.5921875 0.228125 0.01484375 0.0203125
4 0.753125 0.384375 0.065625 0.0953125