0 0.11640625 0.78828125 0.2328125 0.4234375
0 0.46875 0.29921875 0.05234375 0.0734375
4 0.46484375 0.2546875 0.03359375 0.0484375
1 0.4953125 0.36796875 0.06328125 0.10859375
1 0.834375 0.44453125 0.11015625 0.14140625
1 0.884375 0.51015625 0.09921875 0.14140625
1 0.67109375 0.30703125 0.04140625 0.03984375
1 0.66640625 0.2890625 0.03671875 0.03984375
1 0.578125 0.23828125 0.0109375 0.01796875
1 0.4265625 0.565625 0.11484375 0.16015625
1 0.42734375 0.3125 0.0265625 0.05
1 0.3953125 0.321875 0.034375 0.0484375
1 0.365625 0.3375 0.03671875 0.03984375
3 0.42421875 0.33671875 0.02578125 0.0453125
3 0.440625 0.41796875 0.0375 0.08515625
3 0.3015625 0.403125 0.0265625 0.0515625
3 0.33828125 0.3984375 0.04453125 0.08203125
3 0.50859375 0.28671875 0.01484375 0.0453125