1 0.1921875 0.696875 0.17265625 0.19296875
1 0.41171875 0.36328125 0.04453125 0.05703125
1 0.50078125 0.29453125 0.0234375 0.03828125
1 0.5078125 0.265625 0.0234375 0.03203125
0 0.490625 0.26171875 0.0296875 0.05703125
0 0.51015625 0.24609375 0.015625 0.0453125
0 0.884375 0.5578125 0.23125 0.3546875
4 0.44453125 0.33359375 0.03359375 0.06640625
4 0.63828125 0.5 0.08671875 0.146875
3 0.33828125 0.38828125 0.03671875 0.06328125
3 0.71875 0.40234375 0.0390625 0.075
3 0.91171875 0.73046875 0.06015625 0.14140625
3 0.6375 0.31796875 0.01640625 0.04296875
3 0.621875 0.31015625 0.01875 0.0703125
3 0.621875 0.2765625 0.01015625 0.03359375
3 0.59375 0.28828125 0.00859375 0.0265625
1 0.6390625 0.38046875 0.0390625 0.075
1 0.70625 0.46953125 0.0734375 0.0984375
1 0.71484375 0.53984375 0.09921875 0.1234375
1 0.6546875 0.67421875 0.13828125 0.2484375
1 0.78125 0.68359375 0.15 0.21328125
1 0.8828125 0.86328125 0.22265625 0.2734375
1 0.959375 0.75234375 0.08125 0.2390625
1 0.57421875 0.2546875 0.02421875 0.03984375
1 0.390625 0.31796875 0.0578125 0.03984375
1 0.36484375 0.32890625 0.04453125 0.06171875
1 0.66328125 0.296875 0.04140625 0.06328125