3 0.36953125 0.475 0.046875 0.13671875
3 0.46796875 0.45078125 0.028125 0.128125
3 0.48046875 0.3 0.015625 0.04296875
3 0.48359375 0.27734375 0.01484375 0.04140625
3 0.4953125 0.2609375 0.0078125 0.03203125
1 0.82265625 0.45 0.17109375 0.1796875
1 0.3015625 0.83046875 0.2109375 0.33828125
1 0.1515625 0.534375 0.19921875 0.1515625
1 0.4234375 0.4390625 0.07109375 0.121875
1 0.3203125 0.37421875 0.08203125 0.09140625
1 0.37109375 0.33828125 0.05546875 0.09296875
1 0.3796875 0.30859375 0.07421875 0.1203125
1 0.6140625 0.3421875 0.08984375 0.075
1 0.66640625 0.29765625 0.0578125 0.06171875
1 0.63984375 0.2671875 0.03671875 0.03203125
1 0.5140625 0.3171875 0.046875 0.071875
1 0.51328125 0.2796875 0.03671875 0.05
1 0.453125 0.27578125 0.03203125 0.04140625
4 0.46484375 0.2609375 0.0265625 0.0453125
4 0.478125 0.25703125 0.0203125 0.03671875