4 0.6296875 0.2625 0.0140625 0.02734375
2 0.296875 0.4140625 0.0671875 0.06015625
1 0.36328125 0.3515625 0.03671875 0.0546875
1 0.3984375 0.32734375 0.03984375 0.04375
1 0.878125 0.54765625 0.146875 0.14140625
1 0.828125 0.45234375 0.0765625 0.0765625
3 0.703125 0.47734375 0.0359375 0.084375
3 0.62734375 0.35859375 0.02578125 0.04609375
3 0.63671875 0.321875 0.0203125 0.03984375
3 0.7625 0.39453125 0.02734375 0.04765625
1 0.58359375 0.2859375 0.02578125 0.0234375
1 0.64453125 0.2828125 0.0296875 0.028125