3 0.375 0.7171875 0.0578125 0.19140625
3 0.509375 0.28046875 0.0203125 0.028125
3 0.50234375 0.278125 0.00859375 0.0265625
3 0.65625 0.8546875 0.078125 0.21015625
0 0.08203125 0.8796875 0.1640625 0.2375
1 0.36328125 0.35546875 0.06328125 0.0546875
1 0.390625 0.3265625 0.03671875 0.046875
1 0.4859375 0.28671875 0.02421875 0.03359375
1 0.5 0.3078125 0.028125 0.04140625
0 0.5859375 0.23359375 0.021875 0.053125
1 0.5703125 0.25234375 0.0203125 0.03515625
1 0.571875 0.28515625 0.02109375 0.03671875
1 0.6 0.3078125 0.0296875 0.03828125
1 0.66484375 0.290625 0.04375 0.03828125
1 0.571875 0.3328125 0.0296875 0.028125
4 0.5890625 0.359375 0.03984375 0.075
4 0.6421875 0.359375 0.04140625 0.075
2 0.7359375 0.49140625 0.0921875 0.16640625
1 0.60703125 0.42421875 0.053125 0.08203125
1 0.67734375 0.36640625 0.046875 0.06328125
1 0.71875 0.38359375 0.05546875 0.06640625
1 0.65703125 0.40859375 0.0578125 0.0703125
1 0.634375 0.51015625 0.0765625 0.11328125
1 0.7046875 0.62109375 0.13359375 0.125
2 0.77734375 0.83203125 0.2078125 0.3359375
0 0.88046875 0.653125 0.2390625 0.446875