1 0.76328125 0.6921875 0.17578125 0.34140625
1 0.84765625 0.4609375 0.1234375 0.121875
1 0.3796875 0.775 0.16796875 0.34296875
1 0.1265625 0.83359375 0.215625 0.25703125
1 0.153125 0.5296875 0.18046875 0.18359375
1 0.365625 0.34609375 0.05078125 0.08828125
1 0.39609375 0.315625 0.0359375 0.0546875
1 0.66484375 0.29609375 0.046875 0.075
4 0.75 0.375 0.05859375 0.11015625
3 0.57578125 0.271875 0.0125 0.046875
3 0.675 0.4296875 0.0625 0.10703125
3 0.415625 0.42578125 0.06796875 0.08515625
3 0.3953125 0.378125 0.0390625 0.053125
3 0.496875 0.31328125 0.053125 0.06015625
3 0.4921875 0.28046875 0.01875 0.04140625
3 0.50625 0.26171875 0.0109375 0.03671875
1 0.6140625 0.2546875 0.0203125 0.03359375