3 0.26640625 0.75546875 0.07421875 0.178125
1 0.17109375 0.52578125 0.13671875 0.1546875
1 0.40546875 0.559375 0.12109375 0.1484375
3 0.38359375 0.44296875 0.0421875 0.08671875
3 0.42578125 0.415625 0.03359375 0.08203125
3 0.50078125 0.36015625 0.02109375 0.06015625
3 0.47265625 0.32734375 0.021875 0.028125
3 0.4890625 0.309375 0.021875 0.03203125
3 0.51015625 0.29921875 0.01796875 0.025
3 0.49609375 0.27421875 0.015625 0.021875
3 0.44453125 0.30546875 0.01484375 0.04140625
3 0.4203125 0.33203125 0.0109375 0.046875
1 0.396875 0.315625 0.03359375 0.06171875
1 0.32109375 0.4015625 0.0625 0.0734375
1 0.696875 0.76640625 0.19453125 0.3265625
1 0.58984375 0.41328125 0.04375 0.08984375
0 0.71953125 0.50859375 0.13984375 0.26640625
5 0.80234375 0.50703125 0.08125 0.1265625
4 0.64609375 0.45 0.03125 0.10703125
0 0.9265625 0.74140625 0.146875 0.453125
1 0.63203125 0.271875 0.02578125 0.03359375