1 0.7203125 0.5875 0.1421875 0.1953125
3 0.94609375 0.6953125 0.1078125 0.2125
1 0.87109375 0.49765625 0.1453125 0.1484375
3 0.62265625 0.3671875 0.0375 0.08203125
3 0.64375 0.33984375 0.0265625 0.0734375
1 0.73828125 0.3734375 0.046875 0.1265625
3 0.603125 0.296875 0.0421875 0.06015625
1 0.571875 0.26484375 0.01796875 0.04296875
1 0.459375 0.43671875 0.08671875 0.1
3 0.4484375 0.35 0.0234375 0.06328125
3 0.49296875 0.30546875 0.01875 0.06484375
1 0.52265625 0.2703125 0.04921875 0.05703125
1 0.14765625 0.61484375 0.25 0.13984375
3 0.27890625 0.4734375 0.05703125 0.10703125
1 0.3625 0.3453125 0.03984375 0.05703125
1 0.3796875 0.3203125 0.065625 0.06640625