1 0.69375 0.6875 0.1453125 0.228125
1 0.69140625 0.46953125 0.0875 0.13828125
1 0.8328125 0.46640625 0.10703125 0.11328125
1 0.6140625 0.3859375 0.04453125 0.08203125
1 0.57578125 0.3078125 0.0359375 0.06171875
1 0.66484375 0.29609375 0.03203125 0.0484375
4 0.7640625 0.3671875 0.07109375 0.071875
3 0.9015625 0.690625 0.0703125 0.18515625
1 0.628125 0.259375 0.02890625 0.04140625
1 0.3984375 0.321875 0.03203125 0.06015625
1 0.3625 0.3375 0.06015625 0.0546875
1 0.309375 0.42578125 0.08984375 0.0984375
1 0.221875 0.47265625 0.0859375 0.1046875
3 0.34453125 0.3921875 0.04375 0.06171875
1 0.14765625 0.5265625 0.1453125 0.1265625
1 0.5796875 0.265625 0.02578125 0.03828125