0 0.36640625 0.38046875 0.1125 0.1546875
0 0.46171875 0.3265625 0.11796875 0.146875
3 0.25859375 0.609375 0.07421875 0.1546875
3 0.4046875 0.4640625 0.0375 0.1046875
3 0.43125 0.41484375 0.0375 0.08359375
3 0.3015625 0.41015625 0.04140625 0.0765625
3 0.50703125 0.328125 0.02890625 0.053125
4 0.49609375 0.2953125 0.02890625 0.0734375
1 0.1515625 0.52109375 0.1625 0.15859375
1 0.475 0.5109375 0.10703125 0.1515625
1 0.490625 0.4046875 0.06015625 0.0796875
1 0.6671875 0.3 0.03125 0.06328125
1 0.8234375 0.44609375 0.11875 0.121875
1 0.6375 0.27109375 0.02578125 0.03828125
1 0.4125 0.3109375 0.04921875 0.0453125
3 0.78984375 0.5796875 0.07421875 0.21328125