1 0.390625 0.63671875 0.1359375 0.18359375
1 0.828125 0.440625 0.08984375 0.125
1 0.87734375 0.4859375 0.109375 0.10859375
1 0.66796875 0.290625 0.034375 0.06171875
1 0.5859375 0.228125 0.015625 0.01328125
1 0.39609375 0.32109375 0.0265625 0.0546875
1 0.37421875 0.33515625 0.06328125 0.05703125
4 0.4671875 0.265625 0.0203125 0.0453125
1 0.50078125 0.25703125 0.01640625 0.03984375
1 0.51015625 0.25 0.01796875 0.03984375
3 0.49453125 0.2890625 0.021875 0.0515625
3 0.3328125 0.39140625 0.0421875 0.053125
3 0.30625 0.40703125 0.02109375 0.053125