3 0.83203125 0.696875 0.0578125 0.11328125
1 0.6875 0.5578125 0.10703125 0.175
1 0.86328125 0.49140625 0.096875 0.11640625
1 0.5875 0.31171875 0.028125 0.0296875
2 0.73828125 0.375 0.046875 0.08359375
4 0.41171875 0.60546875 0.10703125 0.16796875
4 0.21640625 0.4609375 0.06796875 0.08515625
1 0.34921875 0.3640625 0.03984375 0.04140625
1 0.36953125 0.34296875 0.03125 0.03984375
1 0.39296875 0.325 0.03671875 0.04296875
1 0.440625 0.32890625 0.02890625 0.04140625
1 0.46953125 0.3046875 0.02421875 0.03671875
1 0.4984375 0.3140625 0.01875 0.04140625
3 0.69375 0.415625 0.0203125 0.0453125
3 0.615625 0.3171875 0.0125 0.03828125
1 0.58984375 0.2875 0.01875 0.025
3 0.19296875 0.59453125 0.05234375 0.08515625