1 0.41328125 0.49921875 0.07578125 0.11171875
1 0.4625 0.41171875 0.04765625 0.06875
1 0.36484375 0.3453125 0.0328125 0.0328125
1 0.39375 0.3171875 0.03125 0.03984375
1 0.49296875 0.29921875 0.02890625 0.03125
2 0.14765625 0.5359375 0.12109375 0.125
1 0.30703125 0.9078125 0.18671875 0.184375
1 0.834375 0.459375 0.07109375 0.08828125
3 0.4375 0.35390625 0.03359375 0.03984375
3 0.609375 0.31484375 0.01484375 0.025
3 0.5828125 0.30546875 0.0140625 0.02578125
3 0.44296875 0.3125 0.01875 0.02421875
3 0.46875 0.30859375 0.015625 0.02578125
3 0.4921875 0.2859375 0.0109375 0.01484375
1 0.490625 0.30546875 0.02890625 0.03046875