1 0.66796875 0.45390625 0.059375 0.0828125
1 0.8421875 0.46015625 0.08359375 0.0921875
1 0.45234375 0.3203125 0.0453125 0.03984375
1 0.37265625 0.340625 0.04140625 0.03984375
1 0.353125 0.36328125 0.03671875 0.0390625
1 0.315625 0.3984375 0.04375 0.04921875
1 0.284375 0.41640625 0.0609375 0.078125
1 0.471875 0.27421875 0.01796875 0.0203125
2 0.21328125 0.47421875 0.0953125 0.1015625
0 0.58828125 0.2859375 0.0390625 0.06484375
0 0.60625 0.26953125 0.0421875 0.04453125
4 0.2578125 0.75703125 0.203125 0.3125
3 0.875 0.4921875 0.040625 0.06953125
3 0.43359375 0.3671875 0.0296875 0.05390625