1 0.1484375 0.54296875 0.103125 0.1234375
1 0.83046875 0.45 0.07578125 0.08671875
1 0.33046875 0.38359375 0.04921875 0.053125
4 0.48828125 0.35390625 0.03984375 0.06796875
1 0.3703125 0.34140625 0.0296875 0.028125
1 0.39453125 0.3234375 0.02578125 0.03125
4 0.4390625 0.31796875 0.021875 0.0390625
1 0.46171875 0.33671875 0.01328125 0.046875
1 0.4859375 0.30546875 0.0203125 0.02890625
1 0.5109375 0.315625 0.02109375 0.03125
3 0.59921875 0.32421875 0.0171875 0.0375
3 0.6515625 0.3640625 0.015625 0.03203125