3 0.33359375 0.384375 0.04921875 0.05859375
1 0.36171875 0.3390625 0.04765625 0.08203125
1 0.36328125 0.6671875 0.16796875 0.23828125
1 0.39375 0.3171875 0.0421875 0.071875
1 0.4609375 0.25546875 0.03671875 0.071875
1 0.578125 0.2515625 0.03203125 0.046875
1 0.66953125 0.29609375 0.03125 0.0484375
1 0.66328125 0.4625 0.07265625 0.13515625
1 0.71640625 0.42421875 0.0734375 0.09140625
1 0.71875 0.52734375 0.1203125 0.1453125
1 0.7703125 0.50390625 0.08203125 0.14140625
1 0.88671875 0.49296875 0.10546875 0.13359375
1 0.884375 0.5921875 0.1609375 0.13515625
1 0.6359375 0.54921875 0.115625 0.11484375
1 0.64765625 0.65078125 0.159375 0.2046875
1 0.73125 0.84453125 0.24375 0.3109375
1 0.909375 0.921875 0.18125 0.15546875
0 0.959375 0.7703125 0.08125 0.371875