3 0.1859375 0.71640625 0.05234375 0.11328125
3 0.340625 0.75390625 0.046875 0.121875
1 0.78046875 0.61015625 0.046875 0.08984375
3 0.28671875 0.515625 0.0375 0.078125
1 0.35 0.3625 0.0390625 0.0515625
1 0.3875 0.38984375 0.05 0.053125
1 0.3703125 0.340625 0.0359375 0.028125
1 0.39453125 0.325 0.0390625 0.03359375
1 0.48671875 0.36796875 0.0375 0.05703125
1 0.6078125 0.33046875 0.04140625 0.06171875
1 0.68125 0.5359375 0.08125 0.128125
1 0.8671875 0.4921875 0.1 0.0984375
1 0.82265625 0.92421875 0.18359375 0.1515625
2 0.73671875 0.3734375 0.05 0.0703125