1 0.8015625 0.80859375 0.259375 0.3296875
1 0.85234375 0.46484375 0.1609375 0.1265625
1 0.6015625 0.3671875 0.07109375 0.08203125
1 0.5921875 0.3 0.03203125 0.0734375
1 0.66484375 0.2953125 0.02578125 0.046875
0 0.578125 0.2578125 0.03203125 0.06796875
0 0.49296875 0.32265625 0.06484375 0.11171875
1 0.4796875 0.278125 0.046875 0.03359375
1 0.39453125 0.3296875 0.0578125 0.0734375
1 0.365625 0.33828125 0.05703125 0.0734375
1 0.14296875 0.521875 0.18359375 0.16015625
4 0.75078125 0.36796875 0.05546875 0.08359375
1 0.63515625 0.27109375 0.01796875 0.0453125