1 0.3359375 0.64921875 0.2109375 0.175
1 0.12734375 0.6859375 0.24765625 0.2015625
1 0.359375 0.33203125 0.04921875 0.0796875
1 0.39453125 0.31328125 0.053125 0.08984375
1 0.471875 0.2625 0.02890625 0.0546875
1 0.578125 0.27734375 0.0375 0.06484375
1 0.6671875 0.28984375 0.06015625 0.06640625
1 0.828125 0.43671875 0.09140625 0.10703125
1 0.88515625 0.4984375 0.10703125 0.1
0 0.803125 0.57109375 0.2359375 0.3953125
0 0.5140625 0.24765625 0.02890625 0.05859375
3 0.6046875 0.3265625 0.02421875 0.0734375
3 0.62890625 0.33828125 0.028125 0.096875
3 0.58828125 0.246875 0.0109375 0.04296875
3 0.45859375 0.29921875 0.02109375 0.0453125
3 0.3328125 0.38046875 0.046875 0.078125