3 0.778125 0.50234375 0.03203125 0.08203125
3 0.64921875 0.3859375 0.03203125 0.071875
3 0.5859375 0.284375 0.0203125 0.028125
3 0.47421875 0.2875 0.02109375 0.028125
3 0.334375 0.3953125 0.03359375 0.046875
1 0.21484375 0.490625 0.13984375 0.11796875
1 0.365625 0.34140625 0.04375 0.0734375
1 0.390625 0.32265625 0.04765625 0.075
1 0.59921875 0.3265625 0.0375 0.06015625
1 0.63046875 0.29296875 0.0265625 0.03984375
1 0.8390625 0.4515625 0.0921875 0.1203125
1 0.71171875 0.52890625 0.10234375 0.2015625
1 0.66796875 0.30078125 0.03203125 0.06171875
0 0.51171875 0.259375 0.0265625 0.078125