2 0.1125 0.56015625 0.10703125 0.1203125
2 0.4828125 0.4 0.0375 0.06015625
1 0.36484375 0.34609375 0.03359375 0.03515625
1 0.2015625 0.465625 0.115625 0.09140625
1 0.38671875 0.325 0.04375 0.03984375
1 0.48203125 0.3 0.028125 0.03359375
1 0.43828125 0.378125 0.0375 0.046875
1 0.5765625 0.2453125 0.02109375 0.01640625
1 0.6640625 0.29609375 0.03125 0.01796875
1 0.8078125 0.44453125 0.06796875 0.08203125
4 0.75078125 0.371875 0.05546875 0.0703125
0 0.62109375 0.36171875 0.065625 0.11015625
0 0.88515625 0.70234375 0.13125 0.5953125