1 0.70859375 0.7578125 0.16484375 0.325
1 0.678125 0.48515625 0.08359375 0.15703125
1 0.87109375 0.503125 0.12578125 0.18984375
1 0.60390625 0.28984375 0.01796875 0.053125
2 0.58515625 0.26015625 0.01953125 0.0375
1 0.58359375 0.2890625 0.03671875 0.05546875
2 0.60546875 0.35546875 0.0625 0.078125
4 0.62734375 0.2609375 0.02578125 0.0390625
3 0.621875 0.2890625 0.02109375 0.05
0 0.67734375 0.37421875 0.0953125 0.1765625
4 0.92890625 0.8296875 0.1421875 0.33984375
5 0.3328125 0.8390625 0.20546875 0.321875
3 0.47890625 0.54609375 0.0546875 0.1515625
3 0.2078125 0.67109375 0.10234375 0.121875
1 0.4265625 0.5234375 0.0921875 0.1734375
1 0.47734375 0.41640625 0.08125 0.09296875
4 0.21328125 0.44921875 0.103125 0.1484375
0 0.41015625 0.3453125 0.08125 0.1796875
0 0.48828125 0.34609375 0.078125 0.128125
4 0.459375 0.2859375 0.0265625 0.06484375
3 0.48515625 0.28984375 0.0234375 0.053125
3 0.32734375 0.459375 0.05 0.08203125
3 0.35625 0.39609375 0.03984375 0.078125
1 0.36328125 0.3515625 0.04140625 0.06640625