3 0.37734375 0.44140625 0.0359375 0.1296875
3 0.32109375 0.48515625 0.05234375 0.11328125
3 0.32890625 0.403125 0.01875 0.0734375
3 0.6046875 0.3078125 0.0375 0.05859375
1 0.83984375 0.45859375 0.11796875 0.15
1 0.6890625 0.453125 0.08125 0.203125
1 0.60546875 0.39609375 0.05 0.1046875
1 0.5796875 0.2625 0.0203125 0.03515625
1 0.67109375 0.303125 0.0390625 0.06640625
1 0.6390625 0.26484375 0.02578125 0.04296875
1 0.48203125 0.26328125 0.01015625 0.03671875
1 0.43671875 0.3390625 0.05859375 0.06484375
1 0.39609375 0.315625 0.07578125 0.078125
1 0.365625 0.34453125 0.0625 0.0546875
1 0.31640625 0.37578125 0.06796875 0.078125
1 0.4421875 0.525 0.11484375 0.16640625
2 0.4328125 0.4140625 0.12109375 0.171875
1 0.17421875 0.57265625 0.228125 0.271875
4 0.4609375 0.2734375 0.034375 0.04296875