3 0.36640625 0.50703125 0.0453125 0.1234375
3 0.4421875 0.459375 0.0234375 0.10859375
3 0.49296875 0.32109375 0.01796875 0.03828125
1 0.58984375 0.4015625 0.06328125 0.1265625
1 0.8171875 0.45546875 0.103125 0.11484375
1 0.671875 0.296875 0.02890625 0.04296875
1 0.39609375 0.32734375 0.0375 0.0453125
1 0.36328125 0.3484375 0.0578125 0.05703125
1 0.5 0.29765625 0.01484375 0.0484375
1 0.51015625 0.271875 0.028125 0.04296875
1 0.20625 0.484375 0.11875 0.09140625
0 0.45078125 0.30703125 0.053125 0.13359375
0 0.6625 0.34921875 0.07109375 0.121875
1 0.57578125 0.2578125 0.01328125 0.028125
1 0.60703125 0.25859375 0.01875 0.0234375
3 0.3390625 0.390625 0.04453125 0.06171875
5 0.78203125 0.59140625 0.24609375 0.33984375