0 0.8453125 0.734375 0.309375 0.53125
1 0.82890625 0.45390625 0.08125 0.1
1 0.36640625 0.3515625 0.0359375 0.04609375
1 0.39609375 0.32265625 0.0359375 0.046875
1 0.47890625 0.4015625 0.0453125 0.06875
1 0.5796875 0.29765625 0.01796875 0.03046875
1 0.56796875 0.28203125 0.01640625 0.02578125
1 0.5953125 0.27890625 0.0171875 0.02265625
1 0.64296875 0.28046875 0.01875 0.03046875
1 0.5796875 0.265625 0.015625 0.02421875
2 0.29609375 0.41015625 0.06796875 0.06875
2 0.4296875 0.4640625 0.06875 0.09453125
2 0.615625 0.4125 0.05859375 0.09765625
2 0.30625 0.65703125 0.146875 0.19296875
3 0.434375 0.36640625 0.01640625 0.034375
3 0.765625 0.3921875 0.0203125 0.04296875
3 0.45 0.3421875 0.02265625 0.03984375
3 0.46953125 0.32890625 0.01953125 0.0296875
3 0.46640625 0.3609375 0.01953125 0.03125
3 0.6203125 0.28671875 0.0125 0.03828125