1 0.75859375 0.85546875 0.19375 0.28828125
1 0.83828125 0.79296875 0.17109375 0.26328125
1 0.6609375 0.6734375 0.10234375 0.18671875
1 0.6296875 0.55078125 0.08125 0.08828125
1 0.71875 0.52109375 0.08984375 0.125
1 0.6640625 0.475 0.06015625 0.08984375
1 0.67421875 0.38828125 0.046875 0.05
1 0.6265625 0.34765625 0.04140625 0.0453125
1 0.36796875 0.34453125 0.02890625 0.03828125
1 0.396875 0.321875 0.03125 0.03359375
1 0.50546875 0.29609375 0.02578125 0.03828125
3 0.61875 0.82421875 0.04765625 0.171875
3 0.3390625 0.38984375 0.02890625 0.04296875
1 0.88125 0.4828125 0.1015625 0.075
0 0.925 0.7234375 0.14921875 0.43984375