3 0.75546875 0.55078125 0.0375 0.16796875
3 0.81015625 0.57734375 0.07421875 0.1484375
3 0.62421875 0.36484375 0.0390625 0.11328125
3 0.44296875 0.35859375 0.02890625 0.08671875
1 0.80703125 0.440625 0.12421875 0.171875
1 0.5828125 0.2671875 0.01796875 0.03515625
1 0.5046875 0.2859375 0.02890625 0.0515625
1 0.40390625 0.3265625 0.0375 0.05703125
1 0.37109375 0.33984375 0.053125 0.0734375
1 0.4375 0.659375 0.1609375 0.20859375
1 0.13984375 0.54609375 0.16328125 0.16484375
0 0.32734375 0.46328125 0.18125 0.2296875
4 0.46328125 0.26484375 0.03203125 0.05
4 0.63359375 0.2734375 0.03125 0.0703125