1 0.8765625 0.4953125 0.14921875 0.146875
1 0.596875 0.346875 0.0609375 0.0734375
1 0.565625 0.28046875 0.0234375 0.06171875
1 0.4734375 0.43515625 0.0734375 0.10703125
1 0.3421875 0.45703125 0.08984375 0.09296875
4 0.22734375 0.4671875 0.09453125 0.1046875
1 0.37109375 0.34140625 0.05234375 0.05703125
1 0.40390625 0.32578125 0.046875 0.06171875
3 0.44296875 0.36328125 0.028125 0.06328125
3 0.49375 0.30703125 0.03125 0.046875
3 0.49921875 0.2859375 0.01796875 0.03828125
3 0.6046875 0.40859375 0.0375 0.08359375
3 0.6609375 0.38359375 0.0359375 0.06640625
3 0.7234375 0.83046875 0.12578125 0.26171875
3 0.60859375 0.28515625 0.015625 0.03359375
4 0.6296875 0.26171875 0.0265625 0.04296875
5 0.5875 0.2671875 0.0390625 0.0484375
4 0.6828125 0.4625 0.09375 0.18203125