3 0.3609375 0.41328125 0.04375 0.0703125
3 0.334375 0.38984375 0.0359375 0.0796875
3 0.3046875 0.41484375 0.04921875 0.096875
3 0.63203125 0.3015625 0.01875 0.08671875
1 0.82421875 0.4453125 0.09140625 0.13984375
1 0.890625 0.50390625 0.1015625 0.1484375
1 0.5796875 0.26796875 0.01875 0.05
1 0.47578125 0.33359375 0.05546875 0.053125
1 0.49453125 0.28984375 0.028125 0.046875
1 0.51640625 0.284375 0.0234375 0.0515625
1 0.425 0.309375 0.0390625 0.03828125
1 0.3953125 0.31640625 0.03671875 0.06015625
1 0.37265625 0.34140625 0.053125 0.053125
0 0.4984375 0.2625 0.02890625 0.0484375
4 0.465625 0.27109375 0.02421875 0.03515625