1 0.47890625 0.39140625 0.065625 0.0796875
1 0.48671875 0.32890625 0.03984375 0.05859375
2 0.496875 0.26015625 0.0265625 0.04296875
1 0.51875 0.28828125 0.0453125 0.05
4 0.4609375 0.26171875 0.028125 0.03671875
1 0.42734375 0.309375 0.04765625 0.0453125
1 0.39609375 0.32265625 0.03359375 0.03203125
1 0.3609375 0.3359375 0.0390625 0.0515625
3 0.33828125 0.39296875 0.0375 0.0796875
3 0.3 0.415625 0.04140625 0.0546875
3 0.4078125 0.34140625 0.0203125 0.05703125
3 0.4421875 0.353125 0.01875 0.053125
3 0.4640625 0.28046875 0.015625 0.04140625
3 0.3734375 0.78203125 0.09140625 0.21015625
3 0.8125 0.50234375 0.05234375 0.11484375
1 0.8203125 0.44921875 0.0875 0.125
1 0.87734375 0.50390625 0.0953125 0.14140625
0 0.184375 0.7765625 0.36875 0.446875
1 0.66796875 0.29140625 0.0390625 0.046875