1 0.10390625 0.6296875 0.2078125 0.246875
1 0.434375 0.40703125 0.0796875 0.09296875
3 0.39296875 0.36171875 0.0359375 0.046875
1 0.36953125 0.35078125 0.05546875 0.06484375
1 0.390625 0.31328125 0.04375 0.06640625
1 0.5125 0.2984375 0.028125 0.05703125
3 0.5 0.27265625 0.015625 0.03515625
3 0.646875 0.4 0.0390625 0.08984375
3 0.75625 0.509375 0.05 0.11796875
1 0.86953125 0.50703125 0.103125 0.1796875
1 0.74375 0.3609375 0.09140625 0.13203125
1 0.5890625 0.31953125 0.03359375 0.078125
3 0.59609375 0.26484375 0.0296875 0.03359375