3 0.9578125 0.7578125 0.07265625 0.21171875
1 0.8671875 0.484375 0.12265625 0.1453125
1 0.73203125 0.3765625 0.0703125 0.11328125
3 0.6203125 0.375 0.02890625 0.0765625
3 0.56875 0.290625 0.0125 0.0484375
2 0.440625 0.38828125 0.05703125 0.08671875
1 0.47109375 0.33984375 0.04765625 0.0796875
1 0.50078125 0.303125 0.03125 0.03671875
1 0.35234375 0.3671875 0.03125 0.0515625
1 0.36640625 0.33984375 0.04140625 0.05
1 0.39453125 0.32578125 0.0390625 0.05859375
4 0.21640625 0.4609375 0.134375 0.11796875
3 0.47421875 0.30234375 0.01484375 0.04140625