1 0.8703125 0.49140625 0.13671875 0.153125
1 0.7484375 0.3703125 0.0890625 0.08359375
1 0.58828125 0.27890625 0.021875 0.0515625
1 0.56875 0.2609375 0.02578125 0.03828125
1 0.490625 0.42421875 0.04765625 0.08515625
1 0.496875 0.3546875 0.046875 0.06640625
1 0.35390625 0.3703125 0.05 0.06640625
1 0.36953125 0.34140625 0.046875 0.06328125
1 0.40625 0.32578125 0.04453125 0.0546875
1 0.46640625 0.31640625 0.034375 0.04296875
1 0.48359375 0.29453125 0.02578125 0.04140625
1 0.5140625 0.296875 0.01875 0.046875
5 0.51328125 0.25078125 0.0296875 0.0453125
4 0.20859375 0.4625 0.096875 0.11484375
3 0.30234375 0.46953125 0.0375 0.0984375
1 0.10234375 0.63515625 0.2046875 0.203125