2 0.66171875 0.5609375 0.1 0.16796875
2 0.7421875 0.80859375 0.18125 0.3828125
1 0.88828125 0.81953125 0.19375 0.35
1 0.828125 0.45390625 0.12421875 0.1546875
1 0.48203125 0.2625 0.02109375 0.04140625
1 0.39765625 0.315625 0.05703125 0.071875
1 0.37734375 0.328125 0.03203125 0.0703125
1 0.1578125 0.509375 0.18671875 0.2515625
0 0.59921875 0.33359375 0.05546875 0.13359375
4 0.6578125 0.34453125 0.0390625 0.0953125
5 0.34609375 0.3546875 0.10234375 0.153125
4 0.46796875 0.26640625 0.021875 0.03671875
4 0.628125 0.26171875 0.01796875 0.03984375
3 0.759375 0.60234375 0.07421875 0.15859375
3 0.42421875 0.3203125 0.02109375 0.06640625