2 0.29453125 0.41328125 0.0578125 0.06640625
3 0.25546875 0.59140625 0.05078125 0.096875
3 0.29609375 0.91328125 0.0765625 0.1734375
1 0.64140625 0.53359375 0.07109375 0.11015625
1 0.60390625 0.45234375 0.053125 0.09140625
1 0.71953125 0.534375 0.0890625 0.16171875
1 0.63046875 0.3953125 0.053125 0.08359375
1 0.59453125 0.38046875 0.034375 0.0484375
1 0.578125 0.3578125 0.034375 0.028125
1 0.5828125 0.34296875 0.02421875 0.03359375
1 0.5859375 0.32265625 0.03359375 0.021875
0 0.7 0.37734375 0.08046875 0.15234375
0 0.73671875 0.36640625 0.08828125 0.1109375
2 0.678125 0.30859375 0.0609375 0.05546875
0 0.628125 0.3328125 0.0703125 0.1109375
1 0.7859375 0.5328125 0.0703125 0.1109375
1 0.6671875 0.73984375 0.10546875 0.23203125
1 0.8265625 0.7296875 0.1859375 0.303125
1 0.8296875 0.45546875 0.0765625 0.09140625
2 0.39609375 0.34609375 0.0328125 0.04921875
1 0.36640625 0.346875 0.03046875 0.0296875
1 0.43515625 0.30859375 0.021875 0.02578125
0 0.4890625 0.27109375 0.0296875 0.03828125
1 0.503125 0.30546875 0.021875 0.02890625
3 0.653125 0.45546875 0.03828125 0.0703125