3 0.8765625 0.49609375 0.04375 0.0578125
3 0.80078125 0.5640625 0.0484375 0.07734375
2 0.73203125 0.58515625 0.11953125 0.21328125
2 0.2171875 0.45859375 0.090625 0.11328125
1 0.6 0.3453125 0.03203125 0.04921875
1 0.8484375 0.453125 0.07734375 0.1125
4 0.58125 0.28203125 0.02734375 0.05546875
1 0.371875 0.34375 0.04609375 0.05390625
1 0.15078125 0.54609375 0.109375 0.08359375
1 0.3140625 0.39296875 0.053125 0.0484375
1 0.2828125 0.4296875 0.07109375 0.06171875
3 0.61484375 0.29140625 0.009375 0.02421875