2 0.39453125 0.40703125 0.05859375 0.0765625
4 0.4640625 0.3140625 0.03359375 0.05859375
2 0.49453125 0.30234375 0.0234375 0.03515625
3 0.45390625 0.36796875 0.0125 0.03359375
3 0.46171875 0.409375 0.015625 0.0515625
3 0.4234375 0.45859375 0.02890625 0.05
3 0.4 0.54609375 0.03203125 0.08203125
3 0.61796875 0.69140625 0.03671875 0.11015625
3 0.60859375 0.5328125 0.02421875 0.075
3 0.803125 0.5078125 0.0296875 0.0515625
3 0.80703125 0.4546875 0.01796875 0.04296875
4 0.859375 0.625 0.14921875 0.26015625
0 0.70625 0.425 0.1 0.15703125
2 0.77265625 0.44765625 0.04453125 0.11171875
2 0.6125 0.31484375 0.0296875 0.03359375
4 0.57890625 0.32578125 0.0296875 0.06484375
1 0.9671875 0.7515625 0.065625 0.228125
1 0.840625 0.821875 0.184375 0.30703125
1 0.7 0.83984375 0.1390625 0.28984375
2 0.66640625 0.58671875 0.0859375 0.18359375
1 0.62734375 0.4671875 0.0578125 0.06796875
1 0.60859375 0.4109375 0.0453125 0.071875
1 0.5859375 0.3640625 0.03359375 0.0453125
1 0.61875 0.34765625 0.0296875 0.028125
2 0.64765625 0.3734375 0.0296875 0.08984375
1 0.58828125 0.278125 0.01328125 0.0265625
1 0.66484375 0.296875 0.01875 0.03359375
1 0.39609375 0.32265625 0.0296875 0.03203125
1 0.3625 0.35390625 0.03359375 0.04140625
1 0.8671875 0.490625 0.08671875 0.0953125