4 0.75703125 0.63046875 0.18046875 0.26796875
1 0.8375 0.446875 0.1046875 0.1265625
1 0.90390625 0.509375 0.1453125 0.1546875
1 0.65703125 0.290625 0.04921875 0.04140625
1 0.63203125 0.2890625 0.0265625 0.04140625
1 0.50625 0.28359375 0.0375 0.04296875
1 0.4 0.32578125 0.0453125 0.06484375
1 0.36015625 0.3375 0.0578125 0.078125
2 0.46875 0.30390625 0.0296875 0.0953125
2 0.5140625 0.2546875 0.02578125 0.0296875
0 0.59140625 0.29453125 0.04921875 0.078125
3 0.68828125 0.43671875 0.0625 0.1
3 0.61171875 0.35234375 0.0265625 0.06171875
3 0.6328125 0.3578125 0.01796875 0.071875
1 0.16484375 0.90078125 0.32890625 0.1984375