1 0.89765625 0.5078125 0.13125 0.16796875
1 0.83203125 0.43984375 0.12109375 0.11640625
1 0.61796875 0.4140625 0.08203125 0.125
1 0.678125 0.31171875 0.06484375 0.0765625
1 0.56796875 0.26015625 0.021875 0.03671875
0 0.58515625 0.23984375 0.03125 0.04296875
0 0.484375 0.26640625 0.05859375 0.1265625
0 0.51875 0.23671875 0.03671875 0.08359375
1 0.3953125 0.31484375 0.0390625 0.0765625
1 0.37421875 0.34453125 0.0546875 0.0546875
1 0.2078125 0.46796875 0.12890625 0.1203125
3 0.5625 0.2859375 0.0234375 0.03515625
3 0.5953125 0.28203125 0.02578125 0.03671875
3 0.34375 0.3953125 0.05546875 0.08671875
3 0.30078125 0.41171875 0.06796875 0.06328125
4 0.61640625 0.27265625 0.02578125 0.0484375