1 0.8265625 0.45 0.0828125 0.0859375
1 0.4125 0.575 0.090625 0.12890625
1 0.3078125 0.39765625 0.059375 0.06796875
1 0.35 0.36171875 0.0359375 0.04921875
1 0.36875 0.3421875 0.03203125 0.04609375
1 0.44140625 0.346875 0.0375 0.04296875
1 0.48984375 0.3546875 0.03984375 0.04140625
1 0.47890625 0.3203125 0.02890625 0.03359375
0 0.51171875 0.26953125 0.02578125 0.05546875
4 0.38828125 0.4390625 0.0890625 0.13046875
2 0.4765625 0.42890625 0.06484375 0.11015625
3 0.87421875 0.48984375 0.0390625 0.07265625
3 0.3046875 0.42734375 0.0265625 0.04375