1 0.69765625 0.61484375 0.1 0.21015625
1 0.8265625 0.45859375 0.09140625 0.10703125
1 0.6375 0.42265625 0.06484375 0.11796875
1 0.634375 0.33203125 0.03671875 0.0765625
1 0.66796875 0.296875 0.028125 0.053125
4 0.74921875 0.37734375 0.05234375 0.0984375
1 0.5671875 0.27109375 0.0265625 0.03203125
1 0.6359375 0.26484375 0.0296875 0.03984375
1 0.48359375 0.3125 0.04765625 0.05859375
4 0.46171875 0.26640625 0.02890625 0.03359375
1 0.4484375 0.284375 0.04375 0.06171875
1 0.39609375 0.3203125 0.05703125 0.053125
1 0.35390625 0.3375 0.0765625 0.06796875
1 0.32109375 0.38828125 0.078125 0.0796875
1 0.14921875 0.53359375 0.18203125 0.18671875