4 0.36953125 0.43046875 0.046875 0.08515625
4 0.30234375 0.4265625 0.0203125 0.08671875
4 0.325 0.42109375 0.0265625 0.075
1 0.83828125 0.45859375 0.1203125 0.1296875
1 0.67421875 0.3109375 0.04765625 0.06796875
1 0.6390625 0.27890625 0.034375 0.06171875
1 0.478125 0.26171875 0.021875 0.046875
1 0.4859375 0.38984375 0.08203125 0.13984375
1 0.1671875 0.55859375 0.17109375 0.1796875
1 0.36640625 0.3546875 0.05234375 0.08359375
1 0.396875 0.328125 0.04921875 0.0796875
1 0.33046875 0.37890625 0.084375 0.11171875
4 0.465625 0.25859375 0.0265625 0.0703125
2 0.3796875 0.63984375 0.20546875 0.34296875
0 0.5796875 0.26328125 0.02890625 0.0703125