3 0.91328125 0.7421875 0.0953125 0.2046875
1 0.8984375 0.90078125 0.20234375 0.1984375
1 0.62421875 0.43515625 0.06015625 0.11640625
1 0.63671875 0.3796875 0.05 0.0703125
3 0.77265625 0.5171875 0.06484375 0.13203125
3 0.6375 0.32890625 0.02421875 0.06171875
1 0.57578125 0.33203125 0.034375 0.08359375
1 0.60390625 0.3140625 0.0359375 0.071875
3 0.58125 0.28359375 0.02109375 0.03671875
3 0.60625 0.27109375 0.0109375 0.028125
0 0.56484375 0.25390625 0.0359375 0.078125
1 0.87578125 0.47890625 0.13671875 0.10859375
1 0.73828125 0.3890625 0.0625 0.11484375
1 0.35 0.3671875 0.05078125 0.06171875
2 0.36875 0.3484375 0.05 0.04296875
1 0.41015625 0.33203125 0.053125 0.05703125
1 0.4734375 0.31484375 0.0421875 0.06015625
4 0.4578125 0.27109375 0.0453125 0.0484375