1 0.78828125 0.91640625 0.225 0.16640625
1 0.9390625 0.8546875 0.12109375 0.28984375
3 0.77421875 0.66953125 0.078125 0.18203125
1 0.8765625 0.49609375 0.14765625 0.13203125
1 0.7625 0.3875 0.12109375 0.1453125
1 0.5953125 0.3984375 0.06015625 0.1
5 0.57421875 0.2984375 0.0421875 0.06640625
0 0.5890625 0.2671875 0.03359375 0.05859375
3 0.60390625 0.3125 0.01328125 0.0484375
3 0.6203125 0.32265625 0.00859375 0.05859375
3 0.64140625 0.3390625 0.02421875 0.0484375
1 0.5015625 0.29140625 0.021875 0.03984375
3 0.4796875 0.28046875 0.01484375 0.03828125
1 0.475 0.26640625 0.0265625 0.03671875
3 0.44140625 0.31484375 0.01796875 0.03671875
3 0.43359375 0.35703125 0.03125 0.05703125
1 0.39765625 0.328125 0.03203125 0.04296875
1 0.3703125 0.3421875 0.0375 0.0546875
2 0.09140625 0.66328125 0.18203125 0.16640625