1 0.75390625 0.89453125 0.2109375 0.2109375
1 0.66796875 0.64609375 0.12578125 0.16171875
1 0.703125 0.53828125 0.1109375 0.1203125
1 0.66640625 0.4765625 0.0625 0.0734375
1 0.6109375 0.484375 0.07265625 0.08828125
1 0.64375 0.41171875 0.04921875 0.06015625
1 0.59140625 0.421875 0.04453125 0.06328125
1 0.5796875 0.37421875 0.03359375 0.0515625
1 0.62734375 0.36953125 0.04921875 0.06171875
1 0.6328125 0.34296875 0.0359375 0.046875
1 0.61328125 0.321875 0.02578125 0.03359375
1 0.58515625 0.3375 0.02890625 0.04140625
1 0.5765625 0.3265625 0.02578125 0.03671875
1 0.596875 0.29296875 0.028125 0.04296875
3 0.62421875 0.28046875 0.0109375 0.03515625
3 0.603125 0.27109375 0.01640625 0.03203125
0 0.66484375 0.315625 0.0625 0.0953125
1 0.67421875 0.371875 0.03359375 0.053125
1 0.6875 0.403125 0.053125 0.0734375
2 0.73984375 0.440625 0.08125 0.13828125
0 0.87421875 0.67890625 0.2515625 0.6390625
3 0.34765625 0.44921875 0.0296875 0.0953125
3 0.3390625 0.38984375 0.03359375 0.06640625
3 0.43515625 0.334375 0.01875 0.0515625
3 0.46953125 0.290625 0.0234375 0.03828125
1 0.36796875 0.3453125 0.03984375 0.05
1 0.39375 0.32578125 0.03359375 0.0453125
1 0.5109375 0.2578125 0.03671875 0.03828125