3 0.30390625 0.4109375 0.0359375 0.06796875
3 0.4765625 0.33203125 0.02109375 0.06328125
3 0.48046875 0.284375 0.00859375 0.04140625
3 0.48828125 0.26796875 0.015625 0.03984375
0 0.50625 0.27421875 0.02421875 0.071875
4 0.46484375 0.28046875 0.0359375 0.0546875
4 0.56796875 0.30703125 0.034375 0.0734375
4 0.62578125 0.2546875 0.01015625 0.03359375
1 0.1515625 0.54296875 0.12890625 0.16015625
1 0.21484375 0.48984375 0.078125 0.11640625
1 0.365625 0.34453125 0.04453125 0.06171875
1 0.390625 0.3140625 0.05703125 0.0484375
3 0.334375 0.38984375 0.05078125 0.05703125
3 0.7703125 0.53828125 0.0625 0.153125
1 0.8375 0.45546875 0.0953125 0.1484375
1 0.6671875 0.29453125 0.03125 0.0453125
1 0.6375 0.26484375 0.02109375 0.0234375
1 0.5796875 0.2484375 0.0359375 0.01640625
3 0.59296875 0.28359375 0.021875 0.03984375
1 0.61796875 0.2859375 0.03203125 0.0484375
4 0.596875 0.3171875 0.04375 0.0953125
4 0.75703125 0.37421875 0.06875 0.078125