1 0.3328125 0.72578125 0.134375 0.175
1 0.065625 0.715625 0.13125 0.18203125
1 0.83203125 0.453125 0.07890625 0.0734375
1 0.5828125 0.35234375 0.03984375 0.06171875
4 0.62890625 0.35 0.03671875 0.06640625
3 0.66875 0.4921875 0.034375 0.08203125
4 0.50234375 0.28671875 0.034375 0.0796875
1 0.2125 0.484375 0.0796875 0.06796875
1 0.365625 0.34453125 0.04765625 0.04140625
1 0.39375 0.3265625 0.03359375 0.03671875
1 0.4640625 0.3265625 0.03203125 0.03984375
1 0.66484375 0.29296875 0.03125 0.0265625
3 0.59140625 0.2953125 0.01328125 0.0296875
3 0.3390625 0.403125 0.03359375 0.03671875