3 0.2859375 0.5875 0.03984375 0.075
3 0.32890625 0.62734375 0.0359375 0.0953125
4 0.4125 0.56171875 0.1109375 0.2234375
3 0.7015625 0.53671875 0.03359375 0.0765625
1 0.8765625 0.66640625 0.246875 0.60703125
2 0.5921875 0.3984375 0.0453125 0.08984375
1 0.6734375 0.4234375 0.06328125 0.0765625
1 0.61328125 0.35703125 0.03203125 0.046875
3 0.65078125 0.371875 0.01796875 0.03671875
1 0.36875 0.34296875 0.03203125 0.03984375
1 0.39765625 0.321875 0.0296875 0.03671875
1 0.50625 0.3015625 0.021875 0.03359375
4 0.5953125 0.27734375 0.02421875 0.0546875
1 0.56875 0.28046875 0.01875 0.028125