3 0.4140625 0.759375 0.0953125 0.16171875
3 0.4046875 0.63671875 0.084375 0.15
3 0.6546875 0.35234375 0.04140625 0.1015625
3 0.60078125 0.3078125 0.03203125 0.05859375
3 0.4796875 0.38046875 0.0421875 0.078125
3 0.45859375 0.34921875 0.0296875 0.06171875
3 0.503125 0.30390625 0.028125 0.05859375
1 0.8859375 0.5109375 0.2015625 0.228125
1 0.74140625 0.3828125 0.0734375 0.10859375
1 0.57734375 0.28515625 0.03125 0.046875
4 0.6296875 0.25859375 0.0234375 0.05
1 0.2375 0.66640625 0.17265625 0.246875
1 0.3734375 0.35078125 0.06328125 0.1046875
1 0.39296875 0.32421875 0.0453125 0.071875
1 0.46796875 0.30078125 0.021875 0.03828125
1 0.51015625 0.2796875 0.03125 0.03984375
1 0.50625 0.25390625 0.021875 0.03515625
1 0.48515625 0.26640625 0.0296875 0.03359375