1 0.09140625 0.6171875 0.18203125 0.13203125
1 0.1546875 0.51953125 0.13828125 0.11796875
1 0.37734375 0.78671875 0.17578125 0.3203125
2 0.45390625 0.4453125 0.06015625 0.13671875
1 0.39375 0.32890625 0.0359375 0.05859375
1 0.3671875 0.3328125 0.04921875 0.0546875
1 0.33359375 0.375 0.08359375 0.0796875
1 0.484375 0.25703125 0.01796875 0.0265625
5 0.5203125 0.27265625 0.02109375 0.05859375
0 0.48046875 0.30390625 0.0421875 0.075
4 0.46875 0.34609375 0.0421875 0.071875
4 0.4625 0.2609375 0.0234375 0.03515625
4 0.62578125 0.25234375 0.01640625 0.0484375
1 0.63671875 0.27265625 0.02890625 0.0515625
1 0.6671875 0.29609375 0.0375 0.05859375
1 0.8375 0.43671875 0.1125 0.1203125
1 0.61640625 0.34921875 0.05078125 0.0953125
1 0.56953125 0.25859375 0.021875 0.03984375
3 0.5828125 0.26328125 0.0203125 0.03359375
3 0.30078125 0.39921875 0.0296875 0.06484375
3 0.32734375 0.38828125 0.03359375 0.05703125
3 0.27265625 0.521875 0.04921875 0.13359375