3 0.7203125 0.534375 0.06796875 0.16796875
3 0.48828125 0.2859375 0.00859375 0.03515625
3 0.34453125 0.3859375 0.04921875 0.05859375
3 0.31171875 0.41484375 0.046875 0.0796875
1 0.23359375 0.4859375 0.10703125 0.121875
1 0.4296875 0.546875 0.11640625 0.146875
1 0.821875 0.453125 0.078125 0.1
1 0.8875 0.50703125 0.1 0.13984375
1 0.6671875 0.2984375 0.0375 0.0703125
1 0.49453125 0.3921875 0.05546875 0.08203125
1 0.4953125 0.328125 0.0390625 0.06015625
1 0.4515625 0.30390625 0.03359375 0.03515625
1 0.40078125 0.3265625 0.04375 0.06328125
1 0.36796875 0.3421875 0.04453125 0.071875
2 0.46015625 0.34765625 0.04140625 0.08515625
4 0.465625 0.26640625 0.0296875 0.04296875