1 0.21875 0.5515625 0.1625 0.1203125
1 0.459375 0.3578125 0.0421875 0.0484375
1 0.35234375 0.3578125 0.0375 0.04140625
1 0.39609375 0.325 0.03359375 0.0265625
1 0.57890625 0.34765625 0.0296875 0.04140625
1 0.59921875 0.3875 0.04375 0.0546875
1 0.61953125 0.475 0.06640625 0.1203125
1 0.646875 0.6515625 0.1015625 0.1703125
1 0.75546875 0.66171875 0.12109375 0.18984375
1 0.7109375 0.88046875 0.1578125 0.23828125
1 0.8609375 0.55234375 0.1015625 0.128125
1 0.87265625 0.48203125 0.0953125 0.08359375
1 0.74140625 0.3984375 0.04921875 0.0796875
1 0.9578125 0.86328125 0.08359375 0.23671875
4 0.871875 0.8765625 0.2046875 0.246875
4 0.7828125 0.49765625 0.09375 0.1546875
4 0.57578125 0.31015625 0.02578125 0.05703125
0 0.68359375 0.38828125 0.07421875 0.146875
3 0.81484375 0.63515625 0.06484375 0.10703125
3 0.57109375 0.4421875 0.02578125 0.071875
3 0.60078125 0.575 0.0375 0.08984375
3 0.159375 0.94296875 0.08984375 0.10703125
4 0.44609375 0.42265625 0.0625 0.09140625
2 0.63359375 0.353125 0.03125 0.0734375
1 0.61015625 0.3125 0.02890625 0.0546875