3 0.309375 0.415625 0.053125 0.08828125
1 0.13984375 0.53828125 0.17421875 0.23671875
1 0.3390625 0.39140625 0.0625 0.14296875
1 0.37109375 0.35546875 0.04765625 0.11796875
1 0.39921875 0.32578125 0.05078125 0.08828125
1 0.48046875 0.26640625 0.021875 0.05703125
1 0.8515625 0.4640625 0.11875 0.13203125
1 0.671875 0.30546875 0.03671875 0.078125
1 0.64140625 0.275 0.0390625 0.03671875
1 0.56640625 0.26328125 0.02109375 0.05
0 0.6421875 0.32265625 0.0875 0.121875
0 0.5828125 0.24609375 0.0203125 0.0484375
2 0.6578125 0.415625 0.11640625 0.1546875