1 0.27890625 0.42421875 0.0453125 0.05859375
1 0.31171875 0.39921875 0.05 0.03203125
1 0.35078125 0.3578125 0.0296875 0.0515625
1 0.36796875 0.334375 0.02890625 0.0515625
1 0.4734375 0.2890625 0.0234375 0.025
1 0.45390625 0.2875 0.01328125 0.03515625
1 0.8375 0.4609375 0.06015625 0.08515625
1 0.91015625 0.8890625 0.17890625 0.221875
3 0.87265625 0.4890625 0.03671875 0.078125
3 0.68203125 0.37578125 0.02890625 0.0515625
3 0.6203125 0.33671875 0.01796875 0.04296875
3 0.67265625 0.3109375 0.015625 0.028125
2 0.21640625 0.46875 0.11875 0.06328125