3 0.73984375 0.490625 0.05078125 0.128125
3 0.74765625 0.4921875 0.0296875 0.0984375
0 0.659375 0.31328125 0.08671875 0.08671875
0 0.66953125 0.38828125 0.11328125 0.16328125
0 0.89609375 0.61953125 0.2078125 0.49140625
1 0.803125 0.8296875 0.2203125 0.33984375
1 0.69921875 0.65 0.13203125 0.21328125
1 0.65703125 0.56328125 0.13671875 0.1796875
1 0.6484375 0.47578125 0.09765625 0.13828125
1 0.6109375 0.378125 0.0546875 0.1265625
1 0.5953125 0.3265625 0.05078125 0.1
1 0.5703125 0.26328125 0.03359375 0.05
1 0.58515625 0.2484375 0.021875 0.04296875
1 0.46484375 0.43828125 0.084375 0.1296875
1 0.36484375 0.52734375 0.13984375 0.178125
1 0.14765625 0.53046875 0.11015625 0.21484375
1 0.3609375 0.3515625 0.04140625 0.1234375
1 0.40234375 0.3359375 0.0390625 0.078125
4 0.46640625 0.25859375 0.02578125 0.06015625
0 0.5109375 0.2640625 0.03671875 0.078125