1 0.16015625 0.53359375 0.1046875 0.09296875
1 0.3234375 0.40390625 0.05546875 0.0453125
1 0.35625 0.36015625 0.0375 0.046875
1 0.49765625 0.3609375 0.03203125 0.0484375
1 0.3734375 0.34140625 0.03203125 0.03671875
1 0.4 0.3203125 0.03359375 0.03671875
1 0.71015625 0.38359375 0.05 0.04296875
1 0.5953125 0.459375 0.05703125 0.0953125
1 0.646875 0.590625 0.07578125 0.11796875
1 0.6625 0.753125 0.12421875 0.2203125
1 0.73203125 0.92265625 0.1703125 0.1546875
0 0.88203125 0.78828125 0.2359375 0.4234375
0 0.7203125 0.49140625 0.15 0.2265625
0 0.86484375 0.49453125 0.1890625 0.18828125