1 0.353125 0.75703125 0.25 0.28359375
1 0.37109375 0.48828125 0.1234375 0.11328125
1 0.15 0.53828125 0.19375 0.1703125
1 0.81484375 0.4484375 0.09921875 0.08984375
1 0.67109375 0.29765625 0.04140625 0.06484375
1 0.6421875 0.27578125 0.04375 0.0546875
1 0.496875 0.334375 0.04375 0.0515625
1 0.46328125 0.40078125 0.04375 0.11484375
1 0.41171875 0.32265625 0.046875 0.0515625
1 0.37578125 0.35078125 0.06015625 0.05859375
1 0.3265625 0.37890625 0.0703125 0.0953125
1 0.50859375 0.296875 0.0421875 0.05
1 0.51953125 0.2828125 0.0265625 0.04140625
1 0.5046875 0.2609375 0.0203125 0.021875
4 0.4609375 0.25703125 0.02109375 0.0265625
2 0.8 0.5296875 0.11640625 0.23671875
3 0.30703125 0.40703125 0.0375 0.0765625
3 0.3296875 0.3875 0.03671875 0.06796875
3 0.4734375 0.26484375 0.01875 0.03359375
3 0.5703125 0.30234375 0.02421875 0.06171875
3 0.59921875 0.30546875 0.01796875 0.04140625
3 0.57421875 0.2703125 0.01640625 0.03984375
3 0.59140625 0.26328125 0.01796875 0.03671875