3 0.47578125 0.42421875 0.03125 0.1015625
3 0.27421875 0.5453125 0.0453125 0.13671875
3 0.48359375 0.3671875 0.0234375 0.08203125
3 0.49296875 0.3109375 0.01015625 0.0515625
3 0.490625 0.2765625 0.01796875 0.03984375
3 0.5640625 0.28203125 0.0078125 0.0265625
3 0.6109375 0.29609375 0.01484375 0.03828125
3 0.596875 0.275 0.0078125 0.0296875
3 0.58046875 0.2609375 0.00859375 0.01796875
1 0.4078125 0.7578125 0.12890625 0.2484375
1 0.3390625 0.51484375 0.0734375 0.13984375
1 0.07421875 0.634375 0.14765625 0.171875
1 0.35390625 0.36796875 0.03671875 0.06640625
1 0.3640625 0.33671875 0.04140625 0.06640625
1 0.39453125 0.32890625 0.03359375 0.0484375
1 0.4484375 0.290625 0.02421875 0.03828125
1 0.47734375 0.303125 0.01796875 0.05
1 0.509375 0.27890625 0.0203125 0.03828125
3 0.5140625 0.30859375 0.01328125 0.03359375
5 0.42734375 0.390625 0.06796875 0.11484375
0 0.64140625 0.45703125 0.1125 0.2234375
1 0.815625 0.66796875 0.14765625 0.25
1 0.853125 0.4953125 0.1265625 0.20703125
1 0.74140625 0.3921875 0.05703125 0.128125
1 0.59921875 0.315625 0.02890625 0.04140625
1 0.58515625 0.2828125 0.01875 0.03515625