3 0.61953125 0.5375 0.04453125 0.14140625
3 0.67109375 0.40234375 0.01484375 0.08828125
3 0.615625 0.34765625 0.01484375 0.06171875
3 0.61640625 0.315625 0.01015625 0.04140625
3 0.5953125 0.3015625 0.015625 0.03984375
3 0.575 0.29453125 0.01796875 0.03515625
3 0.5078125 0.29609375 0.01875 0.03203125
3 0.43359375 0.34453125 0.00859375 0.04140625
1 0.859375 0.4953125 0.09765625 0.16015625
1 0.765625 0.4328125 0.0609375 0.1515625
1 0.7515625 0.6671875 0.153125 0.26484375
1 0.6453125 0.42578125 0.05234375 0.11171875
1 0.56796875 0.25859375 0.01875 0.04296875
1 0.3546875 0.45078125 0.09765625 0.09140625
1 0.50546875 0.3375 0.028125 0.0546875
1 0.4234375 0.33203125 0.03984375 0.03984375
1 0.3984375 0.32265625 0.0359375 0.0453125
1 0.3625 0.3375 0.03125 0.04140625
1 0.3515625 0.359375 0.0359375 0.0546875
2 0.24296875 0.69609375 0.19921875 0.278125
4 0.4 0.66484375 0.09921875 0.26015625
5 0.4796875 0.29296875 0.03125 0.0703125
1 0.453125 0.2734375 0.03203125 0.05