3 0.82890625 0.7015625 0.05859375 0.28359375
3 0.68125 0.4515625 0.034375 0.1296875
3 0.30234375 0.40390625 0.0375 0.1015625
1 0.84375 0.4421875 0.1234375 0.16484375
1 0.6625 0.29296875 0.0359375 0.03984375
1 0.63515625 0.28046875 0.0375 0.0515625
4 0.61015625 0.32734375 0.0359375 0.071875
5 0.73828125 0.690625 0.23125 0.49140625
0 0.5921875 0.259375 0.02578125 0.0515625
1 0.5734375 0.325 0.034375 0.06640625
1 0.57265625 0.2921875 0.053125 0.0515625
1 0.48515625 0.36328125 0.0375 0.08359375
1 0.503125 0.3109375 0.03671875 0.0484375
1 0.50390625 0.26015625 0.02890625 0.03984375
1 0.48203125 0.2625 0.01875 0.03828125
1 0.39609375 0.31796875 0.04140625 0.046875
1 0.3671875 0.3453125 0.04453125 0.0734375
1 0.33125 0.39765625 0.07109375 0.1046875
1 0.1515625 0.5375 0.115625 0.18203125