3 0.265625 0.803125 0.07265625 0.22421875
3 0.815625 0.35078125 0.0484375 0.103125
3 0.984375 0.53203125 0.03046875 0.12421875
3 0.7265625 0.0703125 0.02734375 0.0609375
3 0.5546875 0.0578125 0.02578125 0.0765625
3 0.3078125 0.0671875 0.01796875 0.065625
1 0.5046875 0.03359375 0.0609375 0.0671875
1 0.5171875 0.11796875 0.0671875 0.10625
1 0.40859375 0.1609375 0.0640625 0.1328125
1 0.31640625 0.37890625 0.14140625 0.209375
0 0.53203125 0.653125 0.27421875 0.69375
2 0.7984375 0.15078125 0.10234375 0.165625
2 0.42421875 0.06796875 0.06953125 0.10234375