1 0.14375 0.5328125 0.18046875 0.16796875
1 0.4046875 0.6140625 0.13828125 0.175
1 0.3671875 0.53203125 0.11875 0.10703125
1 0.37578125 0.41640625 0.06640625 0.08359375
1 0.33359375 0.384375 0.078125 0.08515625
1 0.371875 0.34296875 0.05703125 0.0734375
1 0.39296875 0.3234375 0.04140625 0.05703125
1 0.4875 0.346875 0.0546875 0.05703125
1 0.5125 0.31484375 0.03984375 0.05703125
1 0.5171875 0.29765625 0.0359375 0.0453125
4 0.46328125 0.2609375 0.02578125 0.028125
0 0.4796875 0.29453125 0.03984375 0.06484375
0 0.51484375 0.25 0.03125 0.053125
4 0.4953125 0.26328125 0.028125 0.03671875
1 0.48125 0.38828125 0.06796875 0.0703125
1 0.83984375 0.4453125 0.0921875 0.1234375
1 0.6234375 0.4125 0.08125 0.121875
1 0.671875 0.29921875 0.0359375 0.05859375
1 0.6359375 0.26171875 0.02578125 0.04296875
3 0.2828125 0.6703125 0.08203125 0.21640625
3 0.44609375 0.4421875 0.05078125 0.11796875
3 0.30234375 0.4171875 0.04453125 0.071875
3 0.334375 0.39296875 0.0359375 0.0734375
3 0.63203125 0.46328125 0.046875 0.1
3 0.83046875 0.52890625 0.078125 0.125