3 0.8796875 0.4984375 0.03984375 0.0734375
3 0.74375 0.54140625 0.05 0.103125
3 0.4546875 0.359375 0.01796875 0.03828125
3 0.24765625 0.71328125 0.07890625 0.153125
1 0.4625 0.39296875 0.046875 0.0734375
1 0.428125 0.48984375 0.1046875 0.11640625
1 0.14140625 0.53984375 0.1015625 0.11328125
1 0.2828125 0.4140625 0.05546875 0.078125
1 0.32578125 0.37890625 0.04921875 0.071875
1 0.85 0.44140625 0.06796875 0.103125
4 0.6640625 0.54609375 0.1109375 0.16796875
2 0.2078125 0.46171875 0.078125 0.1203125
4 0.49921875 0.325 0.03125 0.05703125