3 0.34609375 0.396875 0.0421875 0.0765625
3 0.46796875 0.33828125 0.02890625 0.0796875
3 0.72109375 0.53984375 0.09921875 0.1796875
3 0.58515625 0.31328125 0.034375 0.06328125
3 0.6 0.27578125 0.01171875 0.03828125
3 0.58828125 0.2796875 0.01015625 0.025
3 0.515625 0.259375 0.01015625 0.028125
3 0.50625 0.25859375 0.0046875 0.02578125
3 0.50078125 0.25703125 0.00625 0.02734375
1 0.665625 0.29921875 0.03203125 0.06015625
1 0.57734375 0.26796875 0.01953125 0.03515625
1 0.40234375 0.32890625 0.05078125 0.0515625
1 0.3734375 0.33984375 0.04375 0.05
1 0.446875 0.45390625 0.09375 0.09453125
2 0.64375 0.396875 0.06640625 0.140625
2 0.4515625 0.2765625 0.02734375 0.04765625
4 0.46796875 0.26484375 0.01796875 0.0453125
1 0.82578125 0.4421875 0.08984375 0.13515625
1 0.88828125 0.49140625 0.11484375 0.21640625