3 0.88515625 0.7453125 0.084375 0.146875
3 0.85546875 0.59921875 0.065625 0.13203125
1 0.8671875 0.4984375 0.11484375 0.13359375
3 0.79140625 0.50078125 0.0453125 0.11171875
3 0.72421875 0.51328125 0.04375 0.11640625
1 0.61484375 0.4125 0.046875 0.0953125
3 0.6046875 0.3375 0.0390625 0.06484375
3 0.6375 0.34921875 0.01328125 0.0484375
3 0.66640625 0.3640625 0.0203125 0.0484375
3 0.6046875 0.3046875 0.0125 0.03671875
3 0.58359375 0.26796875 0.01875 0.0234375
0 0.57734375 0.246875 0.021875 0.04296875
1 0.446875 0.3046875 0.028125 0.053125
1 0.3984375 0.3171875 0.0453125 0.0453125
1 0.36796875 0.34453125 0.0359375 0.05859375
4 0.225 0.46015625 0.096875 0.1265625