1 0.8375 0.79921875 0.2046875 0.3484375
1 0.69453125 0.48828125 0.07890625 0.11640625
1 0.36484375 0.8640625 0.15546875 0.225
1 0.48125 0.4328125 0.0421875 0.075
1 0.48125 0.384375 0.02578125 0.0546875
1 0.50546875 0.3453125 0.05234375 0.06015625
1 0.35234375 0.365625 0.0296875 0.03203125
1 0.378125 0.34296875 0.03125 0.04296875
1 0.453125 0.284375 0.02109375 0.028125
1 0.50546875 0.27421875 0.028125 0.01796875
1 0.63671875 0.27421875 0.0234375 0.021875
3 0.38515625 0.43515625 0.04453125 0.06328125
3 0.875 0.4875 0.046875 0.08828125
3 0.571875 0.32265625 0.02109375 0.03515625