1 0.40625 0.6984375 0.14765625 0.2234375
3 0.40234375 0.5203125 0.08359375 0.11640625
3 0.64296875 0.40390625 0.0359375 0.078125
3 0.590625 0.33359375 0.02421875 0.053125
3 0.60234375 0.30859375 0.01875 0.04296875
3 0.6296875 0.3125 0.03125 0.06171875
1 0.8640625 0.50234375 0.12890625 0.15859375
1 0.71484375 0.44140625 0.0875 0.1203125
4 0.48828125 0.3328125 0.0421875 0.08828125
3 0.47421875 0.365625 0.02109375 0.06171875
3 0.45625 0.3640625 0.01484375 0.06484375
3 0.43125 0.375 0.0375 0.06640625
1 0.3671875 0.35390625 0.03671875 0.06484375
1 0.3984375 0.3265625 0.0375 0.06015625
1 0.3234375 0.4 0.0625 0.0796875
2 0.2828125 0.43984375 0.12421875 0.096875
1 0.1625 0.52734375 0.13984375 0.14140625
1 0.0484375 0.90625 0.096875 0.1875