3 0.43046875 0.46328125 0.0375 0.0578125
3 0.47265625 0.32890625 0.02578125 0.02734375
3 0.43359375 0.31171875 0.01875 0.02890625
3 0.6484375 0.4765625 0.04375 0.07265625
3 0.62109375 0.39140625 0.0265625 0.0546875
3 0.60703125 0.3328125 0.025 0.03828125
2 0.40546875 0.67421875 0.13203125 0.190625
1 0.421875 0.40703125 0.04921875 0.05234375
1 0.5 0.30390625 0.0296875 0.03984375
1 0.61015625 0.27265625 0.02109375 0.02734375
1 0.39375 0.32578125 0.03671875 0.04375
1 0.35625 0.340625 0.03984375 0.04296875
2 0.29375 0.40703125 0.07109375 0.08984375
2 0.74453125 0.70703125 0.16953125 0.259375
1 0.8359375 0.459375 0.0875 0.090625
2 0.42109375 0.3453125 0.04921875 0.0625