1 0.40625 0.69765625 0.13203125 0.20078125
1 0.86875 0.5015625 0.11015625 0.09765625
2 0.7390625 0.3796875 0.06328125 0.09140625
1 0.04453125 0.64765625 0.0890625 0.1546875
1 0.39609375 0.40859375 0.05078125 0.06640625
1 0.48515625 0.38359375 0.0453125 0.04609375
1 0.43828125 0.33984375 0.03515625 0.0484375
1 0.39765625 0.32890625 0.03671875 0.040625
1 0.3515625 0.3625 0.03828125 0.040625
1 0.37109375 0.346875 0.03671875 0.04296875
1 0.503125 0.29296875 0.02734375 0.03125
4 0.215625 0.459375 0.084375 0.10078125
3 0.446875 0.36875 0.0234375 0.04296875
3 0.47265625 0.35703125 0.01484375 0.0359375
3 0.49921875 0.346875 0.0234375 0.0421875
3 0.615625 0.365625 0.0265625 0.046875
3 0.9140625 0.74453125 0.0875 0.178125
3 0.63125 0.2828125 0.0125 0.02109375
3 0.45078125 0.2984375 0.01328125 0.021875
4 0.67578125 0.4828125 0.11875 0.184375