3 0.775 0.6375 0.11796875 0.225
3 0.95234375 0.8171875 0.09453125 0.1953125
3 0.2703125 0.66953125 0.05546875 0.121875
3 0.259375 0.8703125 0.13671875 0.18984375
3 0.49453125 0.3390625 0.01640625 0.0546875
3 0.58515625 0.2609375 0.01328125 0.025
1 0.41875 0.40390625 0.09453125 0.0953125
1 0.12421875 0.5015625 0.20703125 0.16015625
1 0.3234375 0.38046875 0.06640625 0.08203125
1 0.35703125 0.3375 0.0421875 0.08203125
1 0.3953125 0.3265625 0.0453125 0.0734375
1 0.43828125 0.32109375 0.05078125 0.05859375
1 0.4703125 0.303125 0.02890625 0.04296875
1 0.48125 0.26796875 0.01484375 0.03984375
1 0.51015625 0.2875 0.02578125 0.04140625
1 0.571875 0.24765625 0.01875 0.04140625
1 0.63671875 0.2578125 0.0234375 0.0484375
1 0.66484375 0.29296875 0.021875 0.03359375
1 0.83203125 0.4515625 0.11796875 0.1703125
4 0.48359375 0.35078125 0.04375 0.08828125
4 0.4640625 0.2609375 0.01875 0.06171875