1 0.159375 0.5359375 0.128125 0.121875
1 0.34453125 0.45234375 0.09375 0.06796875
1 0.3109375 0.41796875 0.07421875 0.06640625
1 0.36015625 0.35859375 0.04921875 0.03984375
1 0.415625 0.3265625 0.05703125 0.0296875
1 0.4875 0.2859375 0.0296875 0.03828125
0 0.6421875 0.37734375 0.08125 0.128125
1 0.63671875 0.56640625 0.08984375 0.15
1 0.659375 0.74140625 0.14921875 0.21640625
1 0.728125 0.915625 0.203125 0.16796875
0 0.8765625 0.7859375 0.246875 0.428125
0 0.85 0.503125 0.21328125 0.21328125
0 0.94609375 0.62578125 0.1078125 0.2046875
3 0.61875 0.2921875 0.01484375 0.0453125
1 0.44921875 0.28515625 0.0203125 0.03984375