1 0.1609375 0.53671875 0.19921875 0.18671875
1 0.32734375 0.396875 0.08125 0.11015625
1 0.36640625 0.33984375 0.04140625 0.0734375
1 0.39609375 0.3265625 0.0296875 0.06015625
1 0.47734375 0.2625 0.01484375 0.03515625
4 0.4515625 0.26640625 0.0578125 0.03359375
0 0.496875 0.2453125 0.02890625 0.08984375
4 0.59609375 0.2984375 0.0421875 0.0703125
1 0.66640625 0.29296875 0.0375 0.053125
1 0.63046875 0.2609375 0.03125 0.05859375
1 0.83984375 0.453125 0.1203125 0.203125
3 0.39609375 0.40546875 0.046875 0.06484375
3 0.29765625 0.3953125 0.02421875 0.05703125
3 0.32890625 0.38515625 0.028125 0.05703125