3 0.39296875 0.80390625 0.096875 0.20859375
3 0.309375 0.409375 0.0265625 0.0796875
3 0.32890625 0.40078125 0.03984375 0.09296875
3 0.43671875 0.32734375 0.0296875 0.0703125
3 0.51484375 0.29140625 0.021875 0.04140625
1 0.84921875 0.465625 0.12578125 0.2
1 0.13828125 0.5125 0.1765625 0.13984375
1 0.334375 0.37578125 0.0578125 0.0765625
1 0.37109375 0.33671875 0.04453125 0.071875
1 0.390625 0.32421875 0.0421875 0.05703125
1 0.45078125 0.284375 0.0296875 0.05703125
1 0.5796875 0.26015625 0.0234375 0.03203125
1 0.6625 0.3046875 0.034375 0.06171875
1 0.63671875 0.265625 0.02578125 0.05
5 0.478125 0.371875 0.07109375 0.08828125
1 0.49296875 0.33359375 0.046875 0.0453125
0 0.225 0.6515625 0.2921875 0.4015625
4 0.490625 0.2953125 0.0359375 0.0453125