1 0.16484375 0.53203125 0.10546875 0.1734375
1 0.31796875 0.3921875 0.06015625 0.11484375
1 0.35234375 0.365625 0.0421875 0.1015625
1 0.37265625 0.3484375 0.04453125 0.09296875
1 0.4 0.32421875 0.0546875 0.0984375
2 0.2828125 0.4625 0.11484375 0.13828125
1 0.86171875 0.49296875 0.12890625 0.1703125
1 0.628125 0.26953125 0.02421875 0.0546875
3 0.49140625 0.28828125 0.021875 0.046875
3 0.31328125 0.6640625 0.09140625 0.228125
3 0.42421875 0.3046875 0.021875 0.05
0 0.61875 0.2453125 0.021875 0.04140625