3 0.61328125 0.45859375 0.04375 0.09296875
3 0.69375 0.4328125 0.03125 0.075
3 0.87421875 0.65859375 0.0625 0.1296875
3 0.87890625 0.49765625 0.03203125 0.06796875
2 0.78359375 0.453125 0.09453125 0.1265625
1 0.30859375 0.40546875 0.05859375 0.06171875
1 0.34296875 0.36640625 0.0390625 0.046875
1 0.365625 0.34140625 0.02578125 0.05
1 0.40234375 0.3328125 0.03125 0.0515625
1 0.4484375 0.29140625 0.01640625 0.04296875
1 0.58125 0.2625 0.02109375 0.03515625
1 0.73984375 0.734375 0.1609375 0.2984375