3 0.2109375 0.78203125 0.0921875 0.14921875
3 0.34765625 0.43671875 0.03671875 0.059375
3 0.4203125 0.43203125 0.028125 0.05
3 0.39140625 0.36171875 0.01796875 0.03984375
3 0.878125 0.496875 0.046875 0.07265625
2 0.85390625 0.8234375 0.20078125 0.3390625
2 0.6921875 0.7734375 0.15078125 0.32734375
2 0.6484375 0.5953125 0.09453125 0.1671875
2 0.68046875 0.48046875 0.07265625 0.121875
2 0.76953125 0.60859375 0.146875 0.17890625
2 0.67578125 0.4796875 0.08828125 0.11484375
2 0.6453125 0.415625 0.0578125 0.09375
2 0.29375 0.4140625 0.06484375 0.07734375
1 0.60234375 0.36640625 0.0359375 0.0609375
1 0.584375 0.4125 0.04296875 0.0609375
1 0.6375 0.35703125 0.02890625 0.053125
1 0.459375 0.36015625 0.03671875 0.03828125
1 0.45703125 0.4109375 0.04765625 0.06328125
1 0.49375 0.36640625 0.04375 0.0625
1 0.49375 0.290625 0.0265625 0.03046875
1 0.56640625 0.2734375 0.01953125 0.025
1 0.5890625 0.26796875 0.0140625 0.021875
0 0.6109375 0.28046875 0.0203125 0.06328125
0 0.77109375 0.43125 0.1375 0.24609375
0 0.6953125 0.36875 0.07109375 0.1125
0 0.684375 0.31328125 0.07421875 0.078125
0 0.43359375 0.31796875 0.0546875 0.08203125
1 0.3671875 0.34765625 0.03046875 0.04375
1 0.8484375 0.45390625 0.05078125 0.0875