1 0.42578125 0.56640625 0.0796875 0.13671875
1 0.83125 0.4515625 0.0859375 0.08671875
1 0.62578125 0.40859375 0.05 0.08359375
1 0.32734375 0.38671875 0.046875 0.053125
1 0.1484375 0.53671875 0.11484375 0.11015625
1 0.46953125 0.403125 0.05078125 0.0765625
1 0.48671875 0.35234375 0.0375 0.04140625
1 0.39375 0.32421875 0.02890625 0.03203125
0 0.40390625 0.38359375 0.0859375 0.11640625
2 0.62890625 0.33203125 0.034375 0.05
3 0.59609375 0.35078125 0.02421875 0.0453125
3 0.69765625 0.3671875 0.0265625 0.0515625
3 0.784375 0.615625 0.04375 0.13203125