1 0.9015625 0.58515625 0.1421875 0.19296875
1 0.88671875 0.48515625 0.09140625 0.06640625
1 0.82265625 0.43828125 0.07421875 0.0765625
1 0.6640625 0.290625 0.02890625 0.03203125
1 0.3953125 0.58671875 0.09453125 0.1203125
1 0.21328125 0.48046875 0.08125 0.075
3 0.38984375 0.453125 0.0234375 0.05703125
3 0.18671875 0.72578125 0.078125 0.11484375
3 0.14296875 0.9515625 0.04765625 0.096875
1 0.365625 0.3421875 0.0359375 0.0484375
1 0.39609375 0.32421875 0.028125 0.03203125
2 0.4984375 0.32109375 0.0296875 0.04140625