1 0.29140625 0.7359375 0.15234375 0.2171875
1 0.5984375 0.42734375 0.05234375 0.084375
1 0.3140625 0.39921875 0.0515625 0.0578125
1 0.35234375 0.3578125 0.0296875 0.0515625
1 0.40234375 0.3203125 0.03828125 0.0359375
1 0.37109375 0.3453125 0.03671875 0.03671875
3 0.38984375 0.43203125 0.03203125 0.05703125
3 0.875 0.4953125 0.040625 0.06953125
3 0.6328125 0.37421875 0.0375 0.06015625
3 0.6859375 0.39140625 0.0296875 0.0546875
2 0.6734375 0.4515625 0.08515625 0.12109375
2 0.9734375 0.65703125 0.053125 0.1859375