1 0.578125 0.30390625 0.021875 0.05859375
1 0.584375 0.3578125 0.05234375 0.06171875
1 0.6 0.4 0.0609375 0.06640625
1 0.60703125 0.42890625 0.04453125 0.08203125
1 0.64296875 0.4609375 0.0578125 0.075
1 0.65 0.5390625 0.1125 0.11796875
1 0.68828125 0.66796875 0.0953125 0.25703125
1 0.8421875 0.83046875 0.26015625 0.321875
1 0.84296875 0.5203125 0.0734375 0.16640625
1 0.83671875 0.446875 0.0703125 0.0765625
3 0.865625 0.73046875 0.07265625 0.1515625
0 0.75 0.47109375 0.16796875 0.26171875
0 0.74765625 0.38359375 0.1421875 0.16015625
0 0.92734375 0.63671875 0.14453125 0.41328125
1 0.578125 0.2359375 0.01484375 0.021875
1 0.46171875 0.378125 0.07890625 0.1265625
1 0.40234375 0.32890625 0.0625 0.08203125
1 0.3703125 0.35078125 0.053125 0.09140625
1 0.1484375 0.53359375 0.23671875 0.2
1 0.4828125 0.27265625 0.0375 0.06171875
3 0.4734375 0.28828125 0.0296875 0.053125
3 0.6234375 0.3 0.01640625 0.03984375