1 0.40703125 0.45703125 0.07109375 0.08046875
1 0.3078125 0.3984375 0.0546875 0.05390625
1 0.35 0.36484375 0.03671875 0.03515625
1 0.3703125 0.34765625 0.03046875 0.034375
1 0.40078125 0.32109375 0.03359375 0.03671875
1 0.45234375 0.284375 0.02109375 0.021875
1 0.49609375 0.27265625 0.0171875 0.02265625
0 0.51484375 0.24609375 0.021875 0.05625
1 0.61796875 0.25703125 0.015625 0.015625
3 0.6390625 0.37890625 0.02265625 0.03671875
3 0.66484375 0.340625 0.0140625 0.02109375
5 0.58046875 0.23046875 0.01640625 0.02109375