3 0.74921875 0.440625 0.04765625 0.075
3 0.8734375 0.50546875 0.04375 0.071875
3 0.66875 0.40078125 0.02890625 0.06796875
3 0.596875 0.2953125 0.01640625 0.04296875
3 0.4234375 0.353125 0.015625 0.0296875
1 0.31328125 0.39765625 0.04453125 0.0453125
1 0.3015625 0.9296875 0.2046875 0.13984375
1 0.34609375 0.36484375 0.03359375 0.03671875
1 0.36875 0.346875 0.028125 0.0296875
1 0.4 0.31640625 0.0375 0.03984375
1 0.43203125 0.284375 0.02109375 0.01796875
1 0.64375 0.546875 0.08671875 0.1296875
1 0.59296875 0.32578125 0.03984375 0.0484375
1 0.57578125 0.278125 0.02578125 0.03671875
4 0.7921875 0.740625 0.1890625 0.2984375