1 0.03828125 0.6921875 0.0765625 0.14140625
1 0.1609375 0.58671875 0.19453125 0.1203125
1 0.865625 0.49296875 0.096875 0.1
1 0.35 0.36171875 0.03984375 0.04296875
1 0.371875 0.3421875 0.0296875 0.03515625
1 0.39453125 0.32421875 0.034375 0.03515625
1 0.49921875 0.315625 0.02890625 0.03203125
0 0.58515625 0.265625 0.02578125 0.0515625
2 0.7375 0.3703125 0.04453125 0.0765625
3 0.6734375 0.45703125 0.0296875 0.0796875
3 0.61953125 0.3109375 0.015625 0.0453125
3 0.31484375 0.59765625 0.0359375 0.0984375
3 0.425 0.340625 0.01484375 0.03828125