1 0.21328125 0.4828125 0.0859375 0.08828125
1 0.884375 0.50234375 0.09765625 0.11171875
1 0.828125 0.44609375 0.06328125 0.075
1 0.9046875 0.8734375 0.190625 0.253125
1 0.66484375 0.28984375 0.021875 0.03671875
3 0.37734375 0.9171875 0.0734375 0.1546875
3 0.3015625 0.540625 0.02109375 0.08828125
2 0.446875 0.5171875 0.0734375 0.1453125
0 0.4328125 0.41015625 0.09921875 0.13984375
0 0.39765625 0.34921875 0.08125 0.16484375
0 0.484375 0.303125 0.03671875 0.06328125
0 0.49140625 0.35078125 0.01796875 0.04140625