1 0.803125 0.634375 0.153125 0.2453125
1 0.8796875 0.51484375 0.1515625 0.15
1 0.62578125 0.34140625 0.04765625 0.0703125
1 0.5640625 0.30703125 0.0265625 0.04296875
3 0.58125 0.3109375 0.015625 0.0453125
1 0.6 0.3078125 0.01875 0.0484375
3 0.62578125 0.296875 0.0265625 0.04296875
1 0.5875 0.27421875 0.02109375 0.03203125
1 0.4484375 0.484375 0.07265625 0.128125
1 0.4578125 0.39609375 0.0609375 0.08203125
1 0.4 0.3140625 0.04921875 0.04140625
1 0.36796875 0.3515625 0.05546875 0.0734375
2 0.29140625 0.421875 0.109375 0.08671875
1 0.32109375 0.3921875 0.05 0.06484375
1 0.1453125 0.53046875 0.1390625 0.125
1 0.51171875 0.296875 0.02890625 0.05