3 0.2109375 0.7625 0.096875 0.18828125
3 0.33671875 0.3859375 0.03359375 0.0515625
1 0.3671875 0.84921875 0.20546875 0.28515625
1 0.0984375 0.88515625 0.196875 0.21640625
2 0.4828125 0.35234375 0.0421875 0.075
1 0.44140625 0.31328125 0.0203125 0.04296875
1 0.5046875 0.29296875 0.0234375 0.046875
0 0.48984375 0.2578125 0.028125 0.04140625
1 0.4015625 0.321875 0.046875 0.06640625
1 0.36875 0.3546875 0.05859375 0.053125
1 0.5640625 0.2703125 0.01484375 0.0265625
1 0.58671875 0.26953125 0.02109375 0.03515625
1 0.5703125 0.303125 0.0265625 0.03359375
1 0.61171875 0.3125 0.03125 0.028125
1 0.60703125 0.33203125 0.0390625 0.03359375
1 0.61328125 0.35 0.0453125 0.053125
1 0.5796875 0.36015625 0.04765625 0.0796875
1 0.59609375 0.44140625 0.03984375 0.0765625
1 0.60625 0.5171875 0.0796875 0.0953125
1 0.69140625 0.503125 0.06640625 0.11640625
1 0.86640625 0.48359375 0.09140625 0.11015625
1 0.87734375 0.6203125 0.11328125 0.153125
1 0.87421875 0.80234375 0.18046875 0.228125
0 0.6734375 0.340625 0.0875 0.16796875
2 0.6640625 0.64140625 0.12890625 0.21015625
1 0.778125 0.49453125 0.1 0.08515625
4 0.778125 0.58828125 0.12890625 0.26015625
4 0.73046875 0.86015625 0.2328125 0.2796875
2 0.9578125 0.90859375 0.08359375 0.1828125
1 0.96328125 0.746875 0.07265625 0.21640625
3 0.85859375 0.5265625 0.06015625 0.1234375