1 0.10390625 0.6234375 0.2078125 0.15703125
3 0.1203125 0.8359375 0.1 0.171875
3 0.30703125 0.54140625 0.05546875 0.13671875
4 0.221875 0.4578125 0.08984375 0.11796875
3 0.37890625 0.4234375 0.0234375 0.08359375
1 0.4484375 0.4859375 0.06015625 0.13828125
1 0.42578125 0.409375 0.0625 0.08515625
1 0.48359375 0.33203125 0.04140625 0.06015625
5 0.4453125 0.3390625 0.034375 0.071875
3 0.4234375 0.33515625 0.01484375 0.05703125
1 0.39765625 0.32734375 0.03203125 0.0515625
1 0.353125 0.3671875 0.0390625 0.05859375
1 0.37109375 0.34140625 0.0390625 0.03359375
1 0.88984375 0.49140625 0.1671875 0.14296875
1 0.74140625 0.38359375 0.06328125 0.08984375
1 0.58984375 0.309375 0.01640625 0.028125
1 0.57734375 0.28984375 0.0265625 0.03359375
5 0.58515625 0.25546875 0.021875 0.0515625
3 0.61796875 0.3015625 0.01484375 0.03359375
3 0.61015625 0.28359375 0.01796875 0.0296875
3 0.6953125 0.34765625 0.0234375 0.08828125