1 0.31953125 0.39921875 0.03671875 0.04140625
1 0.35234375 0.3640625 0.02578125 0.05859375
1 0.37109375 0.3421875 0.02890625 0.0453125
1 0.39609375 0.32421875 0.0296875 0.04140625
1 0.5703125 0.30234375 0.02578125 0.03515625
1 0.575 0.27265625 0.015625 0.021875
1 0.59765625 0.29140625 0.028125 0.04296875
1 0.4640625 0.4640625 0.06796875 0.08203125
3 0.2703125 0.5828125 0.04453125 0.09140625
3 0.4 0.91015625 0.05859375 0.13984375
3 0.46953125 0.52578125 0.046875 0.09140625
3 0.89375 0.6953125 0.0765625 0.14296875
3 0.87578125 0.4875 0.05 0.10859375
3 0.60859375 0.31484375 0.03203125 0.04296875
3 0.4984375 0.3515625 0.02421875 0.05
3 0.48828125 0.2796875 0.01796875 0.03359375
3 0.5125 0.296875 0.01484375 0.0265625
3 0.44140625 0.33515625 0.0203125 0.03984375
4 0.625 0.35546875 0.04453125 0.08828125