1 0.3828125 0.6546875 0.159375 0.18359375
1 0.365625 0.3453125 0.0421875 0.046875
1 0.4953125 0.3765625 0.04765625 0.0734375
1 0.4859375 0.33359375 0.0375 0.05
1 0.46328125 0.31953125 0.04375 0.0453125
1 0.86171875 0.4984375 0.12265625 0.153125
1 0.78984375 0.83828125 0.30234375 0.3234375
1 0.93046875 0.83828125 0.1390625 0.3234375
4 0.41796875 0.31796875 0.04921875 0.05
2 0.621875 0.35 0.0453125 0.08671875
3 0.57578125 0.27890625 0.01015625 0.03515625
3 0.5875 0.2828125 0.021875 0.03828125
3 0.59375 0.27109375 0.015625 0.025
3 0.5875 0.26015625 0.01015625 0.0203125
3 0.56796875 0.2515625 0.0125 0.0265625
3 0.46796875 0.296875 0.01875 0.03359375
3 0.515625 0.26171875 0.01015625 0.0234375
3 0.3171875 0.9015625 0.1046875 0.196875
1 0.41953125 0.30078125 0.03203125 0.0515625
4 0.62734375 0.26015625 0.0234375 0.0359375
3 0.5875 0.246875 0.0109375 0.0234375
3 0.5796875 0.2421875 0.009375 0.015625