1 0.4734375 0.3859375 0.0546875 0.0953125
1 0.5 0.3125 0.0390625 0.06171875
1 0.4796875 0.27421875 0.02109375 0.0515625
4 0.46015625 0.26484375 0.028125 0.05703125
2 0.50390625 0.278125 0.021875 0.053125
1 0.515625 0.271875 0.015625 0.046875
1 0.39765625 0.3234375 0.03671875 0.05703125
1 0.36484375 0.3390625 0.03984375 0.06484375
1 0.671875 0.29140625 0.0453125 0.05703125
1 0.8296875 0.440625 0.109375 0.11171875
1 0.88359375 0.5 0.134375 0.146875
1 0.21328125 0.4890625 0.08125 0.13203125
3 0.37578125 0.478125 0.04921875 0.14296875
3 0.34140625 0.3828125 0.046875 0.06484375
3 0.3015625 0.40703125 0.03671875 0.08359375