1 0.83515625 0.44140625 0.11796875 0.10703125
1 0.88671875 0.4875 0.1359375 0.13515625
1 0.66953125 0.29765625 0.05546875 0.0515625
1 0.51171875 0.33515625 0.053125 0.0796875
1 0.47734375 0.396875 0.04921875 0.08359375
1 0.21484375 0.48515625 0.1015625 0.1234375
1 0.365625 0.3515625 0.03203125 0.103125
1 0.39140625 0.321875 0.0375 0.08359375
1 0.50625 0.27734375 0.0234375 0.0515625
3 0.41484375 0.603125 0.05078125 0.18359375
3 0.47578125 0.52734375 0.0578125 0.13515625
3 0.58203125 0.2625 0.01875 0.0484375
3 0.48125 0.33203125 0.01875 0.04296875
3 0.346875 0.39609375 0.046875 0.06796875
3 0.3 0.4046875 0.034375 0.06015625
3 0.46015625 0.309375 0.0203125 0.04140625
3 0.46171875 0.284375 0.0125 0.03515625
3 0.4765625 0.3 0.01875 0.0296875
3 0.48359375 0.28671875 0.015625 0.0234375
4 0.4640625 0.2671875 0.03359375 0.0484375