1 0.83046875 0.4484375 0.0859375 0.10234375
1 0.30859375 0.39453125 0.05546875 0.0515625
1 0.34921875 0.35546875 0.02578125 0.05
1 0.36796875 0.34765625 0.0296875 0.03984375
1 0.42421875 0.31484375 0.0203125 0.034375
1 0.46484375 0.325 0.0359375 0.046875
1 0.50546875 0.2984375 0.01640625 0.0359375
1 0.3453125 0.88046875 0.1640625 0.2390625
0 0.16875 0.76640625 0.3375 0.4671875
3 0.471875 0.40234375 0.02265625 0.05625
3 0.29765625 0.428125 0.03046875 0.04453125
3 0.4015625 0.3484375 0.0171875 0.0296875
3 0.4203125 0.33671875 0.01640625 0.04140625
3 0.47421875 0.2890625 0.0140625 0.02421875
3 0.8703125 0.48203125 0.046875 0.0671875