1 0.42578125 0.4375 0.05078125 0.075
1 0.8671875 0.49765625 0.1 0.11171875
1 0.59765625 0.36796875 0.034375 0.053125
3 0.3109375 0.55390625 0.03671875 0.06484375
3 0.4484375 0.3125 0.0109375 0.021875
3 0.46796875 0.34609375 0.0125 0.028125
3 0.68125 0.403125 0.02578125 0.05
3 0.665625 0.38203125 0.01875 0.03671875
3 0.628125 0.3125 0.01328125 0.03203125
3 0.603125 0.3140625 0.01328125 0.03203125
3 0.6125 0.30078125 0.01328125 0.03203125
3 0.38984375 0.3515625 0.01015625 0.03359375
3 0.59296875 0.3 0.01015625 0.0265625
2 0.35234375 0.3609375 0.0359375 0.0453125
2 0.6171875 0.44765625 0.053125 0.1015625
2 0.3953125 0.32421875 0.0234375 0.028125
2 0.490625 0.29921875 0.0203125 0.0453125