3 0.34375 0.48828125 0.03359375 0.06171875
3 0.60859375 0.30859375 0.0125 0.0234375
3 0.5921875 0.3 0.01328125 0.021875
3 0.88046875 0.5 0.0390625 0.065625
3 0.98359375 0.70625 0.03203125 0.1421875
1 0.84921875 0.46171875 0.07421875 0.09609375
1 0.61796875 0.38359375 0.05234375 0.07265625
1 0.45625 0.2796875 0.01796875 0.02421875
1 0.37578125 0.34609375 0.0296875 0.04765625
1 0.35390625 0.36015625 0.03984375 0.04609375
1 0.30703125 0.39296875 0.0421875 0.03828125
1 0.2859375 0.4234375 0.0640625 0.05234375
1 0.14921875 0.546875 0.1046875 0.0921875
2 0.21796875 0.4703125 0.084375 0.1