1 0.65703125 0.75234375 0.1015625 0.18828125
1 0.63984375 0.5921875 0.0734375 0.1046875
1 0.59296875 0.45390625 0.0390625 0.075
1 0.725 0.9 0.12421875 0.146875
0 0.87109375 0.77109375 0.22265625 0.41796875
0 0.71875 0.4859375 0.1609375 0.18828125
0 0.86484375 0.46953125 0.17890625 0.175
1 0.58203125 0.27421875 0.0234375 0.01796875
1 0.3296875 0.4109375 0.05859375 0.0484375
1 0.6296875 0.26328125 0.01796875 0.01640625
1 0.40234375 0.3234375 0.0375 0.0296875
1 0.16328125 0.515625 0.12578125 0.11171875
3 0.49296875 0.2796875 0.015625 0.03359375