1 0.82578125 0.45390625 0.08515625 0.09296875
1 0.6515625 0.37265625 0.0375 0.04921875
1 0.61171875 0.39140625 0.04453125 0.06640625
1 0.58203125 0.30859375 0.02734375 0.03984375
1 0.6171875 0.30703125 0.025 0.0359375
1 0.5859375 0.2828125 0.025 0.03515625
1 0.36640625 0.346875 0.04453125 0.0421875
2 0.2953125 0.415625 0.0671875 0.07109375
2 0.409375 0.36015625 0.04609375 0.06640625
3 0.496875 0.2921875 0.01953125 0.03828125
3 0.86640625 0.49609375 0.04765625 0.06953125
3 0.609375 0.2734375 0.01484375 0.0234375