1 0.4140625 0.6828125 0.25234375 0.2015625
1 0.20625 0.8125 0.18828125 0.2453125
1 0.32890625 0.4578125 0.109375 0.1015625
1 0.4265625 0.346875 0.0390625 0.06328125
1 0.39453125 0.32265625 0.03125 0.05859375
1 0.36953125 0.33828125 0.0453125 0.046875
1 0.34296875 0.35078125 0.04765625 0.06171875
1 0.4515625 0.3046875 0.03125 0.046875
1 0.50859375 0.2890625 0.028125 0.04140625
1 0.72734375 0.36640625 0.0625 0.08984375
1 0.85390625 0.4875 0.134375 0.2046875
3 0.7328125 0.390625 0.05546875 0.06796875
3 0.4890625 0.3015625 0.01875 0.03359375
3 0.2046875 0.53671875 0.06484375 0.103125
4 0.50078125 0.2703125 0.021875 0.03984375
4 0.50703125 0.2625 0.02890625 0.03828125
1 0.58125 0.24765625 0.0109375 0.021875
1 0.57109375 0.2421875 0.01640625 0.04140625