3 0.6796875 0.346875 0.0265625 0.053125
3 0.878125 0.50234375 0.0546875 0.08828125
3 0.9046875 0.73515625 0.096875 0.13359375
3 0.39765625 0.43984375 0.02109375 0.06328125
3 0.40390625 0.38828125 0.0265625 0.06015625
3 0.421875 0.34609375 0.01484375 0.0484375
3 0.446875 0.31171875 0.01328125 0.03359375
3 0.59609375 0.2859375 0.01328125 0.03828125
1 0.3234375 0.59453125 0.1 0.16171875
2 0.7421875 0.6125 0.13046875 0.2453125
1 0.34765625 0.3640625 0.0390625 0.06171875
1 0.371875 0.3421875 0.028125 0.0546875
1 0.47578125 0.43203125 0.046875 0.08671875
4 0.3484375 0.821875 0.19140625 0.31328125
3 0.4515625 0.37890625 0.021875 0.0546875
0 0.4765625 0.28046875 0.03203125 0.06796875
2 0.60859375 0.36328125 0.05546875 0.06640625