1 0.8484375 0.478125 0.12265625 0.203125
1 0.671875 0.30390625 0.04375 0.071875
1 0.58125 0.321875 0.0421875 0.0703125
1 0.59140625 0.2765625 0.03359375 0.09296875
1 0.640625 0.2703125 0.04453125 0.0734375
1 0.48203125 0.265625 0.0234375 0.0484375
1 0.403125 0.321875 0.05859375 0.06015625
1 0.37265625 0.34296875 0.05546875 0.06328125
1 0.3328125 0.3796875 0.07421875 0.08984375
1 0.16484375 0.52421875 0.1765625 0.14140625
3 0.63046875 0.3421875 0.03984375 0.06171875
3 0.7234375 0.4296875 0.0390625 0.1296875
3 0.58515625 0.24609375 0.02578125 0.025
3 0.32734375 0.4 0.021875 0.08359375
3 0.3078125 0.41171875 0.02890625 0.06015625
3 0.46171875 0.2671875 0.0203125 0.04140625