1 0.475 0.4171875 0.06484375 0.0984375
1 0.89765625 0.52421875 0.13046875 0.175
1 0.825 0.45546875 0.1 0.1484375
1 0.67421875 0.3140625 0.0421875 0.075
1 0.6453125 0.29296875 0.0375 0.05703125
1 0.62421875 0.25703125 0.0296875 0.03671875
1 0.51953125 0.29609375 0.0375 0.06171875
1 0.39609375 0.31640625 0.0359375 0.046875
1 0.36953125 0.3484375 0.06328125 0.08671875
4 0.4640625 0.26796875 0.03671875 0.06015625
4 0.63203125 0.33828125 0.046875 0.10703125
3 0.59765625 0.24765625 0.01640625 0.03828125
3 0.4796875 0.31328125 0.03359375 0.06328125
3 0.29453125 0.4140625 0.046875 0.075