1 0.17265625 0.559375 0.159375 0.1484375
2 0.2828125 0.43515625 0.1015625 0.1203125
1 0.41484375 0.4171875 0.0734375 0.1015625
1 0.48515625 0.3625 0.05859375 0.08828125
3 0.4796875 0.3234375 0.03125 0.05
3 0.49609375 0.29765625 0.021875 0.03828125
3 0.71875 0.4734375 0.0421875 0.08984375
3 0.7359375 0.54609375 0.04765625 0.11484375
1 0.81484375 0.53203125 0.128125 0.16328125
1 0.8640625 0.48515625 0.1 0.146875
3 0.6203125 0.31015625 0.0125 0.06328125
3 0.5671875 0.29609375 0.0109375 0.03203125
3 0.60546875 0.2734375 0.01015625 0.03359375
2 0.58125 0.271875 0.01875 0.03671875
1 0.3984375 0.32578125 0.04140625 0.06171875
1 0.3734375 0.340625 0.06796875 0.06484375
3 0.3671875 0.3625 0.028125 0.06171875
1 0.32734375 0.3984375 0.05859375 0.08671875