1 0.628125 0.5375 0.09921875 0.11796875
1 0.659375 0.459375 0.06640625 0.13515625
1 0.6703125 0.3890625 0.06015625 0.08515625
1 0.628125 0.35078125 0.04765625 0.05859375
1 0.7203125 0.49765625 0.1125 0.13203125
1 0.671875 0.671875 0.15234375 0.18984375
1 0.7484375 0.84375 0.221875 0.3125
1 0.84609375 0.7671875 0.2078125 0.31484375
1 0.8484375 0.58046875 0.05546875 0.11796875
1 0.88359375 0.4875 0.11640625 0.13671875
0 0.928125 0.72265625 0.14375 0.46015625
1 0.6671875 0.2921875 0.03984375 0.0546875
1 0.3984375 0.3140625 0.04375 0.04140625
1 0.35625 0.3296875 0.065625 0.06640625
2 0.5015625 0.29140625 0.03125 0.05
1 0.50625 0.27265625 0.0296875 0.03515625
1 0.46484375 0.2671875 0.02421875 0.0484375
1 0.58359375 0.2453125 0.02421875 0.03984375
3 0.3328125 0.38984375 0.0359375 0.08359375
3 0.621875 0.8125 0.06875 0.1953125