1 0.86484375 0.5015625 0.1203125 0.15
1 0.41015625 0.40390625 0.07578125 0.09140625
1 0.059375 0.7109375 0.11875 0.13828125
1 0.0796875 0.61328125 0.159375 0.146875
1 0.35 0.37109375 0.0375 0.06484375
1 0.36328125 0.3359375 0.0453125 0.0546875
1 0.3859375 0.32265625 0.03984375 0.075
1 0.45546875 0.36171875 0.04140625 0.06328125
1 0.496875 0.3515625 0.0421875 0.04296875
1 0.4796875 0.32734375 0.03359375 0.03828125
1 0.73359375 0.3734375 0.0546875 0.08359375
0 0.578125 0.25 0.0296875 0.05
3 0.59296875 0.31015625 0.0296875 0.05
3 0.31484375 0.43359375 0.046875 0.06015625
3 0.45 0.31171875 0.028125 0.05
3 0.4734375 0.29921875 0.0203125 0.03828125
3 0.478125 0.27265625 0.00859375 0.028125
3 0.4890625 0.2671875 0.00859375 0.03203125
3 0.60546875 0.2734375 0.01484375 0.03671875