1 0.83203125 0.453125 0.0796875 0.08671875
1 0.14609375 0.53828125 0.11640625 0.11015625
1 0.215625 0.48203125 0.07578125 0.0796875
1 0.365625 0.34296875 0.0375 0.03359375
1 0.39375 0.32578125 0.03125 0.03203125
1 0.50390625 0.32421875 0.0359375 0.0515625
3 0.3625 0.58359375 0.0375 0.08671875
3 0.6078125 0.35546875 0.02109375 0.0546875
3 0.6359375 0.3375 0.0125 0.04140625
3 0.46796875 0.33203125 0.015625 0.03359375
3 0.45546875 0.3171875 0.0125 0.03515625
0 0.86328125 0.81328125 0.27265625 0.3734375
1 0.6640625 0.29296875 0.021875 0.03203125
0 0.4859375 0.28359375 0.03046875 0.05078125