3 0.3390625 0.38828125 0.04453125 0.0796875
3 0.62109375 0.29296875 0.01015625 0.03671875
3 0.58828125 0.278125 0.02421875 0.0265625
3 0.61015625 0.2609375 0.01640625 0.021875
1 0.8203125 0.440625 0.0875 0.128125
1 0.89140625 0.496875 0.11484375 0.16015625
1 0.85546875 0.68203125 0.184375 0.2796875
1 0.71875 0.71328125 0.17109375 0.26015625
1 0.48359375 0.3953125 0.0625 0.0796875
1 0.39375 0.31796875 0.04453125 0.06015625
1 0.365625 0.33671875 0.05546875 0.0703125
3 0.11484375 0.6171875 0.128125 0.128125
0 0.44296875 0.35859375 0.0625 0.1296875
0 0.578125 0.2421875 0.0359375 0.03203125
1 0.6796875 0.3046875 0.05859375 0.08671875
4 0.5078125 0.296875 0.034375 0.06640625
1 0.5140625 0.271875 0.02890625 0.04296875