4 0.6203125 0.515625 0.10546875 0.1953125
4 0.46328125 0.26328125 0.02578125 0.03671875
1 0.44375 0.275 0.03984375 0.0703125
1 0.3875 0.3203125 0.06328125 0.0734375
1 0.36484375 0.33671875 0.0734375 0.0703125
1 0.33203125 0.3875 0.08359375 0.08203125
1 0.16328125 0.553125 0.17109375 0.15703125
1 0.82578125 0.4734375 0.103125 0.1734375
1 0.67578125 0.309375 0.04453125 0.06484375
1 0.64140625 0.27421875 0.0296875 0.04140625
1 0.6125 0.27109375 0.02421875 0.03828125
1 0.57890625 0.29765625 0.0296875 0.06171875
3 0.59453125 0.26640625 0.01875 0.04296875
3 0.7515625 0.5453125 0.04453125 0.15
3 0.75703125 0.4125 0.02421875 0.06171875
4 0.7515625 0.35546875 0.0609375 0.075
2 0.684375 0.44140625 0.1078125 0.153125