1 0.39609375 0.8015625 0.1921875 0.26015625
1 0.82265625 0.44296875 0.07265625 0.096875
1 0.47578125 0.40859375 0.053125 0.08359375
1 0.66640625 0.29453125 0.02421875 0.04140625
1 0.640625 0.2765625 0.02421875 0.046875
1 0.45078125 0.33828125 0.04375 0.053125
1 0.45078125 0.28984375 0.034375 0.05
1 0.51796875 0.2671875 0.0203125 0.0515625
1 0.14140625 0.528125 0.12421875 0.153125
1 0.396875 0.31484375 0.053125 0.0234375
4 0.628125 0.25859375 0.01640625 0.05
4 0.465625 0.26484375 0.03203125 0.03984375
4 0.6375 0.47265625 0.096875 0.1546875
4 0.48125 0.3453125 0.046875 0.08984375
3 0.17578125 0.87734375 0.14453125 0.18515625
3 0.73046875 0.5640625 0.06015625 0.2046875
3 0.83203125 0.50078125 0.09375 0.128125
0 0.37109375 0.475 0.2 0.35703125
0 0.25546875 0.50859375 0.12109375 0.2234375