1 0.8375 0.4578125 0.08671875 0.0984375
1 0.4828125 0.3828125 0.04375 0.0515625
1 0.49921875 0.33125 0.0375 0.04140625
1 0.48828125 0.3 0.02890625 0.03203125
1 0.4546875 0.30859375 0.02578125 0.03671875
1 0.371875 0.3390625 0.03984375 0.03984375
1 0.353125 0.36484375 0.0515625 0.0421875
1 0.31875 0.3953125 0.0484375 0.053125
1 0.28203125 0.43046875 0.05234375 0.0671875
1 0.45546875 0.5109375 0.06484375 0.1171875
1 0.58203125 0.2609375 0.01640625 0.0203125
2 0.5015625 0.284375 0.02421875 0.028125
2 0.21640625 0.4625 0.084375 0.10390625
4 0.38203125 0.43359375 0.07734375 0.12578125
3 0.5984375 0.2734375 0.01328125 0.01875
3 0.8765625 0.5 0.03125 0.07421875
3 0.32421875 0.471875 0.05 0.0734375
3 0.43125 0.3421875 0.01875 0.05
3 0.47265625 0.29453125 0.015625 0.028125
3 0.48671875 0.28046875 0.01015625 0.0171875