1 0.634375 0.4359375 0.08359375 0.1515625
1 0.59140625 0.3296875 0.03359375 0.06640625
3 0.5890625 0.28046875 0.0265625 0.03828125
3 0.621875 0.29140625 0.02578125 0.03671875
1 0.7390625 0.378125 0.06328125 0.103125
3 0.696875 0.40703125 0.0453125 0.08671875
1 0.85625 0.50234375 0.115625 0.15859375
1 0.02578125 0.66953125 0.05078125 0.1046875
1 0.3609375 0.346875 0.04921875 0.06015625
1 0.39140625 0.3171875 0.0421875 0.0484375
3 0.45625 0.36953125 0.0390625 0.078125
1 0.49140625 0.321875 0.04921875 0.046875
3 0.471875 0.278125 0.02421875 0.03359375