2 0.44609375 0.503125 0.08046875 0.11953125
4 0.59140625 0.26484375 0.01640625 0.028125
1 0.23984375 0.81328125 0.17890625 0.25546875
1 0.3515625 0.36328125 0.03046875 0.0484375
1 0.37734375 0.34765625 0.0421875 0.053125
1 0.51484375 0.26796875 0.01953125 0.028125
3 0.46484375 0.3375 0.0234375 0.05390625
3 0.36796875 0.478125 0.03671875 0.075
3 0.43515625 0.38984375 0.02421875 0.0421875
3 0.7515625 0.62109375 0.06484375 0.11484375
3 0.89765625 0.7296875 0.090625 0.1625
3 0.8203125 0.88984375 0.125 0.2203125
3 0.87421875 0.4875 0.05078125 0.06875
3 0.5890625 0.29921875 0.02109375 0.03046875