3 0.3046875 0.68203125 0.1109375 0.1703125
3 0.41015625 0.778125 0.10234375 0.13984375
1 0.42734375 0.5890625 0.1265625 0.15859375
2 0.38984375 0.4453125 0.0859375 0.11328125
4 0.21484375 0.459375 0.109375 0.11484375
3 0.43671875 0.41484375 0.03359375 0.08984375
3 0.384375 0.37734375 0.04140625 0.0484375
1 0.3703125 0.34921875 0.0578125 0.0546875
1 0.40390625 0.3171875 0.04375 0.06796875
0 0.45625 0.2984375 0.0578125 0.1203125
0 0.496875 0.284375 0.03359375 0.05859375
1 0.4953125 0.33203125 0.03203125 0.05703125
4 0.4828125 0.40234375 0.0578125 0.11171875
2 0.6390625 0.42265625 0.0609375 0.10859375
1 0.609375 0.32265625 0.0375 0.06171875
1 0.86875 0.49921875 0.12421875 0.121875
3 0.70859375 0.425 0.0359375 0.11015625