1 0.1453125 0.8078125 0.290625 0.38359375
1 0.29453125 0.5796875 0.1703125 0.2296875
1 0.31328125 0.3890625 0.12421875 0.15234375
1 0.359375 0.24140625 0.1171875 0.1375
1 0.409375 0.1375 0.0828125 0.08515625
1 0.5578125 0.225 0.075 0.13359375
1 0.540625 0.128125 0.0671875 0.0796875
1 0.534375 0.0546875 0.04609375 0.06640625
1 0.5875 0.60078125 0.15390625 0.2625
2 0.453125 0.84453125 0.21796875 0.31015625
4 0.475 0.36484375 0.1328125 0.20625
4 0.209375 0.1734375 0.1078125 0.18984375
1 0.45859375 0.08359375 0.06796875 0.09140625
3 0.8328125 0.8875 0.11171875 0.225
3 0.91796875 0.38828125 0.07265625 0.13046875
3 0.70390625 0.02734375 0.053125 0.0546875