4 0.85546875 0.703125 0.2328125 0.35
2 0.63125 0.47109375 0.08984375 0.178125
1 0.71015625 0.46640625 0.0859375 0.1234375
1 0.86171875 0.49609375 0.13828125 0.1546875
3 0.77109375 0.42578125 0.0453125 0.0984375
3 0.590625 0.325 0.015625 0.04296875
3 0.57109375 0.30703125 0.02578125 0.053125
1 0.446875 0.4640625 0.08125 0.13203125
2 0.2859375 0.4234375 0.09765625 0.1
1 0.36953125 0.35078125 0.06015625 0.06484375
4 0.41796875 0.3234375 0.04375 0.046875
3 0.47421875 0.3171875 0.03203125 0.075
1 0.47734375 0.27265625 0.0359375 0.03203125
3 0.496875 0.2796875 0.0109375 0.04296875