3 0.7046875 0.5609375 0.0921875 0.1546875
3 0.62578125 0.35390625 0.0234375 0.08203125
3 0.57890625 0.2671875 0.02109375 0.03203125
3 0.49296875 0.303125 0.03359375 0.03984375
3 0.47421875 0.321875 0.03203125 0.06328125
1 0.3234375 0.3765625 0.0765625 0.0796875
1 0.36328125 0.3359375 0.04140625 0.0546875
1 0.39765625 0.31015625 0.034375 0.06328125
1 0.48046875 0.26015625 0.021875 0.03359375
1 0.5640625 0.2578125 0.02109375 0.028125
1 0.58359375 0.27890625 0.03203125 0.03203125
1 0.59296875 0.265625 0.0234375 0.03203125
1 0.63671875 0.26796875 0.03203125 0.03359375
1 0.66640625 0.2921875 0.0296875 0.03828125
1 0.8375 0.453125 0.10234375 0.14296875
1 0.821875 0.83828125 0.23359375 0.3234375
1 0.14375 0.53671875 0.16875 0.1703125
1 0.60859375 0.38671875 0.06484375 0.15703125
1 0.58359375 0.234375 0.03671875 0.0484375