1 0.109375 0.60859375 0.1671875 0.11640625
1 0.0359375 0.7328125 0.07109375 0.2015625
1 0.16484375 0.5203125 0.09765625 0.09296875
1 0.234375 0.4671875 0.0859375 0.08515625
1 0.64921875 0.68984375 0.1046875 0.21640625
1 0.6203125 0.509375 0.0734375 0.121875
1 0.72890625 0.90703125 0.1703125 0.1859375
0 0.875 0.7765625 0.24921875 0.446875
0 0.83125 0.471875 0.165625 0.203125
0 0.94375 0.59921875 0.1125 0.175
0 0.59765625 0.30859375 0.04140625 0.09296875
3 0.6578125 0.33828125 0.0234375 0.03984375
1 0.4453125 0.3359375 0.03359375 0.0546875
1 0.35859375 0.35546875 0.04921875 0.05859375
1 0.36328125 0.328125 0.00078125 0.00703125