3 0.1359375 0.784375 0.0859375 0.20859375
3 0.36953125 0.48515625 0.05703125 0.13984375
3 0.43359375 0.33515625 0.021875 0.046875
3 0.45234375 0.3234375 0.015625 0.046875
3 0.45859375 0.30859375 0.02109375 0.053125
3 0.58828125 0.26015625 0.015625 0.03359375
1 0.8625 0.50078125 0.14140625 0.18515625
1 0.73984375 0.39140625 0.08125 0.146875
4 0.628125 0.26171875 0.01484375 0.03671875
4 0.4921875 0.28203125 0.0234375 0.04296875
4 0.51171875 0.30078125 0.03125 0.05859375
4 0.47578125 0.2953125 0.03203125 0.05703125
4 0.45625 0.2625 0.02421875 0.028125
1 0.4765625 0.37734375 0.05703125 0.078125
1 0.4328125 0.43828125 0.0921875 0.1
1 0.4234375 0.37578125 0.0609375 0.06796875
1 0.36796875 0.3453125 0.05078125 0.0765625
1 0.3984375 0.3234375 0.04921875 0.05703125