1 0.34375 0.66484375 0.2578125 0.21640625
1 0.42890625 0.4265625 0.11875 0.11640625
1 0.3734375 0.3421875 0.065625 0.075
1 0.390625 0.3109375 0.04453125 0.071875
1 0.46875 0.2671875 0.034375 0.03515625
1 0.5796875 0.25859375 0.03203125 0.04296875
1 0.66640625 0.29296875 0.04375 0.06015625
1 0.84140625 0.4390625 0.09921875 0.11796875
1 0.8921875 0.50546875 0.09375 0.11796875
3 0.753125 0.47734375 0.0609375 0.11484375
3 0.63203125 0.31953125 0.02109375 0.04140625
3 0.60546875 0.30234375 0.0296875 0.03828125
3 0.6015625 0.26796875 0.0203125 0.03671875
3 0.33046875 0.3828125 0.0453125 0.071875