1 0.6828125 0.540625 0.10703125 0.178125
3 0.7859375 0.6078125 0.0625 0.178125
1 0.8109375 0.90234375 0.26171875 0.1953125
1 0.875 0.484375 0.128125 0.13515625
1 0.73203125 0.37109375 0.09765625 0.1015625
1 0.6046875 0.33515625 0.04921875 0.0734375
0 0.58125 0.2578125 0.0421875 0.0515625
4 0.62421875 0.265625 0.0203125 0.03828125
1 0.48203125 0.37109375 0.0546875 0.08203125
3 0.33671875 0.73359375 0.14140625 0.23359375
3 0.18203125 0.70234375 0.11484375 0.221875
3 0.3 0.5375 0.06640625 0.16171875
1 0.4015625 0.40390625 0.06875 0.078125
1 0.34609375 0.36484375 0.053125 0.0765625
1 0.371875 0.3390625 0.0390625 0.0546875
1 0.39453125 0.31953125 0.04140625 0.0453125
4 0.4640625 0.28359375 0.021875 0.046875
1 0.47734375 0.26796875 0.02578125 0.03984375