1 0.82421875 0.82109375 0.2921875 0.3578125
1 0.253125 0.90234375 0.2390625 0.1953125
1 0.4359375 0.425 0.0890625 0.15703125
1 0.684375 0.4890625 0.09921875 0.18828125
1 0.83359375 0.4484375 0.1015625 0.153125
1 0.67421875 0.29609375 0.05234375 0.0515625
1 0.63828125 0.271875 0.0421875 0.04296875
1 0.57421875 0.25859375 0.01796875 0.03671875
3 0.6234375 0.32734375 0.034375 0.05859375
5 0.58671875 0.31953125 0.04140625 0.0953125
5 0.58359375 0.2375 0.0203125 0.04140625
1 0.50234375 0.34296875 0.05234375 0.0734375
1 0.4890625 0.27734375 0.02890625 0.03203125
1 0.48359375 0.26171875 0.01875 0.03984375
4 0.46796875 0.265625 0.0203125 0.03515625
1 0.40234375 0.32265625 0.03984375 0.06796875
1 0.3765625 0.33828125 0.07265625 0.08984375
1 0.33828125 0.3796875 0.11875 0.09296875
1 0.1671875 0.54453125 0.1859375 0.14140625