1 0.83125 0.4515625 0.08359375 0.08359375
1 0.440625 0.446875 0.06796875 0.08359375
1 0.14765625 0.53359375 0.12578125 0.103125
1 0.3625 0.3453125 0.02890625 0.04296875
1 0.38984375 0.3234375 0.01875 0.03671875
1 0.4734375 0.34921875 0.02890625 0.0484375
1 0.4984375 0.32265625 0.02578125 0.03515625
1 0.48515625 0.2984375 0.02578125 0.0265625
3 0.60078125 0.340625 0.015625 0.0515625
3 0.56953125 0.29609375 0.0109375 0.028125
3 0.61015625 0.315625 0.0125 0.03203125
0 0.425 0.3375 0.05234375 0.09140625
1 0.66484375 0.29296875 0.02421875 0.0265625