1 0.84140625 0.4640625 0.1125 0.1546875
1 0.6796875 0.30390625 0.0578125 0.0453125
1 0.63984375 0.278125 0.03984375 0.04296875
1 0.56953125 0.2828125 0.021875 0.0515625
4 0.63203125 0.2578125 0.0234375 0.028125
0 0.58515625 0.2296875 0.0203125 0.046875
3 0.62734375 0.3453125 0.02890625 0.08671875
3 0.69765625 0.46015625 0.06328125 0.1203125
3 0.425 0.62890625 0.0921875 0.125
3 0.38125 0.86328125 0.1625 0.203125
3 0.396875 0.39765625 0.046875 0.08515625
3 0.43671875 0.33046875 0.02109375 0.04140625
3 0.434375 0.309375 0.01484375 0.025
3 0.4875 0.32421875 0.01640625 0.05859375
3 0.5078125 0.265625 0.01015625 0.028125
4 0.4640625 0.27265625 0.021875 0.04140625
1 0.47734375 0.2625 0.03125 0.0546875
1 0.49609375 0.26953125 0.01796875 0.0546875
1 0.5125 0.2828125 0.03125 0.04140625
1 0.39765625 0.3171875 0.0390625 0.075
1 0.35859375 0.3390625 0.07265625 0.09140625
1 0.159375 0.534375 0.16328125 0.13203125
0 0.175 0.81484375 0.35 0.3703125