1 0.1046875 0.62265625 0.19375 0.13515625
1 0.48828125 0.38984375 0.06015625 0.08984375
1 0.39765625 0.32890625 0.0390625 0.05859375
1 0.434375 0.31328125 0.02578125 0.046875
1 0.41796875 0.29296875 0.02109375 0.03671875
1 0.36953125 0.33359375 0.03203125 0.03671875
1 0.35 0.35078125 0.0359375 0.0546875
1 0.578125 0.303125 0.021875 0.05
1 0.5875 0.2859375 0.021875 0.03515625
1 0.58203125 0.26484375 0.01484375 0.0234375
1 0.565625 0.265625 0.01640625 0.028125
1 0.62109375 0.2734375 0.028125 0.03671875
1 0.5953125 0.37109375 0.03671875 0.0546875
1 0.6046875 0.40703125 0.03671875 0.046875
1 0.62734375 0.4546875 0.05546875 0.06015625
1 0.6453125 0.53359375 0.08359375 0.11015625
1 0.66171875 0.665625 0.115625 0.1984375
1 0.7671875 0.6890625 0.1265625 0.20859375
1 0.78125 0.54765625 0.0859375 0.121875
1 0.84765625 0.52421875 0.12421875 0.13828125
1 0.87265625 0.48828125 0.09453125 0.1234375
1 0.81328125 0.90390625 0.17265625 0.19140625
3 0.978125 0.65390625 0.04375 0.16171875
3 0.8546875 0.49140625 0.04375 0.08359375
3 0.69921875 0.378125 0.03203125 0.06015625
3 0.28046875 0.5 0.07109375 0.08359375
3 0.45859375 0.33046875 0.02578125 0.0453125
3 0.56640625 0.40703125 0.034375 0.0765625
2 0.490625 0.309375 0.03984375 0.06484375
1 0.509375 0.2671875 0.01796875 0.04140625
4 0.66484375 0.37578125 0.0578125 0.0953125
4 0.69140625 0.4640625 0.0609375 0.11796875
4 0.728125 0.4234375 0.05546875 0.10703125
4 0.94375 0.8671875 0.1125 0.2625