1 0.83359375 0.4625 0.0921875 0.1546875
1 0.671875 0.30546875 0.04765625 0.06796875
1 0.646875 0.275 0.04375 0.04296875
1 0.390625 0.8015625 0.21875 0.26640625
1 0.46484375 0.5921875 0.17109375 0.21171875
1 0.4046875 0.48515625 0.1046875 0.103125
1 0.44375 0.390625 0.06015625 0.128125
1 0.47265625 0.3421875 0.03984375 0.06484375
1 0.496875 0.384375 0.0546875 0.071875
1 0.39765625 0.31171875 0.034375 0.05
1 0.36875 0.340625 0.05234375 0.0515625
1 0.32265625 0.37421875 0.09375 0.0546875
1 0.11640625 0.5421875 0.2328125 0.171875
4 0.56953125 0.2546875 0.01328125 0.03671875
4 0.503125 0.3265625 0.02421875 0.08359375
1 0.50703125 0.30234375 0.0296875 0.0453125
4 0.46328125 0.27734375 0.0125 0.0546875
1 0.4578125 0.28828125 0.04375 0.06640625
3 0.3078125 0.5375 0.08359375 0.13828125
3 0.48125 0.28671875 0.0125 0.03359375
3 0.66484375 0.4453125 0.06328125 0.08671875
3 0.59140625 0.25703125 0.01875 0.03671875
3 0.334375 0.39921875 0.0390625 0.075
3 0.3046875 0.4125 0.05546875 0.08203125