1 0.24921875 0.51171875 0.146875 0.11640625
1 0.41171875 0.609375 0.10703125 0.16484375
3 0.43125 0.4671875 0.0234375 0.08515625
3 0.4484375 0.3765625 0.02890625 0.05
1 0.3671875 0.35234375 0.0359375 0.06171875
1 0.3984375 0.32109375 0.04453125 0.03828125
2 0.46953125 0.3234375 0.05078125 0.05703125
1 0.60703125 0.3984375 0.05546875 0.08359375
4 0.621875 0.33671875 0.05 0.08359375
1 0.8640625 0.4890625 0.1109375 0.121875
2 0.7375 0.378125 0.0546875 0.0796875
4 0.94765625 0.87109375 0.1046875 0.2578125