3 0.125 0.82265625 0.10546875 0.16484375
3 0.37578125 0.45390625 0.06875 0.11171875
1 0.46015625 0.37890625 0.07421875 0.0953125
4 0.4984375 0.3359375 0.08203125 0.09140625
1 0.60703125 0.384375 0.0703125 0.08203125
1 0.67109375 0.3875 0.0609375 0.10859375
3 0.61484375 0.33359375 0.0265625 0.053125
1 0.7375 0.36953125 0.053125 0.09140625
1 0.86484375 0.503125 0.15 0.15
5 0.56875 0.2578125 0.01875 0.0515625
1 0.57578125 0.28671875 0.0203125 0.03984375
0 0.58671875 0.25859375 0.02578125 0.05703125
3 0.6 0.2734375 0.01640625 0.046875
1 0.3625 0.3453125 0.03359375 0.0703125
3 0.34453125 0.37890625 0.0390625 0.0515625
1 0.3984375 0.3328125 0.04140625 0.06171875
1 0.48671875 0.26796875 0.01796875 0.0265625
1 0.03359375 0.67265625 0.06640625 0.23203125