1 0.83125 0.46796875 0.096875 0.1234375
1 0.6703125 0.29296875 0.053125 0.05703125
1 0.63515625 0.26796875 0.01328125 0.0234375
1 0.5640625 0.27421875 0.0359375 0.03828125
4 0.56640625 0.25234375 0.015625 0.03203125
4 0.74921875 0.37421875 0.06328125 0.09140625
3 0.59453125 0.290625 0.01640625 0.03203125
3 0.58515625 0.26640625 0.01328125 0.03359375
1 0.3984375 0.3234375 0.06796875 0.0765625
1 0.371875 0.3484375 0.05234375 0.0796875
1 0.3234375 0.38984375 0.11015625 0.09296875
1 0.16640625 0.5453125 0.21484375 0.16640625
1 0.4484375 0.26796875 0.02890625 0.053125
4 0.4640625 0.26484375 0.028125 0.04296875