4 0.3984375 0.6171875 0.20703125 0.26796875
4 0.21953125 0.91640625 0.21875 0.16640625
1 0.2203125 0.50078125 0.13125 0.128125
1 0.37109375 0.3484375 0.05234375 0.06015625
1 0.3921875 0.32421875 0.03203125 0.071875
1 0.59296875 0.31484375 0.0359375 0.0734375
1 0.8375 0.446875 0.12421875 0.11640625
1 0.88203125 0.49609375 0.13125 0.11171875
1 0.66796875 0.29921875 0.05703125 0.075
3 0.5078125 0.3421875 0.02109375 0.071875
3 0.4890625 0.321875 0.01796875 0.053125
3 0.45078125 0.3015625 0.015625 0.05
3 0.3359375 0.384375 0.046875 0.06171875
3 0.3 0.40703125 0.0390625 0.0796875
0 0.4734375 0.2828125 0.0390625 0.1046875
0 0.50859375 0.28046875 0.03125 0.05859375
2 0.51328125 0.30390625 0.028125 0.06796875