1 0.6703125 0.478125 0.0921875 0.153125
3 0.79921875 0.5296875 0.0578125 0.1265625
1 0.87109375 0.4828125 0.11484375 0.10859375
1 0.59921875 0.28046875 0.03203125 0.04140625
3 0.60078125 0.2984375 0.028125 0.03984375
3 0.56640625 0.2890625 0.01640625 0.0515625
1 0.43359375 0.4015625 0.05546875 0.0703125
3 0.4859375 0.40390625 0.02890625 0.06796875
3 0.4046875 0.5421875 0.08203125 0.0953125
4 0.20546875 0.45234375 0.10234375 0.11171875
1 0.37578125 0.34296875 0.06875 0.05703125
3 0.4171875 0.3421875 0.02890625 0.0515625
3 0.45234375 0.35390625 0.0265625 0.0453125
3 0.446875 0.29921875 0.02109375 0.0546875
3 0.4875 0.27109375 0.0125 0.025
1 0.42265625 0.3046875 0.07578125 0.06328125