1 0.1640625 0.89140625 0.275 0.2171875
1 0.3359375 0.653125 0.20390625 0.3328125
1 0.3671875 0.37890625 0.1359375 0.2015625
1 0.41328125 0.1796875 0.08671875 0.140625
1 0.42734375 0.05625 0.06796875 0.09296875
1 0.48515625 0.02890625 0.0609375 0.0578125
1 0.9140625 0.57734375 0.171875 0.371875
2 0.7953125 0.153125 0.11171875 0.17734375
3 0.4984375 0.6375 0.09140625 0.23515625
3 0.48203125 0.43203125 0.0546875 0.14140625
3 0.5 0.30703125 0.0625 0.115625
3 0.48359375 0.10859375 0.03125 0.08359375
3 0.54140625 0.06640625 0.040625 0.08046875