1 0.65703125 0.43203125 0.065625 0.09296875
1 0.59453125 0.31953125 0.040625 0.0515625
1 0.39765625 0.32265625 0.02890625 0.02734375
1 0.36953125 0.34140625 0.04296875 0.028125
1 0.34765625 0.3671875 0.03984375 0.05
1 0.503125 0.328125 0.0296875 0.04140625
1 0.5078125 0.28046875 0.01796875 0.0265625
3 0.4828125 0.2859375 0.0109375 0.02421875
3 0.48046875 0.31875 0.0125 0.03671875
3 0.39453125 0.4640625 0.034375 0.06953125
3 0.59140625 0.40859375 0.01953125 0.04921875
1 0.5796875 0.25546875 0.015625 0.0265625
2 0.97265625 0.678125 0.0546875 0.228125