3 0.87109375 0.5 0.0453125 0.06328125
3 0.31640625 0.4484375 0.034375 0.06015625
1 0.315625 0.396875 0.05078125 0.05703125
1 0.34609375 0.36796875 0.0296875 0.05703125
1 0.36640625 0.3375 0.03203125 0.078125
1 0.4640625 0.30078125 0.0265625 0.025
1 0.4359375 0.453125 0.05078125 0.06328125
1 0.38046875 0.7109375 0.09375 0.24140625
1 0.6203125 0.40390625 0.0546875 0.08828125
1 0.578125 0.28671875 0.01640625 0.03984375
1 0.5875 0.2671875 0.015625 0.03828125
3 0.446875 0.31640625 0.01875 0.03359375
3 0.42734375 0.31796875 0.015625 0.0234375
1 0.4 0.321875 0.0265625 0.046875
3 0.81875 0.56796875 0.0421875 0.096875