5 0.62265625 0.4 0.0890625 0.14296875
3 0.3984375 0.45 0.04765625 0.0703125
3 0.68984375 0.36328125 0.02109375 0.08671875
1 0.84375 0.503125 0.15703125 0.21640625
1 0.31875 0.46171875 0.07890625 0.1
1 0.0875 0.6125 0.17421875 0.171875
1 0.34921875 0.3640625 0.02890625 0.0515625
1 0.3890625 0.37578125 0.04921875 0.06171875
1 0.3671875 0.3390625 0.0234375 0.0484375
1 0.39609375 0.31796875 0.03203125 0.06015625
1 0.4640625 0.3796875 0.0421875 0.08984375
1 0.50078125 0.30703125 0.02578125 0.03359375
4 0.478125 0.32421875 0.0375 0.06796875
4 0.496875 0.28203125 0.02421875 0.05703125
1 0.52109375 0.27890625 0.01640625 0.0515625
1 0.57265625 0.24296875 0.01328125 0.0265625