3 0.4609375 0.35234375 0.034375 0.1046875
3 0.50234375 0.2671875 0.0078125 0.03203125
1 0.8171875 0.4515625 0.128125 0.16328125
1 0.38125 0.71171875 0.22265625 0.21328125
1 0.41484375 0.52421875 0.13125 0.171875
1 0.2359375 0.56171875 0.1234375 0.15
1 0.159375 0.54765625 0.21875 0.18828125
1 0.37109375 0.35234375 0.0578125 0.08203125
1 0.3921875 0.32890625 0.0453125 0.06484375
1 0.50234375 0.29921875 0.0453125 0.05859375
4 0.62890625 0.26171875 0.028125 0.06640625
4 0.4703125 0.265625 0.03359375 0.0546875