3 0.87265625 0.50234375 0.0265625 0.0859375
3 0.60390625 0.2875 0.01171875 0.02109375
3 0.5953125 0.2671875 0.01171875 0.02265625
3 0.4875 0.29609375 0.00859375 0.02421875
0 0.43046875 0.35703125 0.059375 0.09375
1 0.375 0.86484375 0.146875 0.2703125
1 0.42890625 0.446875 0.04765625 0.07578125
1 0.31484375 0.4 0.0546875 0.0546875
1 0.346875 0.3609375 0.03671875 0.03828125
1 0.37109375 0.34765625 0.03671875 0.03125
1 0.39375 0.321875 0.01875 0.02890625
2 0.5046875 0.31015625 0.034375 0.059375
4 0.58515625 0.340625 0.0375 0.07734375
0 0.63359375 0.334375 0.05078125 0.11171875
1 0.56875 0.2578125 0.01640625 0.03125
1 0.578125 0.27578125 0.02421875 0.0234375