1 0.82265625 0.715625 0.16484375 0.21171875
1 0.315625 0.40078125 0.0703125 0.06796875
1 0.346875 0.3640625 0.04453125 0.03515625
1 0.3671875 0.3359375 0.04375 0.0515625
1 0.39921875 0.32421875 0.0265625 0.0515625
1 0.50390625 0.3296875 0.02890625 0.04296875
1 0.49375 0.259375 0.01796875 0.025
0 0.5875 0.25546875 0.021875 0.06796875
3 0.68359375 0.45390625 0.02890625 0.075
3 0.80546875 0.50390625 0.046875 0.078125
3 0.57421875 0.32109375 0.02578125 0.03515625
1 0.45625 0.3109375 0.0234375 0.025
3 0.265625 0.62109375 0.05703125 0.08828125