1 0.209375 0.85390625 0.340625 0.29140625
1 0.16171875 0.51953125 0.1453125 0.146875
1 0.4625 0.4765625 0.0953125 0.0953125
1 0.840625 0.4390625 0.0953125 0.10703125
1 0.40546875 0.31796875 0.04765625 0.05703125
1 0.36640625 0.3359375 0.0546875 0.071875
1 0.33046875 0.38828125 0.08203125 0.0703125
1 0.48203125 0.2640625 0.02109375 0.03203125
1 0.5140625 0.2578125 0.01875 0.03828125
1 0.57421875 0.26953125 0.03125 0.0484375
1 0.63984375 0.26640625 0.0359375 0.03984375
1 0.671875 0.3 0.034375 0.04296875
3 0.62734375 0.33828125 0.0265625 0.0734375
3 0.3671875 0.5828125 0.0765625 0.2015625
3 0.32734375 0.39765625 0.02890625 0.06796875
3 0.46953125 0.30390625 0.01328125 0.0453125
2 0.43125 0.3734375 0.05546875 0.0765625
4 0.49765625 0.3421875 0.05703125 0.06484375
4 0.49296875 0.33046875 0.03671875 0.0546875
4 0.46171875 0.2671875 0.03125 0.0484375