1 0.0421875 0.703125 0.084375 0.225
3 0.3203125 0.5828125 0.05546875 0.11171875
3 0.40546875 0.50859375 0.03671875 0.0734375
1 0.3625 0.340625 0.05 0.05078125
1 0.39453125 0.3203125 0.03828125 0.046875
1 0.48359375 0.3796875 0.040625 0.06171875
1 0.5 0.32421875 0.03046875 0.03359375
1 0.48828125 0.290625 0.01640625 0.03046875
1 0.73984375 0.8953125 0.1796875 0.209375
1 0.81171875 0.715625 0.146875 0.24296875
1 0.91796875 0.70859375 0.1640625 0.19609375
1 0.90859375 0.5265625 0.12421875 0.13203125
1 0.6546875 0.6453125 0.1171875 0.22578125
0 0.74765625 0.42734375 0.14453125 0.29609375
1 0.62109375 0.51015625 0.0765625 0.08828125
1 0.646875 0.434375 0.0625 0.06796875
1 0.59453125 0.4421875 0.06171875 0.06171875
1 0.5875 0.40078125 0.04296875 0.06015625
1 0.63046875 0.39296875 0.04453125 0.06484375
1 0.58046875 0.34765625 0.0421875 0.04140625
1 0.65390625 0.34375 0.03671875 0.05390625
1 0.60625 0.3234375 0.04765625 0.05234375
0 0.6046875 0.26953125 0.02578125 0.0578125