3 0.73125 0.48046875 0.0234375 0.06171875
3 0.434375 0.3375 0.01875 0.028125
3 0.57890625 0.34296875 0.01640625 0.04296875
1 0.86796875 0.490625 0.09453125 0.0953125
0 0.86953125 0.73671875 0.26015625 0.5265625
1 0.36953125 0.403125 0.0609375 0.06328125
1 0.0609375 0.65234375 0.12109375 0.13203125
1 0.3515625 0.3609375 0.03984375 0.04140625
1 0.36953125 0.3375 0.034375 0.03515625
1 0.39609375 0.32421875 0.03203125 0.03203125
1 0.596875 0.315625 0.028125 0.04140625
1 0.64921875 0.44453125 0.0578125 0.08203125
1 0.609375 0.375 0.0375 0.05
1 0.61875 0.28984375 0.0234375 0.046875
0 0.58203125 0.28359375 0.028125 0.05703125
0 0.46796875 0.29296875 0.0359375 0.0703125
0 0.58359375 0.2390625 0.01875 0.04140625
2 0.490625 0.3421875 0.0296875 0.06484375