1 0.659375 0.5703125 0.09375 0.1765625
1 0.8671875 0.48828125 0.1 0.1
1 0.88828125 0.8671875 0.2078125 0.26484375
1 0.35078125 0.365625 0.0390625 0.0484375
1 0.39609375 0.32421875 0.0296875 0.03203125
1 0.36875 0.34453125 0.0390625 0.04140625
2 0.6796875 0.42890625 0.07265625 0.1015625
2 0.7375 0.3703125 0.04375 0.0734375
0 0.57578125 0.28203125 0.0375 0.1
3 0.38515625 0.50078125 0.034375 0.08515625
3 0.77421875 0.55078125 0.0375 0.08828125
3 0.6109375 0.35703125 0.02109375 0.04296875
3 0.640625 0.328125 0.01796875 0.046875