3 0.36328125 0.46640625 0.028125 0.06328125
3 0.440625 0.465625 0.0234375 0.05859375
3 0.4140625 0.44140625 0.02109375 0.0703125
3 0.425 0.384375 0.01875 0.0546875
3 0.4484375 0.33203125 0.01328125 0.04296875
3 0.471875 0.325 0.00859375 0.046875
3 0.60703125 0.37109375 0.01796875 0.0515625
3 0.7234375 0.42265625 0.034375 0.0546875
1 0.88515625 0.50078125 0.09765625 0.1015625
1 0.82890625 0.44453125 0.07421875 0.06484375
1 0.3671875 0.3453125 0.0359375 0.05
1 0.39609375 0.32265625 0.034375 0.03515625
1 0.665625 0.29140625 0.02578125 0.03359375