1 0.15859375 0.52109375 0.18828125 0.11796875
1 0.05546875 0.659375 0.1109375 0.16484375
1 0.471875 0.35859375 0.06015625 0.10703125
1 0.33046875 0.38828125 0.06796875 0.08984375
1 0.39296875 0.32421875 0.065625 0.05859375
1 0.78203125 0.4734375 0.0875 0.146875
1 0.8328125 0.45390625 0.08671875 0.13203125
1 0.66640625 0.296875 0.02890625 0.06640625
1 0.575 0.2765625 0.0359375 0.05
1 0.5765625 0.24609375 0.01484375 0.028125
0 0.49453125 0.2859375 0.05 0.11484375
0 0.2875 0.7359375 0.3234375 0.528125
3 0.6078125 0.309375 0.02109375 0.05859375
4 0.753125 0.3640625 0.0765625 0.09140625
1 0.6359375 0.26484375 0.021875 0.05
1 0.45 0.27578125 0.0296875 0.0484375