1 0.6140625 0.42578125 0.05 0.08515625
2 0.29453125 0.40859375 0.053125 0.0703125
1 0.365625 0.34296875 0.0359375 0.03671875
1 0.396875 0.33046875 0.03125 0.03515625
1 0.48984375 0.31171875 0.02109375 0.0296875
1 0.48515625 0.29140625 0.02890625 0.0296875
5 0.61015625 0.30859375 0.03125 0.04296875
3 0.7640625 0.396875 0.01328125 0.03671875
3 0.609375 0.3375 0.01328125 0.0546875
1 0.828125 0.45546875 0.06484375 0.06796875
1 0.9078125 0.53828125 0.1734375 0.13359375
0 0.57265625 0.26171875 0.02421875 0.04296875