4 0.5984375 0.284375 0.02890625 0.06796875
4 0.4671875 0.2703125 0.0265625 0.05
3 0.2953125 0.39140625 0.0296875 0.096875
3 0.66171875 0.42109375 0.0421875 0.075
3 0.71953125 0.49453125 0.046875 0.125
1 0.8265625 0.4515625 0.0859375 0.1265625
1 0.90390625 0.51640625 0.146875 0.1734375
1 0.5828125 0.30078125 0.03125 0.071875
1 0.66484375 0.30390625 0.04921875 0.06171875
1 0.640625 0.28359375 0.0203125 0.03984375
1 0.3984375 0.31953125 0.04453125 0.075
1 0.365625 0.33359375 0.046875 0.08359375
4 0.57734375 0.253125 0.02890625 0.03984375