3 0.2921875 0.4109375 0.06484375 0.08828125
3 0.58984375 0.2921875 0.01875 0.0515625
3 0.49296875 0.2765625 0.01484375 0.05703125
3 0.59765625 0.24453125 0.01484375 0.028125
1 0.571875 0.2515625 0.0203125 0.04296875
1 0.66640625 0.42421875 0.10546875 0.13203125
1 0.83359375 0.4421875 0.103125 0.11796875
1 0.890625 0.496875 0.1109375 0.14296875
1 0.66796875 0.29609375 0.03671875 0.078125
1 0.58671875 0.228125 0.01640625 0.03671875
1 0.50703125 0.2609375 0.02890625 0.04140625
1 0.40390625 0.32421875 0.046875 0.05859375
1 0.36875 0.34453125 0.03203125 0.071875
4 0.465625 0.25859375 0.01875 0.06328125