3 0.32109375 0.51328125 0.078125 0.1796875
3 0.20703125 0.74140625 0.11796875 0.19296875
3 0.3984375 0.4625 0.053125 0.13203125
3 0.46015625 0.3609375 0.0203125 0.06796875
3 0.46484375 0.3296875 0.021875 0.046875
3 0.48125 0.3296875 0.01484375 0.053125
3 0.47890625 0.30546875 0.01015625 0.03203125
3 0.48203125 0.4390625 0.03203125 0.09140625
4 0.5140625 0.2703125 0.0296875 0.0765625
4 0.48359375 0.26328125 0.0203125 0.06328125
4 0.4640625 0.2640625 0.0234375 0.0546875
1 0.45234375 0.28359375 0.03125 0.06015625
1 0.4015625 0.321875 0.05546875 0.06015625
1 0.36171875 0.33515625 0.0625 0.06015625
1 0.325 0.359375 0.10234375 0.13515625
1 0.1515625 0.509375 0.146875 0.21484375
1 0.83203125 0.46796875 0.08359375 0.16640625
1 0.60234375 0.33046875 0.04765625 0.09140625
1 0.67421875 0.2890625 0.04140625 0.078125
1 0.63515625 0.2640625 0.01328125 0.0515625
1 0.578125 0.25234375 0.0203125 0.03828125