3 0.73359375 0.62578125 0.05703125 0.13671875
3 0.884375 0.48828125 0.04296875 0.071875
3 0.67265625 0.41953125 0.02265625 0.06484375
3 0.65 0.35234375 0.015625 0.04609375
3 0.6625 0.32890625 0.0171875 0.04765625
3 0.60703125 0.26171875 0.0140625 0.015625
1 0.91796875 0.846875 0.1640625 0.30625
1 0.30234375 0.403125 0.05703125 0.0578125
1 0.35078125 0.36015625 0.03671875 0.04609375
1 0.37421875 0.34375 0.0421875 0.040625
1 0.6015625 0.334375 0.0375 0.046875
1 0.58359375 0.28984375 0.0359375 0.03125
0 0.4921875 0.259375 0.0421875 0.090625