1 0.3984375 0.5875 0.1078125 0.15859375
1 0.2421875 0.71796875 0.159375 0.253125
1 0.40078125 0.46640625 0.0875 0.08984375
1 0.48828125 0.3984375 0.03984375 0.08984375
1 0.73984375 0.375 0.06796875 0.10703125
1 0.87734375 0.49765625 0.13359375 0.171875
1 0.36171875 0.346875 0.05234375 0.05703125
1 0.38515625 0.315625 0.04375 0.075
1 0.47578125 0.30546875 0.0296875 0.05859375
1 0.47734375 0.284375 0.03203125 0.03828125
1 0.50546875 0.30078125 0.01875 0.03515625
3 0.45625 0.32265625 0.0265625 0.03515625
3 0.3734375 0.4 0.0453125 0.0703125
3 0.60703125 0.30546875 0.0375 0.06484375
1 0.44375 0.2984375 0.03984375 0.03671875