3 0.28046875 0.50234375 0.06015625 0.121875
3 0.30078125 0.4140625 0.03203125 0.08515625
3 0.325 0.39453125 0.0359375 0.08828125
3 0.59765625 0.29453125 0.02578125 0.05859375
1 0.4140625 0.5359375 0.1359375 0.221875
1 0.4328125 0.39609375 0.0609375 0.11484375
1 0.490625 0.38359375 0.05234375 0.1265625
1 0.45078125 0.321875 0.034375 0.0796875
1 0.475 0.321875 0.03984375 0.08359375
1 0.50625 0.3078125 0.04921875 0.08828125
1 0.46640625 0.29296875 0.0453125 0.05703125
1 0.5125 0.2640625 0.03125 0.0484375
0 0.51484375 0.240625 0.021875 0.03828125
1 0.48671875 0.265625 0.0296875 0.05859375
1 0.403125 0.315625 0.0453125 0.06796875
1 0.36328125 0.34765625 0.065625 0.075
1 0.325 0.3828125 0.07578125 0.1015625
1 0.13671875 0.50859375 0.14453125 0.203125
1 0.8296875 0.44609375 0.115625 0.18515625
1 0.66875 0.2953125 0.0359375 0.053125
1 0.64140625 0.2671875 0.0375 0.0515625
1 0.34140625 0.88515625 0.19140625 0.2296875
1 0.10625 0.91015625 0.2125 0.1796875