1 0.07578125 0.73671875 0.1515625 0.18984375
1 0.1515625 0.52890625 0.1125 0.09140625
1 0.23125 0.47109375 0.09765625 0.075
1 0.35859375 0.35703125 0.05 0.03671875
1 0.49453125 0.284375 0.03359375 0.03203125
1 0.45234375 0.28515625 0.03125 0.0234375
1 0.40390625 0.321875 0.0421875 0.0296875
0 0.79296875 0.621875 0.2828125 0.4
0 0.6984375 0.38046875 0.09765625 0.125
1 0.615625 0.378125 0.05703125 0.06328125
0 0.6296875 0.3265625 0.05859375 0.0796875
1 0.5796875 0.31953125 0.0265625 0.028125
0 0.5796875 0.2453125 0.021875 0.0296875
1 0.58359375 0.28203125 0.015625 0.0203125