1 0.696875 0.721875 0.128125 0.21015625
1 0.6890625 0.471875 0.065625 0.08984375
1 0.61640625 0.37734375 0.046875 0.05859375
1 0.83203125 0.45703125 0.0765625 0.0765625
1 0.30859375 0.4296875 0.07265625 0.06328125
1 0.21484375 0.4828125 0.08125 0.06796875
1 0.1453125 0.5375 0.115625 0.10859375
1 0.36953125 0.34765625 0.0359375 0.03828125
1 0.3984375 0.3265625 0.03203125 0.03671875
1 0.575 0.30703125 0.03359375 0.03671875
1 0.665625 0.29609375 0.02109375 0.028125
4 0.7515625 0.37734375 0.046875 0.05859375
3 0.9015625 0.728125 0.0625 0.1296875