3 0.140625 0.89765625 0.16328125 0.2046875
3 0.72109375 0.55390625 0.05234375 0.18203125
3 0.8265625 0.51484375 0.08671875 0.14296875
3 0.48203125 0.26953125 0.01640625 0.03515625
1 0.13828125 0.5453125 0.16015625 0.16015625
1 0.4015625 0.77265625 0.29375 0.321875
1 0.84375 0.4625 0.10234375 0.14140625
1 0.484375 0.4296875 0.08125 0.1203125
1 0.45078125 0.3328125 0.05 0.0953125
1 0.44765625 0.28671875 0.0296875 0.06015625
1 0.6703125 0.29140625 0.0546875 0.0703125
1 0.63984375 0.265625 0.03984375 0.0453125
4 0.64140625 0.48046875 0.0875 0.178125
4 0.48125 0.33515625 0.0359375 0.0765625
4 0.46875 0.27265625 0.03203125 0.0484375
0 0.36875 0.48203125 0.18125 0.33984375
0 0.25 0.5234375 0.14921875 0.246875