3 0.37890625 0.59921875 0.0390625 0.1046875
3 0.59609375 0.3015625 0.01796875 0.03984375
1 0.35859375 0.475 0.07890625 0.0765625
1 0.21640625 0.4859375 0.08125 0.08203125
1 0.83046875 0.45703125 0.084375 0.0734375
4 0.75 0.3765625 0.05234375 0.06640625
3 0.3390625 0.4046875 0.02890625 0.03359375
1 0.36875 0.34609375 0.03671875 0.03828125
1 0.39609375 0.32578125 0.03125 0.03203125
1 0.66484375 0.29453125 0.02890625 0.028125
0 0.584375 0.24296875 0.0234375 0.053125
4 0.56640625 0.2578125 0.01484375 0.03203125