0 0.9171875 0.55546875 0.165625 0.2515625
0 0.715625 0.3890625 0.1125 0.1453125
0 0.61015625 0.26640625 0.0390625 0.08984375
2 0.39453125 0.5296875 0.0796875 0.16328125
1 0.76640625 0.91171875 0.1421875 0.1765625
1 0.3203125 0.88203125 0.16875 0.2359375
1 0.6796875 0.6375 0.12109375 0.21171875
1 0.75078125 0.55625 0.0796875 0.11484375
1 0.83671875 0.68046875 0.16328125 0.23359375
1 0.59453125 0.4171875 0.04140625 0.08984375
1 0.43828125 0.36640625 0.04453125 0.05859375
1 0.571875 0.28359375 0.021875 0.0265625
1 0.49765625 0.2703125 0.0234375 0.0234375
1 0.5734375 0.2625 0.0125 0.025
4 0.63828125 0.43984375 0.0625 0.08671875
2 0.29609375 0.41171875 0.0734375 0.046875