3 0.55625 0.328125 0.04375 0.14375
3 0.5046875 0.2265625 0.0421875 0.10625
3 0.66953125 0.74765625 0.06015625 0.17265625
3 0.890625 0.83984375 0.109375 0.196875
3 0.98046875 0.54921875 0.0390625 0.1390625
1 0.14453125 0.13046875 0.103125 0.0984375
1 0.43359375 0.0765625 0.078125 0.10625
1 0.50546875 0.034375 0.06328125 0.065625
1 0.41171875 0.18125 0.08046875 0.12578125
1 0.46796875 0.39140625 0.11015625 0.2265625
1 0.4484375 0.7359375 0.1515625 0.35546875
2 0.8015625 0.1546875 0.1046875 0.1703125
2 0.3359375 0.328125 0.1234375 0.23671875
2 0.22734375 0.640625 0.18515625 0.465625