3 0.734375 0.88984375 0.084375 0.2203125
3 0.1390625 0.671875 0.06015625 0.10546875
3 0.8765625 0.49921875 0.05390625 0.09765625
3 0.4828125 0.2875 0.00859375 0.0203125
3 0.71015625 0.36328125 0.028125 0.028125
1 0.31953125 0.40078125 0.06640625 0.07109375
1 0.346875 0.36640625 0.04296875 0.04453125
1 0.36875 0.34765625 0.03984375 0.03359375
1 0.45703125 0.33671875 0.0328125 0.03203125
1 0.4046875 0.33125 0.0328125 0.04765625
1 0.6921875 0.4 0.07109375 0.11484375
1 0.32265625 0.88359375 0.1953125 0.2328125
1 0.51171875 0.28828125 0.0171875 0.028125