1 0.1359375 0.5125 0.19609375 0.221875
1 0.334375 0.39453125 0.0796875 0.08828125
1 0.36015625 0.359375 0.046875 0.10859375
1 0.3953125 0.328125 0.04375 0.10703125
1 0.4484375 0.29453125 0.0265625 0.071875
1 0.8453125 0.4734375 0.11796875 0.1796875
1 0.81484375 0.87578125 0.21328125 0.2484375
1 0.66875 0.3015625 0.03203125 0.06328125
1 0.64296875 0.2734375 0.0265625 0.04296875
1 0.6203125 0.2671875 0.015625 0.0546875
1 0.578125 0.23828125 0.0125 0.0234375
1 0.5921875 0.23671875 0.01484375 0.03359375
4 0.46171875 0.27109375 0.0296875 0.0484375
4 0.57421875 0.2796875 0.02578125 0.06640625
4 0.61640625 0.253125 0.01640625 0.046875
4 0.87890625 0.73203125 0.12578125 0.24296875