3 0.2640625 0.6765625 0.15703125 0.1703125
3 0.4828125 0.340625 0.0265625 0.05859375
3 0.465625 0.30078125 0.02109375 0.04140625
3 0.48046875 0.29453125 0.021875 0.03828125
3 0.496875 0.315625 0.0296875 0.05859375
4 0.46640625 0.2703125 0.028125 0.05
1 0.446875 0.28359375 0.0265625 0.06640625
1 0.45625 0.575 0.1671875 0.2
1 0.14140625 0.53671875 0.2265625 0.1734375
1 0.33046875 0.40703125 0.0921875 0.11015625
1 0.3703125 0.35390625 0.05078125 0.08515625
1 0.39609375 0.3265625 0.04375 0.08671875
1 0.33203125 0.8859375 0.26171875 0.228125
1 0.83984375 0.44296875 0.11484375 0.15703125
1 0.66796875 0.2859375 0.04375 0.06171875
1 0.6375 0.26328125 0.02890625 0.05