1 0.6546875 0.45390625 0.0875 0.16171875
1 0.83046875 0.45 0.11484375 0.1265625
1 0.90078125 0.49296875 0.1265625 0.1234375
1 0.6640625 0.2875 0.04921875 0.0484375
1 0.21328125 0.471875 0.10703125 0.08671875
3 0.18671875 0.590625 0.0796875 0.16484375
3 0.35078125 0.44921875 0.03671875 0.078125
3 0.34140625 0.39921875 0.05546875 0.06796875
3 0.2984375 0.4078125 0.0390625 0.08203125
4 0.48125 0.36953125 0.05703125 0.10859375
4 0.4234375 0.396875 0.06484375 0.11640625
1 0.40234375 0.321875 0.04765625 0.06015625
1 0.359375 0.3421875 0.0421875 0.0546875
4 0.46171875 0.26796875 0.01875 0.0296875
0 0.4875 0.259375 0.0296875 0.08515625
3 0.51015625 0.2859375 0.015625 0.04140625