2 0.43984375 0.4 0.0640625 0.075
1 0.44609375 0.3375 0.03984375 0.04765625
1 0.3953125 0.31875 0.0375 0.03046875
1 0.3671875 0.34375 0.03515625 0.0390625
1 0.3515625 0.365625 0.034375 0.04375
1 0.5765625 0.30703125 0.02890625 0.03984375
1 0.628125 0.3015625 0.02734375 0.028125
1 0.59140625 0.3703125 0.034375 0.06328125
4 0.5953125 0.28515625 0.025 0.0359375
4 0.56875 0.24921875 0.015625 0.02890625
1 0.61015625 0.3296875 0.02578125 0.04375
4 0.4609375 0.2671875 0.021875 0.021875
1 0.60703125 0.4078125 0.04921875 0.05390625
1 0.6140625 0.45234375 0.05703125 0.075
1 0.690625 0.50390625 0.07421875 0.09296875
1 0.62109375 0.5140625 0.075 0.0984375
1 0.6421875 0.603125 0.09140625 0.1375
1 0.78984375 0.5671875 0.10546875 0.134375
1 0.87421875 0.48046875 0.0921875 0.09765625
1 0.69296875 0.8046875 0.13359375 0.2515625
1 0.790625 0.76015625 0.14296875 0.246875
1 0.9734375 0.7046875 0.05234375 0.103125
1 0.74375 0.95390625 0.16484375 0.0921875
2 0.88828125 0.6953125 0.16328125 0.25
2 0.80859375 0.46796875 0.07890625 0.0984375
2 0.63359375 0.34375 0.0390625 0.0703125
1 0.66796875 0.29296875 0.02734375 0.04140625
3 0.340625 0.38671875 0.028125 0.05546875
3 0.4640625 0.29453125 0.0171875 0.03125
3 0.56328125 0.3703125 0.0109375 0.04375
3 0.64140625 0.42265625 0.03046875 0.0640625
3 0.57109375 0.43828125 0.0265625 0.05234375
3 0.60859375 0.7046875 0.040625 0.12734375
3 0.62578125 0.2796875 0.0125 0.01875
3 0.75546875 0.38984375 0.02421875 0.03125
3 0.59453125 0.25859375 0.00859375 0.0125
3 0.6453125 0.284375 0.01328125 0.028125
0 0.67578125 0.3796875 0.0796875 0.13515625
4 0.73671875 0.44453125 0.09609375 0.14140625
4 0.73125 0.596875 0.10234375 0.14296875
1 0.93515625 0.8484375 0.1265625 0.303125