2 0.7375 0.6 0.11484375 0.196875
1 0.82890625 0.43671875 0.07421875 0.06328125
1 0.8875 0.49921875 0.09375 0.0953125
1 0.625 0.39765625 0.05546875 0.071875
1 0.66640625 0.303125 0.02421875 0.03671875
1 0.3671875 0.34453125 0.0359375 0.03828125
1 0.39453125 0.321875 0.03359375 0.03671875
4 0.44375 0.50078125 0.06015625 0.121875
3 0.2875 0.63828125 0.04140625 0.09296875
3 0.309375 0.76640625 0.04921875 0.13359375
3 0.33046875 0.55859375 0.034375 0.0765625
3 0.44375 0.35859375 0.021875 0.04296875
3 0.484375 0.3453125 0.0125 0.03984375
3 0.47734375 0.29296875 0.01484375 0.03359375
3 0.45625 0.29296875 0.01484375 0.03359375