1 0.465625 0.46015625 0.0578125 0.1234375
1 0.85703125 0.4984375 0.103125 0.13671875
1 0.578125 0.2921875 0.02578125 0.03515625
1 0.4890625 0.3125 0.03125 0.0453125
1 0.35390625 0.3671875 0.04140625 0.0484375
1 0.36796875 0.3453125 0.03125 0.03984375
1 0.39609375 0.32421875 0.02890625 0.04140625
1 0.465625 0.2671875 0.01484375 0.028125
3 0.45234375 0.33046875 0.01640625 0.0484375
3 0.43984375 0.30234375 0.02109375 0.03515625
3 0.62578125 0.3703125 0.0234375 0.053125
3 0.5125 0.28046875 0.01484375 0.021875
3 0.68984375 0.3859375 0.02109375 0.0515625
3 0.71015625 0.42890625 0.01875 0.0546875
3 0.68046875 0.440625 0.02890625 0.08203125
3 0.6546875 0.4546875 0.03984375 0.1
3 0.79453125 0.60390625 0.06796875 0.16796875
3 0.609375 0.31328125 0.0265625 0.06328125
3 0.603125 0.2890625 0.0125 0.028125
3 0.609375 0.275 0.01328125 0.03359375
3 0.59296875 0.27734375 0.0125 0.028125
1 0.5734375 0.2578125 0.0125 0.03515625