1 0.43125 0.56015625 0.11796875 0.16328125
1 0.41015625 0.41484375 0.05078125 0.0796875
1 0.45078125 0.37890625 0.0453125 0.06171875
1 0.49296875 0.38203125 0.0390625 0.0734375
1 0.48984375 0.340625 0.02578125 0.0546875
1 0.440625 0.33203125 0.04375 0.046875
1 0.39296875 0.3203125 0.0390625 0.04296875
1 0.35546875 0.3671875 0.05859375 0.0546875
1 0.37109375 0.34140625 0.0359375 0.04296875
1 0.86796875 0.51328125 0.12578125 0.1796875
1 0.74140625 0.37890625 0.0734375 0.11484375
1 0.584375 0.26171875 0.01875 0.0265625
1 0.5703125 0.26171875 0.0265625 0.0296875
1 0.5796875 0.24140625 0.02109375 0.0203125
3 0.8421875 0.5125 0.0390625 0.1046875
3 0.371875 0.375 0.03203125 0.053125
3 0.31171875 0.5078125 0.0765625 0.0953125
1 0.48359375 0.29140625 0.01796875 0.03671875