3 0.26015625 0.58515625 0.07578125 0.16328125
3 0.33046875 0.5125 0.05703125 0.11484375
3 0.33515625 0.384375 0.05234375 0.08203125
3 0.421875 0.43046875 0.0421875 0.0984375
3 0.4484375 0.353125 0.03203125 0.0796875
3 0.48828125 0.3234375 0.02421875 0.046875
3 0.478125 0.27734375 0.01796875 0.0453125
3 0.7265625 0.4171875 0.021875 0.06796875
3 0.7140625 0.37265625 0.01796875 0.06171875
3 0.75703125 0.40078125 0.02109375 0.05859375
3 0.7578125 0.459375 0.04140625 0.075
3 0.60078125 0.2703125 0.02109375 0.03671875
1 0.36875 0.3484375 0.034375 0.103125
1 0.390625 0.3234375 0.04140625 0.06640625
1 0.625 0.540625 0.084375 0.1546875
1 0.67734375 0.659375 0.11328125 0.24140625
1 0.79375 0.66640625 0.16484375 0.23359375
1 0.9015625 0.8734375 0.196875 0.253125
1 0.27109375 0.86484375 0.265625 0.2703125
4 0.809375 0.91015625 0.19609375 0.1796875
4 0.46328125 0.275 0.0296875 0.04296875
1 0.67578125 0.30546875 0.07109375 0.078125
1 0.5859375 0.29140625 0.0296875 0.05859375
1 0.58671875 0.265625 0.02109375 0.02890625
1 0.57421875 0.24921875 0.0125 0.0296875
1 0.62421875 0.25703125 0.02265625 0.02109375
0 0.51484375 0.24921875 0.021875 0.03984375
0 0.8703125 0.68203125 0.259375 0.5578125
3 0.5671875 0.25859375 0.01171875 0.03359375