4 0.74765625 0.38203125 0.053125 0.0703125
4 0.63125 0.26328125 0.01875 0.0296875
1 0.1359375 0.52890625 0.1515625 0.11171875
1 0.2125 0.471875 0.06875 0.11328125
1 0.2671875 0.440625 0.0765625 0.13828125
1 0.45546875 0.3984375 0.065625 0.096875
1 0.3578125 0.34453125 0.04765625 0.08203125
1 0.39453125 0.32265625 0.046875 0.06484375
1 0.5046875 0.31171875 0.0296875 0.03984375
1 0.57421875 0.309375 0.03125 0.0453125
1 0.65078125 0.45546875 0.0765625 0.11484375
1 0.8328125 0.4625 0.09375 0.11796875
1 0.88828125 0.8765625 0.19765625 0.246875
1 0.56953125 0.26171875 0.00859375 0.03984375
0 0.58671875 0.24609375 0.01875 0.0453125
3 0.63125 0.3390625 0.03203125 0.06484375
3 0.49140625 0.28203125 0.01796875 0.03671875
3 0.490625 0.26875 0.01484375 0.0265625
1 0.30625 0.9390625 0.21015625 0.121875