1 0.2375 0.79140625 0.14375 0.2265625
1 0.14296875 0.534375 0.1234375 0.10859375
1 0.32890625 0.3875 0.0578125 0.05859375
1 0.3984375 0.31953125 0.0390625 0.03203125
1 0.490625 0.34140625 0.03203125 0.046875
1 0.4859375 0.3875 0.0421875 0.05859375
1 0.58515625 0.346875 0.03125 0.05703125
1 0.63203125 0.3640625 0.0421875 0.08203125
1 0.83046875 0.45078125 0.08125 0.08828125
4 0.58359375 0.253125 0.01640625 0.03671875
4 0.38671875 0.40078125 0.02890625 0.0515625
1 0.665625 0.29609375 0.02578125 0.03203125