1 0.053125 0.703125 0.10546875 0.13984375
3 0.2875 0.57734375 0.03203125 0.075
3 0.2421875 0.5859375 0.04140625 0.08203125
1 0.38828125 0.459375 0.0625 0.09140625
1 0.86484375 0.48984375 0.103125 0.103125
2 0.628125 0.40703125 0.05078125 0.08671875
2 0.73671875 0.37265625 0.04765625 0.06484375
2 0.5765625 0.31640625 0.03203125 0.05703125
1 0.4890625 0.35 0.0359375 0.04296875
1 0.58359375 0.271875 0.028125 0.0296875
1 0.49453125 0.3046875 0.01875 0.0296875
1 0.39296875 0.32421875 0.03671875 0.03203125
1 0.35 0.36484375 0.03984375 0.03984375
1 0.37109375 0.3421875 0.03125 0.03828125
3 0.4671875 0.30390625 0.015625 0.03203125
3 0.43515625 0.38984375 0.01875 0.04296875
3 0.421875 0.33671875 0.01484375 0.0296875
3 0.621875 0.48359375 0.03984375 0.0734375