1 0.20546875 0.47421875 0.07421875 0.0953125
1 0.36015625 0.34140625 0.02890625 0.0296875
1 0.396875 0.31796875 0.0375 0.0296875
1 0.5640625 0.2765625 0.021875 0.0234375
1 0.6640625 0.284375 0.03125 0.028125
1 0.83359375 0.45390625 0.0859375 0.0953125
3 0.44453125 0.31640625 0.021875 0.05
3 0.33671875 0.3984375 0.02890625 0.06328125
3 0.578125 0.32265625 0.02890625 0.0546875
3 0.65546875 0.415625 0.03203125 0.075
3 0.7734375 0.53671875 0.04140625 0.096875
3 0.72265625 0.59921875 0.0421875 0.10859375
3 0.821875 0.81953125 0.06875 0.221875
0 0.6203125 0.2609375 0.0375 0.0515625