1 0.8359375 0.46328125 0.0953125 0.15703125
1 0.578125 0.2921875 0.03359375 0.06484375
1 0.66640625 0.29609375 0.034375 0.0453125
1 0.6359375 0.2671875 0.01796875 0.025
1 0.40078125 0.31484375 0.0703125 0.0703125
1 0.36640625 0.3359375 0.08984375 0.071875
1 0.3171875 0.3734375 0.1078125 0.11328125
1 0.14921875 0.52734375 0.1859375 0.128125
1 0.44140625 0.28359375 0.0359375 0.06328125
4 0.4578125 0.2640625 0.0390625 0.04140625
4 0.75546875 0.37578125 0.05 0.071875
4 0.61171875 0.49921875 0.0734375 0.16171875
2 0.68828125 0.43046875 0.084375 0.1453125
3 0.7515625 0.52421875 0.05546875 0.1484375
3 0.75625 0.41015625 0.03359375 0.096875