1 0.2015625 0.68515625 0.19453125 0.1796875
1 0.8453125 0.86953125 0.203125 0.2609375
1 0.8671875 0.4890625 0.09921875 0.1046875
1 0.6875 0.5125 0.084375 0.13203125
1 0.353125 0.3609375 0.034375 0.0515625
1 0.39453125 0.32265625 0.0296875 0.03828125
1 0.3703125 0.340625 0.0359375 0.03515625
1 0.45390625 0.31796875 0.03671875 0.03671875
0 0.64296875 0.3765625 0.0875 0.1234375
0 0.5890625 0.26015625 0.03125 0.0703125
1 0.60078125 0.315625 0.02421875 0.03828125
3 0.43515625 0.38359375 0.015625 0.046875
3 0.66484375 0.75 0.04140625 0.1203125