3 0.278125 0.6765625 0.06484375 0.14296875
3 0.36875 0.4734375 0.04375 0.10703125
3 0.22109375 0.8171875 0.1265625 0.178125
3 0.69765625 0.603125 0.0609375 0.15
3 0.89296875 0.6640625 0.0953125 0.171875
3 0.60078125 0.43515625 0.03359375 0.10703125
3 0.659375 0.4515625 0.0421875 0.1
3 0.6828125 0.3875 0.03125 0.1015625
3 0.59921875 0.296875 0.01328125 0.03984375
3 0.6109375 0.28984375 0.01484375 0.03671875
3 0.59296875 0.259375 0.01875 0.03515625
3 0.34375 0.39765625 0.05078125 0.06796875
3 0.30078125 0.40390625 0.028125 0.06796875
1 0.2265625 0.4890625 0.09921875 0.1453125
1 0.17421875 0.64453125 0.1453125 0.18515625
1 0.36953125 0.3484375 0.0375 0.0765625
1 0.38984375 0.3140625 0.0390625 0.08203125
1 0.50625 0.28046875 0.03671875 0.06484375
0 0.5125 0.2359375 0.03203125 0.075
4 0.46171875 0.27578125 0.028125 0.06484375
1 0.82109375 0.44140625 0.0921875 0.13359375
1 0.89453125 0.5140625 0.1234375 0.175
1 0.66875 0.296875 0.03125 0.053125