3 0.88046875 0.69140625 0.06796875 0.12421875
3 0.87265625 0.49375 0.0421875 0.0671875
3 0.74140625 0.484375 0.0421875 0.05390625
3 0.65390625 0.35078125 0.028125 0.03984375
3 0.484375 0.41484375 0.025 0.04140625
3 0.43828125 0.39296875 0.0203125 0.0421875
3 0.40546875 0.37578125 0.01484375 0.040625
3 0.4921875 0.32734375 0.0203125 0.03046875
3 0.44921875 0.321875 0.01171875 0.02265625
3 0.47265625 0.33515625 0.01640625 0.0375
2 0.31484375 0.4 0.053125 0.04609375
1 0.35078125 0.3609375 0.03515625 0.04765625
1 0.759375 0.65546875 0.13359375 0.1890625
0 0.5890625 0.28359375 0.03203125 0.06015625