3 0.26015625 0.57578125 0.046875 0.10859375
3 0.46484375 0.40390625 0.03359375 0.0515625
3 0.48125 0.46796875 0.0359375 0.046875
3 0.88203125 0.496875 0.0359375 0.0703125
1 0.3671875 0.6109375 0.09765625 0.13828125
1 0.28046875 0.42421875 0.04921875 0.078125
1 0.315625 0.38984375 0.04140625 0.0765625
1 0.35 0.35703125 0.0359375 0.06328125
1 0.365625 0.33828125 0.02578125 0.05703125
1 0.45078125 0.28203125 0.0125 0.0265625
1 0.51796875 0.28046875 0.01640625 0.025
3 0.5078125 0.3140625 0.0234375 0.03515625
3 0.696875 0.35 0.0390625 0.06328125
2 0.20078125 0.46953125 0.11015625 0.0984375