0 0.35234375 0.43671875 0.17265625 0.16328125
0 0.6671875 0.3125 0.07109375 0.06796875
3 0.36328125 0.57265625 0.06640625 0.11171875
3 0.46796875 0.40703125 0.0359375 0.0796875
3 0.4328125 0.35 0.03203125 0.0734375
3 0.4 0.353125 0.021875 0.05
1 0.4484375 0.33984375 0.04375 0.06015625
1 0.3984375 0.321875 0.02890625 0.04296875
1 0.3578125 0.3375 0.05703125 0.0484375
1 0.5125 0.25703125 0.0234375 0.03359375
1 0.66640625 0.71171875 0.13828125 0.2234375
1 0.6234375 0.5390625 0.0765625 0.11484375
1 0.5953125 0.4375 0.0546875 0.0984375
1 0.58046875 0.37578125 0.04921875 0.06484375
1 0.6171875 0.32578125 0.03125 0.04140625
1 0.6296875 0.36484375 0.0375 0.05
1 0.65625 0.40390625 0.0625 0.08203125
1 0.67578125 0.47734375 0.08203125 0.128125
1 0.740625 0.44921875 0.08203125 0.1046875
1 0.77890625 0.525 0.10546875 0.1203125
1 0.88984375 0.49140625 0.1359375 0.1296875
2 0.89765625 0.61796875 0.18671875 0.2296875
2 0.6875 0.36640625 0.07109375 0.0765625
1 0.859375 0.7890625 0.22890625 0.28203125
1 0.74609375 0.596875 0.1265625 0.1265625
1 0.75546875 0.90859375 0.2328125 0.1828125
1 0.94140625 0.96328125 0.1171875 0.07265625
4 0.5921875 0.3453125 0.04765625 0.09296875
3 0.578125 0.271875 0.01875 0.03671875