1 0.42265625 0.5640625 0.13828125 0.2046875
1 0.16484375 0.5171875 0.15234375 0.16484375
1 0.46796875 0.4 0.053125 0.08671875
1 0.49140625 0.346875 0.04921875 0.0734375
0 0.4 0.37890625 0.0953125 0.13828125
3 0.33125 0.40390625 0.021875 0.06796875
1 0.33125 0.3875 0.07578125 0.08515625
1 0.365625 0.33984375 0.0453125 0.046875
1 0.390625 0.31640625 0.05859375 0.04296875
3 0.46328125 0.3625 0.02578125 0.06796875
3 0.78125 0.61796875 0.08359375 0.1796875
3 0.59765625 0.35234375 0.034375 0.06171875
3 0.69375 0.38671875 0.04453125 0.08359375
3 0.5703125 0.2546875 0.015625 0.03671875
3 0.48359375 0.29453125 0.015625 0.03203125
1 0.47890625 0.28046875 0.01875 0.0453125
1 0.5109375 0.28671875 0.028125 0.03671875
3 0.50625 0.2625 0.028125 0.03515625
4 0.46171875 0.26953125 0.03203125 0.0453125
2 0.63359375 0.33203125 0.053125 0.06328125
2 0.6625 0.2921875 0.021875 0.03828125
2 0.8546875 0.475 0.1453125 0.1703125
2 0.63359375 0.2734375 0.021875 0.046875