0 0.4328125 0.3140625 0.07578125 0.16484375
1 0.48203125 0.2546875 0.01484375 0.05
3 0.49453125 0.2625 0.0125 0.0515625
4 0.4640625 0.2609375 0.0359375 0.05859375
1 0.85390625 0.50234375 0.1453125 0.2484375
1 0.66484375 0.2921875 0.0390625 0.0453125
1 0.6375 0.265625 0.02578125 0.0546875
1 0.359375 0.33359375 0.0453125 0.08671875
1 0.3890625 0.3 0.03671875 0.08359375
1 0.3234375 0.36171875 0.07265625 0.1296875
1 0.1609375 0.50859375 0.14921875 0.28984375
3 0.30546875 0.4015625 0.0390625 0.06640625
3 0.325 0.3875 0.0296875 0.06484375