3 0.6625 0.45078125 0.0265625 0.071875
3 0.6265625 0.3453125 0.01875 0.03671875
3 0.49375 0.35 0.015625 0.046875
3 0.43828125 0.33984375 0.0203125 0.046875
3 0.3359375 0.3953125 0.03359375 0.046875
3 0.46953125 0.31171875 0.01796875 0.03359375
1 0.825 0.4484375 0.06640625 0.08984375
1 0.8859375 0.49609375 0.096875 0.1015625
1 0.2125 0.478125 0.08671875 0.0765625
1 0.3671875 0.34296875 0.0390625 0.03671875
1 0.3953125 0.32265625 0.04140625 0.03515625
1 0.49296875 0.3125 0.03125 0.04140625
2 0.69765625 0.3734375 0.05234375 0.0796875
2 0.40234375 0.61640625 0.1109375 0.196875
1 0.66484375 0.290625 0.0296875 0.028125