1 0.86953125 0.49453125 0.0953125 0.1046875
1 0.29609375 0.634375 0.11796875 0.16171875
1 0.3515625 0.3640625 0.0359375 0.0515625
1 0.37109375 0.346875 0.03203125 0.03671875
1 0.3953125 0.32578125 0.034375 0.03515625
2 0.48671875 0.3328125 0.0359375 0.0484375
2 0.7390625 0.36796875 0.05234375 0.0734375
3 0.6203125 0.415625 0.02578125 0.05859375
3 0.73203125 0.4109375 0.0265625 0.06171875
3 0.63125 0.3703125 0.01875 0.046875
3 0.62265625 0.34453125 0.01796875 0.03515625
3 0.39765625 0.48203125 0.0234375 0.06640625
3 0.43125 0.425 0.021875 0.06015625
3 0.4484375 0.37734375 0.01640625 0.04140625
3 0.48125 0.3734375 0.02109375 0.06015625
3 0.43515625 0.34921875 0.01875 0.03828125
3 0.31015625 0.47578125 0.0203125 0.06796875
4 0.3703125 0.421875 0.04921875 0.0796875
4 0.2171875 0.46328125 0.06640625 0.08671875