1 0.27890625 0.89609375 0.2515625 0.2078125
1 0.26171875 0.61953125 0.1546875 0.16796875
1 0.3578125 0.353125 0.04765625 0.05703125
1 0.3984375 0.32890625 0.034375 0.0515625
1 0.47734375 0.35546875 0.046875 0.075
0 0.4875 0.2734375 0.0453125 0.05
3 0.33203125 0.38203125 0.0390625 0.0734375
3 0.4578125 0.30390625 0.0078125 0.0515625
3 0.621875 0.3453125 0.0234375 0.0734375
1 0.57421875 0.2671875 0.01484375 0.03515625
1 0.5703125 0.28515625 0.03984375 0.03984375
1 0.56796875 0.3234375 0.02109375 0.04296875
1 0.58515625 0.34140625 0.03984375 0.03984375
1 0.59296875 0.396875 0.03984375 0.05703125
4 0.6046875 0.4796875 0.06484375 0.13984375
1 0.6453125 0.4203125 0.04453125 0.103125
0 0.62421875 0.29296875 0.05 0.11015625
3 0.70078125 0.35078125 0.015625 0.0484375
4 0.7015625 0.440625 0.0796875 0.13203125
1 0.740625 0.5375 0.084375 0.11171875
1 0.6671875 0.62109375 0.1 0.16484375
1 0.76640625 0.45234375 0.08359375 0.11796875
1 0.8625 0.4828125 0.09921875 0.11796875
1 0.85 0.54140625 0.103125 0.11015625
2 0.8625 0.69453125 0.17890625 0.31796875
1 0.959375 0.715625 0.08125 0.28203125
1 0.83359375 0.91953125 0.2390625 0.1609375