4 0.67421875 0.503125 0.09921875 0.21015625
1 0.62109375 0.39453125 0.0703125 0.128125
1 0.87109375 0.49609375 0.11484375 0.21796875
1 0.74140625 0.36953125 0.065625 0.09140625
1 0.5765625 0.29453125 0.028125 0.0453125
3 0.59921875 0.28984375 0.02109375 0.053125
1 0.571875 0.26640625 0.0296875 0.0265625
1 0.24921875 0.53671875 0.184375 0.13671875
1 0.34921875 0.3765625 0.046875 0.08359375
1 0.36640625 0.3421875 0.05234375 0.071875
1 0.403125 0.33046875 0.04140625 0.06796875
1 0.5015625 0.29765625 0.0265625 0.0484375
4 0.45625 0.2765625 0.03125 0.04296875
1 0.4828125 0.27734375 0.01796875 0.04140625