1 0.72578125 0.86015625 0.1609375 0.2796875
1 0.64453125 0.60859375 0.0859375 0.14296875
1 0.61328125 0.4984375 0.05859375 0.08671875
1 0.6765625 0.48671875 0.06328125 0.08984375
1 0.59296875 0.42109375 0.05078125 0.06796875
1 0.64375 0.4203125 0.05078125 0.05234375
1 0.5703125 0.31875 0.021875 0.03125
1 0.58046875 0.3546875 0.02890625 0.0296875
1 0.590625 0.3796875 0.03984375 0.0453125
1 0.63125 0.378125 0.0359375 0.05234375
1 0.60625 0.31640625 0.0234375 0.03359375
1 0.6578125 0.35078125 0.03125 0.0375
1 0.6796875 0.38125 0.0359375 0.0578125
2 0.70625 0.40703125 0.04453125 0.084375
2 0.58203125 0.2703125 0.01484375 0.03359375
1 0.36875 0.34375 0.03828125 0.034375
1 0.3984375 0.32265625 0.0265625 0.03203125
3 0.39453125 0.40625 0.01953125 0.04296875
3 0.4484375 0.3375 0.0125 0.04140625
3 0.46171875 0.303125 0.0109375 0.028125
0 0.65546875 0.309375 0.04296875 0.0765625
0 0.8390625 0.5640625 0.25 0.475