1 0.153125 0.5328125 0.134375 0.13828125
1 0.46640625 0.39921875 0.05234375 0.06171875
1 0.69140625 0.65234375 0.1078125 0.18203125
1 0.84921875 0.85625 0.2046875 0.2875
1 0.6125 0.425 0.05234375 0.046875
1 0.64140625 0.47265625 0.053125 0.071875
1 0.6453125 0.534375 0.084375 0.1015625
1 0.3671875 0.340625 0.04140625 0.05859375
1 0.61015625 0.40078125 0.05078125 0.0453125
1 0.58671875 0.36171875 0.04140625 0.053125
1 0.58046875 0.3015625 0.03359375 0.046875
1 0.39921875 0.3171875 0.0359375 0.0546875
1 0.4828125 0.26328125 0.0203125 0.01640625
1 0.49140625 0.2546875 0.02421875 0.0296875
1 0.8359375 0.44140625 0.0609375 0.08984375
1 0.83984375 0.52109375 0.07109375 0.10859375
0 0.75546875 0.47578125 0.17578125 0.2484375
0 0.7484375 0.38828125 0.14453125 0.19296875
0 0.92265625 0.63359375 0.1546875 0.41640625
3 0.87265625 0.725 0.0765625 0.16328125
3 0.621875 0.29140625 0.01484375 0.046875
3 0.47734375 0.2828125 0.0125 0.04140625
1 0.52109375 0.278125 0.02109375 0.046875
2 0.5828125 0.24296875 0.0109375 0.01640625