0 0.578125 0.7515625 0.39609375 0.496875
0 0.32265625 0.325 0.27734375 0.546875
1 0.55703125 0.03359375 0.05625 0.0671875
1 0.5484375 0.08515625 0.06015625 0.07109375
1 0.53828125 0.1453125 0.0671875 0.1015625
2 0.54765625 0.31015625 0.1125 0.234375
2 0.14375 0.8078125 0.2859375 0.38359375
1 0.71875 0.440625 0.1203125 0.21875
3 0.640625 0.22421875 0.03125 0.0765625
3 0.62578125 0.31484375 0.03671875 0.1
3 0.6578125 0.365625 0.02578125 0.07421875
3 0.8234375 0.434375 0.04921875 0.103125
3 0.853125 0.3875 0.040625 0.09609375
1 0.21484375 0.1140625 0.09375 0.109375
3 0.13203125 0.12578125 0.04453125 0.06953125
1 0.4515625 0.04921875 0.05625 0.09296875