1 0.153125 0.5328125 0.15703125 0.13203125
1 0.1625 0.865625 0.325 0.26796875
1 0.4578125 0.5234375 0.0921875 0.16640625
1 0.83828125 0.45546875 0.12109375 0.1515625
1 0.6703125 0.29453125 0.03359375 0.05859375
1 0.6375 0.2734375 0.0296875 0.046875
1 0.46953125 0.321875 0.0390625 0.05703125
1 0.4515625 0.34609375 0.04921875 0.0546875
1 0.45078125 0.40078125 0.08359375 0.06171875
1 0.4 0.31796875 0.0453125 0.05703125
1 0.3640625 0.33984375 0.05859375 0.05
1 0.32734375 0.37578125 0.06640625 0.03203125
1 0.49375 0.28515625 0.02890625 0.053125
1 0.51953125 0.2703125 0.0390625 0.046875
1 0.515625 0.3296875 0.05234375 0.06015625
2 0.5046875 0.259375 0.03203125 0.0484375
2 0.69296875 0.54453125 0.1359375 0.225
4 0.465625 0.26640625 0.028125 0.05703125
3 0.571875 0.27265625 0.0265625 0.025
3 0.4890625 0.26484375 0.015625 0.0265625