1 0.14765625 0.55390625 0.14921875 0.15859375
1 0.703125 0.4484375 0.0953125 0.13984375
1 0.83125 0.465625 0.1015625 0.16171875
1 0.5890625 0.3828125 0.065625 0.128125
1 0.33046875 0.39296875 0.0734375 0.096875
1 0.3984375 0.32109375 0.06328125 0.0953125
1 0.446875 0.2796875 0.02890625 0.053125
1 0.509375 0.259375 0.02890625 0.06171875
4 0.46640625 0.265625 0.034375 0.04140625
4 0.74921875 0.36953125 0.06796875 0.08515625
1 0.66875 0.29765625 0.04375 0.04140625
1 0.5796875 0.265625 0.0234375 0.03828125
1 0.6390625 0.26640625 0.02578125 0.0265625
4 0.565625 0.28203125 0.0125 0.04296875