1 0.2859375 0.421875 0.059375 0.0625
1 0.3140625 0.39375 0.053125 0.065625
1 0.35078125 0.35859375 0.0359375 0.0421875
1 0.3703125 0.33984375 0.03671875 0.0421875
1 0.84296875 0.46484375 0.08359375 0.1015625
1 0.58359375 0.27109375 0.02109375 0.03046875
1 0.4828125 0.31171875 0.02109375 0.0421875
1 0.51171875 0.2890625 0.01640625 0.0265625
3 0.4484375 0.33203125 0.01953125 0.03203125
3 0.35390625 0.39921875 0.025 0.04296875
3 0.671875 0.37890625 0.0140625 0.04453125
2 0.215625 0.47109375 0.09453125 0.1265625