1 0.89609375 0.6546875 0.13125 0.25703125
1 0.86328125 0.4890625 0.10703125 0.13828125
1 0.57578125 0.28984375 0.0265625 0.03671875
1 0.5640625 0.275 0.015625 0.03671875
1 0.35078125 0.3609375 0.034375 0.0515625
1 0.36796875 0.334375 0.02890625 0.06484375
1 0.3921875 0.325 0.03359375 0.046875
1 0.41953125 0.30234375 0.02109375 0.03828125
1 0.48203125 0.26953125 0.01484375 0.025
2 0.45 0.346875 0.034375 0.06328125
1 0.45625 0.496875 0.06875 0.1234375
4 0.490625 0.36015625 0.03203125 0.08671875
1 0.47421875 0.31796875 0.0234375 0.04296875
5 0.50625 0.26796875 0.01875 0.0296875
3 0.640625 0.53671875 0.0421875 0.13671875
3 0.71875 0.678125 0.0625 0.19296875
3 0.784375 0.6671875 0.04453125 0.18828125
3 0.6125 0.33046875 0.01484375 0.0484375
3 0.6125 0.29453125 0.0046875 0.04140625
3 0.60078125 0.27265625 0.00546875 0.028125
3 0.59140625 0.2609375 0.0046875 0.025
3 0.30546875 0.50859375 0.03671875 0.08984375
3 0.2609375 0.4796875 0.02109375 0.08671875
3 0.23828125 0.79921875 0.12265625 0.23203125