1 0.421875 0.5125 0.0859375 0.121875
1 0.3625 0.3390625 0.02421875 0.04140625
1 0.3921875 0.32265625 0.03359375 0.03828125
1 0.47578125 0.28046875 0.02109375 0.03515625
1 0.4953125 0.30859375 0.03203125 0.03359375
1 0.87109375 0.4953125 0.11328125 0.11640625
1 0.61015625 0.340625 0.01796875 0.03515625
1 0.59609375 0.303125 0.01796875 0.0265625
1 0.57109375 0.27890625 0.01640625 0.03203125
1 0.5890625 0.25703125 0.0203125 0.0203125
0 0.646875 0.36328125 0.0703125 0.11640625
3 0.40234375 0.36640625 0.0265625 0.06328125
3 0.421875 0.39140625 0.034375 0.053125
3 0.471875 0.346875 0.03125 0.046875
3 0.5546875 0.2890625 0.01484375 0.03828125
2 0.73515625 0.37421875 0.04921875 0.071875