1 0.275 0.91953125 0.18125 0.1609375
1 0.25859375 0.6234375 0.11484375 0.14296875
1 0.8265625 0.9640625 0.16328125 0.071875
1 0.66875 0.6265625 0.096875 0.1703125
2 0.8546875 0.68203125 0.17890625 0.28984375
1 0.96171875 0.71796875 0.07578125 0.2
4 0.6046875 0.4703125 0.06484375 0.13984375
1 0.740625 0.5453125 0.07265625 0.10078125
1 0.7640625 0.47109375 0.06796875 0.078125
1 0.64453125 0.40703125 0.04765625 0.078125
2 0.5890625 0.39375 0.03671875 0.0390625
1 0.58046875 0.36796875 0.03359375 0.028125
1 0.58359375 0.34453125 0.0328125 0.02890625
2 0.57265625 0.31796875 0.028125 0.0375
1 0.36171875 0.35625 0.04609375 0.03671875
1 0.3984375 0.325 0.0328125 0.028125
1 0.4796875 0.35078125 0.0359375 0.04765625
1 0.846875 0.53203125 0.11015625 0.08671875
1 0.86875 0.48359375 0.0953125 0.1
0 0.62265625 0.29296875 0.053125 0.1