3 0.3390625 0.38046875 0.0375 0.078125
3 0.6015625 0.54609375 0.05546875 0.125
3 0.61328125 0.38359375 0.028125 0.0703125
3 0.59296875 0.253125 0.0109375 0.01640625
3 0.58125 0.25078125 0.00859375 0.01171875
3 0.5734375 0.24453125 0.01015625 0.0546875
3 0.396875 0.34609375 0.01796875 0.06484375
1 0.37109375 0.33984375 0.0625 0.0734375
1 0.3828125 0.3109375 0.0609375 0.05859375
1 0.4796875 0.265625 0.02421875 0.0453125
1 0.51015625 0.2640625 0.021875 0.03515625
1 0.58515625 0.4234375 0.05546875 0.11015625
1 0.47578125 0.36640625 0.05078125 0.09296875
1 0.6625 0.4640625 0.078125 0.10859375
1 0.7109375 0.52265625 0.10703125 0.16484375
1 0.665625 0.66015625 0.134375 0.2
1 0.7359375 0.84765625 0.19453125 0.3046875
1 0.8359375 0.75234375 0.2125 0.2796875
1 0.91328125 0.9046875 0.1734375 0.16328125
1 0.88671875 0.478125 0.14375 0.146875
3 0.86484375 0.54296875 0.053125 0.11640625
0 0.92890625 0.67890625 0.14140625 0.4453125
1 0.58515625 0.28671875 0.0203125 0.04296875
1 0.6703125 0.30546875 0.04140625 0.075