3 0.38125 0.4875 0.0375 0.08828125
3 0.3390625 0.39453125 0.015625 0.0453125
3 0.4890625 0.2609375 0.00859375 0.021875
3 0.4890625 0.278125 0.01328125 0.0265625
3 0.4984375 0.2765625 0.015625 0.03359375
3 0.62421875 0.42265625 0.028125 0.06796875
3 0.59453125 0.31328125 0.0125 0.03671875
3 0.5703125 0.2578125 0.00859375 0.025
4 0.865625 0.65234375 0.14375 0.225
1 0.81171875 0.425 0.06015625 0.11328125
1 0.8734375 0.490625 0.08984375 0.125
1 0.36171875 0.34765625 0.03125 0.04140625
1 0.39140625 0.31953125 0.03984375 0.03203125
1 0.58125 0.27421875 0.0234375 0.03203125