1 0.2109375 0.48515625 0.08125 0.08671875
3 0.2984375 0.55078125 0.03203125 0.06796875
3 0.38046875 0.55703125 0.0359375 0.0765625
3 0.44765625 0.41640625 0.028125 0.05703125
3 0.478125 0.45234375 0.02421875 0.05859375
3 0.84375 0.8265625 0.0703125 0.1703125
1 0.83125 0.45546875 0.07265625 0.0953125
1 0.603125 0.36640625 0.0453125 0.06640625
3 0.64296875 0.39296875 0.0234375 0.06015625
1 0.3671875 0.3421875 0.03984375 0.0484375
1 0.39765625 0.3234375 0.03203125 0.03671875
3 0.571875 0.28828125 0.01328125 0.0234375