2 0.91015625 0.9078125 0.1796875 0.184375
2 0.21484375 0.47109375 0.08828125 0.1
3 0.88359375 0.50234375 0.0484375 0.0796875
3 0.5984375 0.334375 0.0171875 0.0265625
3 0.64375 0.3 0.0140625 0.0296875
1 0.84921875 0.46015625 0.07421875 0.103125
1 0.153125 0.5484375 0.10625 0.0921875
1 0.28203125 0.42734375 0.0515625 0.06015625
1 0.315625 0.39140625 0.0453125 0.05546875
1 0.3515625 0.3609375 0.03046875 0.04375
1 0.37421875 0.34296875 0.0390625 0.03515625
1 0.4890625 0.31796875 0.0265625 0.04140625
1 0.63359375 0.26796875 0.0171875 0.028125