3 0.24765625 0.596875 0.05703125 0.13359375
3 0.4515625 0.57890625 0.053125 0.13203125
1 0.83046875 0.45078125 0.078125 0.08203125
2 0.2640625 0.7515625 0.20546875 0.24296875
2 0.1375 0.5359375 0.103125 0.1046875
1 0.40234375 0.459375 0.04921875 0.06796875
1 0.3546875 0.34296875 0.0578125 0.03984375
1 0.45625 0.4203125 0.02578125 0.03359375
1 0.49921875 0.34921875 0.03125 0.0546875
1 0.51328125 0.32109375 0.02578125 0.0484375
0 0.43515625 0.32421875 0.06015625 0.071875
0 0.478125 0.28359375 0.0625 0.096875