3 0.334375 0.37421875 0.04765625 0.06484375
3 0.76015625 0.55859375 0.103125 0.1703125
3 0.93984375 0.7875 0.11328125 0.20859375
1 0.46796875 0.4109375 0.0859375 0.08828125
1 0.36640625 0.45859375 0.11328125 0.11015625
1 0.47109375 0.33671875 0.065625 0.06640625
1 0.609375 0.321875 0.0703125 0.06640625
1 0.821875 0.425 0.103125 0.096875
1 0.8875 0.503125 0.1109375 0.11015625
1 0.39453125 0.31640625 0.034375 0.046875
1 0.35703125 0.3375 0.0609375 0.06796875
1 0.1046875 0.6703125 0.209375 0.2203125