3 0.26328125 0.6640625 0.03125 0.128125
3 0.290625 0.75078125 0.04375 0.128125
3 0.875 0.4984375 0.034375 0.06640625
1 0.49453125 0.378125 0.03984375 0.06015625
1 0.440625 0.4328125 0.04765625 0.078125
1 0.31953125 0.38671875 0.05703125 0.06328125
1 0.35625 0.35546875 0.03671875 0.06171875
1 0.3828125 0.328125 0.028125 0.08671875
1 0.84140625 0.465625 0.0703125 0.0953125
4 0.88671875 0.84453125 0.17265625 0.221875
1 0.48125 0.3046875 0.03359375 0.03671875
1 0.4375 0.296875 0.02578125 0.046875
1 0.49609375 0.2828125 0.0203125 0.03203125