3 0.11015625 0.8546875 0.0875 0.1875
3 0.7 0.5328125 0.03671875 0.07421875
3 0.87421875 0.49453125 0.04140625 0.07109375
3 0.425 0.44921875 0.02109375 0.05703125
3 0.40390625 0.40390625 0.02421875 0.05078125
3 0.42578125 0.384375 0.03046875 0.03828125
3 0.47578125 0.3703125 0.02578125 0.04296875
3 0.49765625 0.3125 0.015625 0.03046875
2 0.3109375 0.39609375 0.05703125 0.0578125
2 0.471875 0.32109375 0.03515625 0.04140625
3 0.653125 0.4046875 0.03359375 0.0546875
1 0.6 0.37890625 0.04609375 0.07421875
1 0.578125 0.2828125 0.0234375 0.03828125
1 0.4046875 0.32578125 0.03671875 0.03671875
1 0.35 0.36328125 0.04609375 0.0484375
1 0.37265625 0.33984375 0.03515625 0.04609375