3 0.878125 0.4953125 0.0390625 0.0734375
3 0.975 0.703125 0.05 0.125
3 0.67890625 0.44921875 0.03125 0.05703125
3 0.6328125 0.340625 0.01875 0.0359375
3 0.66328125 0.31171875 0.01328125 0.015625
3 0.48125 0.30703125 0.0203125 0.02578125
3 0.46015625 0.30859375 0.01484375 0.02890625
2 0.29921875 0.41171875 0.06640625 0.0828125
2 0.3703125 0.3453125 0.0375 0.04375
2 0.62109375 0.38984375 0.05546875 0.09140625
1 0.8 0.73046875 0.1734375 0.26015625
1 0.95234375 0.56875 0.0953125 0.096875
1 0.83046875 0.4609375 0.08515625 0.10390625
4 0.4328125 0.30546875 0.0234375 0.03671875