1 0.5203125 0.0453125 0.0578125 0.084375
1 0.50703125 0.11953125 0.06875 0.11640625
1 0.39140625 0.19609375 0.1125 0.1296875
1 0.46328125 0.4140625 0.1171875 0.25546875
1 0.2125 0.69453125 0.18125 0.43671875
2 0.4296875 0.0734375 0.06640625 0.12421875
2 0.79453125 0.1546875 0.09453125 0.1625
3 0.5703125 0.0515625 0.028125 0.05078125
3 0.54296875 0.359375 0.06015625 0.1234375
3 0.69296875 0.1875 0.040625 0.0921875
3 0.53125 0.8140625 0.08046875 0.18203125
3 0.75625 0.43515625 0.05234375 0.134375
3 0.98203125 0.5453125 0.0359375 0.14453125