1 0.70859375 0.7328125 0.14375 0.24140625
1 0.82890625 0.4546875 0.0875 0.1078125
1 0.565625 0.303125 0.025 0.04609375
1 0.6453125 0.28515625 0.021875 0.02890625
1 0.36484375 0.3515625 0.0390625 0.0421875
1 0.396875 0.32734375 0.0328125 0.046875
2 0.296875 0.4109375 0.0703125 0.07109375
0 0.5984375 0.28359375 0.02890625 0.05625
2 0.7203125 0.53125 0.103125 0.16171875
3 0.89375 0.70703125 0.0734375 0.14609375
3 0.72109375 0.43515625 0.02890625 0.053125
3 0.76875 0.39765625 0.03046875 0.046875
3 0.66328125 0.43203125 0.02734375 0.059375
3 0.67578125 0.3875 0.025 0.03984375
3 0.5984375 0.35703125 0.03515625 0.059375
3 0.48984375 0.33828125 0.01796875 0.02890625
3 0.45078125 0.3453125 0.01796875 0.03671875
3 0.40234375 0.5 0.03046875 0.06171875
3 0.32890625 0.55859375 0.05 0.07578125
3 0.45 0.55703125 0.04140625 0.0828125