3 0.8546875 0.6859375 0.07265625 0.13046875
3 0.875 0.49765625 0.04140625 0.06015625
3 0.6375 0.30703125 0.01640625 0.0296875
3 0.47734375 0.32734375 0.01953125 0.05078125
4 0.39140625 0.4765625 0.09296875 0.159375
2 0.7671875 0.7265625 0.16796875 0.2484375
2 0.64296875 0.42578125 0.07109375 0.096875
2 0.97734375 0.64375 0.0453125 0.178125
1 0.4546875 0.31328125 0.02421875 0.04140625
1 0.40546875 0.321875 0.03203125 0.05234375
1 0.36484375 0.3734375 0.046875 0.05546875
1 0.31328125 0.396875 0.05 0.059375