3 0.49296875 0.3484375 0.0234375 0.046875
3 0.6109375 0.32890625 0.02578125 0.0515625
3 0.81328125 0.53046875 0.0546875 0.078125
1 0.6640625 0.46328125 0.0890625 0.08359375
1 0.4640625 0.36953125 0.0375 0.0515625
1 0.35 0.36328125 0.04921875 0.0234375
1 0.36875 0.32734375 0.0453125 0.0515625
1 0.396875 0.3109375 0.03984375 0.05859375
1 0.4640625 0.26796875 0.0234375 0.03359375
1 0.57578125 0.2796875 0.028125 0.03671875
1 0.74140625 0.3734375 0.065625 0.0734375
1 0.85 0.4765625 0.096875 0.13359375
1 0.5890625 0.37265625 0.07109375 0.071875
1 0.575 0.321875 0.03125 0.05