0 0.3734375 0.4328125 0.1125 0.18203125
3 0.3578125 0.83515625 0.07421875 0.16640625
1 0.74453125 0.7671875 0.15234375 0.2515625
1 0.659375 0.56328125 0.0890625 0.13359375
1 0.61640625 0.453125 0.05546875 0.0765625
4 0.58515625 0.3890625 0.0390625 0.1015625
1 0.57890625 0.31640625 0.0296875 0.04296875
1 0.621875 0.3625 0.03671875 0.06484375
1 0.665625 0.390625 0.04765625 0.078125
1 0.68359375 0.44921875 0.0421875 0.075
2 0.73671875 0.5015625 0.096875 0.16015625
0 0.8875 0.67265625 0.225 0.45859375
1 0.70625 0.39296875 0.03984375 0.05703125
3 0.48203125 0.3578125 0.02109375 0.03828125
1 0.8765625 0.465625 0.0953125 0.075