1 0.17265625 0.5484375 0.1734375 0.2
1 0.32109375 0.38828125 0.0625 0.096875
1 0.353125 0.3390625 0.05234375 0.08203125
1 0.39609375 0.31640625 0.02578125 0.0765625
1 0.484375 0.26328125 0.0234375 0.05703125
1 0.8421875 0.4390625 0.14140625 0.16484375
1 0.6671875 0.303125 0.03359375 0.0734375
1 0.63984375 0.2640625 0.0390625 0.05859375
3 0.58828125 0.296875 0.0265625 0.0296875
3 0.5875 0.2625 0.01328125 0.021875
3 0.58515625 0.2421875 0.015625 0.021875
3 0.33359375 0.3859375 0.03359375 0.08203125
3 0.30546875 0.3890625 0.04453125 0.0953125