2 0.8296875 0.61953125 0.31328125 0.48515625
1 0.83203125 0.43828125 0.1 0.1234375
1 0.58203125 0.28984375 0.028125 0.03359375
1 0.56640625 0.2609375 0.02890625 0.0453125
1 0.63671875 0.26640625 0.0296875 0.0265625
1 0.6640625 0.29609375 0.0359375 0.0453125
0 0.5890625 0.25859375 0.03984375 0.053125
3 0.60078125 0.30546875 0.02890625 0.06796875
3 0.39140625 0.44609375 0.04921875 0.08515625
3 0.30546875 0.40078125 0.0359375 0.06796875
1 0.1453125 0.51484375 0.2015625 0.196875
1 0.33828125 0.3796875 0.08125 0.06640625
1 0.37734375 0.3578125 0.08125 0.071875
1 0.40390625 0.33671875 0.065625 0.0734375
1 0.484375 0.26640625 0.0296875 0.04296875
4 0.4625 0.27265625 0.0265625 0.04140625