3 0.340625 0.48984375 0.04453125 0.11640625
3 0.334375 0.37890625 0.03671875 0.06484375
3 0.4390625 0.365625 0.034375 0.0546875
3 0.46171875 0.32578125 0.0203125 0.03515625
3 0.51015625 0.340625 0.021875 0.0453125
3 0.50078125 0.37734375 0.03125 0.06171875
1 0.4625 0.446875 0.06015625 0.10703125
1 0.428125 0.39921875 0.08203125 0.06796875
1 0.3625 0.3375 0.03125 0.0546875
1 0.38828125 0.309375 0.04453125 0.05859375
0 0.43984375 0.3109375 0.06796875 0.075
0 0.4890625 0.2640625 0.0375 0.071875
1 0.4609375 0.278125 0.02578125 0.03984375
0 0.75390625 0.41640625 0.13359375 0.18359375
4 0.621875 0.434375 0.07109375 0.128125
1 0.6859375 0.440625 0.06875 0.1046875
1 0.66484375 0.2953125 0.028125 0.053125
1 0.6140625 0.534375 0.06640625 0.175
1 0.70703125 0.50703125 0.0890625 0.09296875
1 0.8875 0.49140625 0.12421875 0.1203125
1 0.93046875 0.621875 0.1390625 0.11875
1 0.77265625 0.6359375 0.14765625 0.178125
1 0.6953125 0.7625 0.13671875 0.271875
1 0.88203125 0.84921875 0.23359375 0.3015625
1 0.74375 0.9390625 0.15234375 0.121875
2 0.9484375 0.7625 0.10234375 0.33671875
3 0.76328125 0.49453125 0.06796875 0.1046875