3 0.39453125 0.440625 0.05234375 0.10859375
3 0.334375 0.38203125 0.05078125 0.06328125
3 0.6703125 0.3625 0.0234375 0.0546875
3 0.64609375 0.346875 0.02421875 0.06015625
3 0.62421875 0.32109375 0.0296875 0.05859375
3 0.5953125 0.6921875 0.065625 0.2046875
3 0.56796875 0.52109375 0.065625 0.125
1 0.575 0.2453125 0.0109375 0.0296875
1 0.58828125 0.2609375 0.015625 0.04140625
1 0.6703125 0.29140625 0.034375 0.05
1 0.65078125 0.459375 0.06328125 0.10859375
1 0.71484375 0.503125 0.07890625 0.16640625
1 0.80546875 0.52265625 0.1125 0.13203125
1 0.88359375 0.48828125 0.0921875 0.1296875
1 0.625 0.540625 0.08671875 0.1015625
1 0.64921875 0.6453125 0.16796875 0.19296875
1 0.73984375 0.82421875 0.2234375 0.3515625
1 0.83046875 0.7359375 0.18984375 0.246875
1 0.9125 0.85 0.175 0.3
0 0.928125 0.64765625 0.14375 0.46015625
1 0.46484375 0.27265625 0.03671875 0.03203125
1 0.3984375 0.32734375 0.04375 0.0515625
1 0.3640625 0.3328125 0.03984375 0.06484375
2 0.45078125 0.5671875 0.1390625 0.2046875