3 0.42890625 0.51953125 0.0546875 0.15859375
3 0.44453125 0.334375 0.0203125 0.05859375
3 0.484375 0.2921875 0.01875 0.028125
1 0.22734375 0.49453125 0.11875 0.121875
1 0.36171875 0.340625 0.03671875 0.078125
1 0.3953125 0.32890625 0.0296875 0.06171875
1 0.49609375 0.32265625 0.03125 0.0484375
1 0.46015625 0.30859375 0.0296875 0.03671875
1 0.5109375 0.2734375 0.01640625 0.04296875
1 0.5984375 0.33359375 0.0421875 0.06015625
1 0.83984375 0.4421875 0.103125 0.125
0 0.56640625 0.23671875 0.02421875 0.046875
1 0.6625 0.2953125 0.03125 0.05703125