2 0.29609375 0.4140625 0.059375 0.0671875
1 0.82265625 0.83515625 0.19765625 0.3296875
1 0.828125 0.459375 0.06875 0.078125
1 0.759375 0.421875 0.06640625 0.07578125
1 0.57578125 0.29375 0.0296875 0.0359375
1 0.48984375 0.34921875 0.0359375 0.04453125
1 0.44453125 0.4125 0.0515625 0.05703125
1 0.37421875 0.4984375 0.0609375 0.10546875
1 0.36484375 0.346875 0.04375 0.0390625
3 0.4296875 0.3390625 0.02421875 0.03671875
3 0.871875 0.490625 0.0453125 0.08046875
3 0.7640625 0.45078125 0.04140625 0.0734375
3 0.6546875 0.32578125 0.01796875 0.03828125
3 0.60859375 0.32265625 0.01953125 0.040625
4 0.43984375 0.5 0.07421875 0.11875
4 0.68828125 0.4640625 0.0765625 0.1640625
3 0.96171875 0.8546875 0.0765625 0.209375
0 0.58203125 0.24296875 0.015625 0.03125
0 0.49296875 0.26796875 0.04140625 0.0515625