3 0.76640625 0.8421875 0.11484375 0.24140625
1 0.8734375 0.49140625 0.13046875 0.15
1 0.74453125 0.3859375 0.0765625 0.121875
0 0.60078125 0.303125 0.046875 0.1265625
1 0.56953125 0.265625 0.01328125 0.04140625
1 0.571875 0.29453125 0.015625 0.0515625
1 0.46640625 0.32734375 0.05 0.06484375
4 0.45390625 0.2921875 0.034375 0.05859375
1 0.4 0.325 0.04921875 0.05
1 0.36953125 0.33984375 0.03203125 0.03984375
1 0.34921875 0.36953125 0.0375 0.06484375
1 0.4 0.3890625 0.05234375 0.078125
1 0.4328125 0.46796875 0.08671875 0.11640625
3 0.50859375 0.2796875 0.02578125 0.03984375
3 0.4921875 0.28671875 0.028125 0.05703125