1 0.82265625 0.434375 0.084375 0.11796875
1 0.8890625 0.4953125 0.1234375 0.16640625
1 0.67578125 0.3078125 0.05078125 0.078125
1 0.6359375 0.29140625 0.0234375 0.053125
2 0.4875 0.3484375 0.0390625 0.0765625
2 0.34140625 0.42109375 0.09140625 0.1453125
1 0.365625 0.334375 0.04140625 0.06171875
1 0.4 0.3140625 0.0453125 0.06171875
1 0.44921875 0.41015625 0.06015625 0.103125
3 0.46015625 0.3359375 0.0234375 0.05859375
3 0.45625 0.3078125 0.03671875 0.05859375
3 0.69140625 0.3890625 0.03671875 0.08828125
3 0.63671875 0.33671875 0.034375 0.06015625
4 0.58359375 0.2765625 0.0421875 0.053125
0 0.49453125 0.2640625 0.046875 0.0953125
1 0.51328125 0.2984375 0.0296875 0.06015625
0 0.58125 0.23671875 0.03671875 0.05703125