1 0.675 0.31484375 0.04453125 0.0703125
1 0.6625 0.278125 0.02109375 0.04296875
1 0.81875 0.43828125 0.09375 0.11640625
1 0.88046875 0.496875 0.103125 0.1
1 0.43671875 0.3125 0.053125 0.06796875
1 0.3921875 0.3171875 0.04375 0.0484375
1 0.36796875 0.3421875 0.0359375 0.05859375
0 0.5078125 0.26328125 0.04375 0.0765625
4 0.45546875 0.2609375 0.03671875 0.03515625
3 0.334375 0.39453125 0.04375 0.075
3 0.303125 0.415625 0.04765625 0.06484375
3 0.58203125 0.271875 0.0125 0.03984375
3 0.5875 0.25546875 0.0125 0.04140625