1 0.325 0.91640625 0.18125 0.16328125
1 0.88515625 0.49765625 0.09140625 0.1046875
1 0.8265625 0.4453125 0.07578125 0.0703125
1 0.66640625 0.3046875 0.0265625 0.03359375
1 0.5796875 0.27578125 0.0234375 0.025
1 0.49296875 0.3484375 0.03125 0.03671875
1 0.50859375 0.30859375 0.0265625 0.03359375
1 0.396875 0.32109375 0.03359375 0.04140625
1 0.36796875 0.34140625 0.03359375 0.04296875
1 0.425 0.3078125 0.03125 0.03203125
0 0.45859375 0.3234375 0.0453125 0.0796875
0 0.13984375 0.7125 0.2796875 0.440625
3 0.3375 0.4 0.02578125 0.0296875