1 0.14375 0.50859375 0.15546875 0.13984375
1 0.3171875 0.38828125 0.0453125 0.11015625
1 0.36328125 0.3453125 0.04453125 0.0796875
1 0.3953125 0.3328125 0.034375 0.08515625
1 0.43046875 0.31796875 0.046875 0.0734375
1 0.490625 0.3484375 0.046875 0.096875
1 0.50625 0.29296875 0.028125 0.046875
1 0.4984375 0.27578125 0.021875 0.04140625
1 0.496875 0.2609375 0.0203125 0.03203125
1 0.4796875 0.26171875 0.028125 0.03671875
4 0.4625 0.2640625 0.02421875 0.0453125
3 0.33046875 0.38984375 0.04140625 0.06640625
3 0.30078125 0.38984375 0.04140625 0.1
3 0.596875 0.29296875 0.02421875 0.06015625
1 0.828125 0.45234375 0.165625 0.15859375
1 0.66875 0.29765625 0.03671875 0.05859375
1 0.63984375 0.275 0.0359375 0.03984375
4 0.63046875 0.26015625 0.02421875 0.05