3 0.8765625 0.49375 0.04453125 0.0734375
3 0.828125 0.61484375 0.0765625 0.11484375
3 0.759375 0.7640625 0.075 0.16328125
3 0.67734375 0.671875 0.05546875 0.1359375
3 0.75234375 0.58359375 0.0609375 0.09296875
3 0.63984375 0.48046875 0.05078125 0.08046875
3 0.6734375 0.409375 0.0328125 0.05
3 0.61796875 0.37265625 0.025 0.06328125
3 0.590625 0.3765625 0.028125 0.0578125
3 0.60234375 0.303125 0.02578125 0.03125
3 0.48828125 0.42265625 0.0375 0.0578125
0 0.14765625 0.68359375 0.29453125 0.6328125
1 0.46484375 0.54296875 0.08828125 0.12890625
1 0.840625 0.45859375 0.0703125 0.12265625
1 0.28125 0.4203125 0.0609375 0.05390625
1 0.3125 0.390625 0.0546875 0.05390625
1 0.353125 0.365625 0.03359375 0.05
1 0.3796875 0.346875 0.040625 0.065625
1 0.50703125 0.3 0.025 0.0390625
4 0.46953125 0.37265625 0.0515625 0.07109375