1 0.1671875 0.52734375 0.24921875 0.19140625
1 0.74375 0.74453125 0.16328125 0.28828125
1 0.7453125 0.55 0.09453125 0.16640625
1 0.834375 0.45859375 0.0875 0.146875
1 0.62421875 0.28828125 0.02890625 0.06328125
1 0.41015625 0.31328125 0.0609375 0.03671875
1 0.37734375 0.33203125 0.03671875 0.06328125
1 0.48046875 0.25703125 0.01796875 0.0296875
5 0.35625 0.3484375 0.0625 0.13671875
3 0.4 0.3515625 0.015625 0.06328125
3 0.428125 0.31328125 0.01796875 0.046875
3 0.4953125 0.27890625 0.01015625 0.0453125
3 0.63984375 0.3703125 0.034375 0.096875
3 0.91875 0.846875 0.08671875 0.203125
0 0.92578125 0.675 0.14765625 0.4703125
0 0.571875 0.26015625 0.034375 0.05703125
2 0.653125 0.5359375 0.09921875 0.21484375
2 0.6140625 0.44140625 0.084375 0.146875