3 0.340625 0.39140625 0.034375 0.0703125
3 0.3 0.41015625 0.02890625 0.053125
3 0.59375 0.2875 0.021875 0.04140625
3 0.571875 0.29609375 0.021875 0.0484375
1 0.825 0.4203125 0.08984375 0.13984375
1 0.89375 0.4921875 0.096875 0.1484375
1 0.6140625 0.4125 0.06640625 0.11796875
1 0.66796875 0.29140625 0.028125 0.053125
4 0.62421875 0.2640625 0.01796875 0.0546875
0 0.47578125 0.28984375 0.04453125 0.1203125
1 0.396875 0.32421875 0.0359375 0.0515625
1 0.3703125 0.340625 0.04453125 0.06484375
0 0.58515625 0.23515625 0.03125 0.053125
1 0.20703125 0.49140625 0.13359375 0.16328125