3 0.50859375 0.26875 0.0109375 0.02265625
3 0.878125 0.49296875 0.0390625 0.0578125
0 0.803125 0.7484375 0.346875 0.503125
0 0.95 0.6765625 0.1 0.40546875
0 0.8078125 0.5703125 0.22421875 0.334375
0 0.57734375 0.25390625 0.0171875 0.03984375
4 0.571875 0.2921875 0.0203125 0.03671875
2 0.40703125 0.32421875 0.0375 0.05390625
2 0.296875 0.41171875 0.0765625 0.06953125
1 0.4890625 0.29921875 0.0328125 0.040625
1 0.62265625 0.31875 0.02265625 0.04375
1 0.05625 0.6875 0.1125 0.13515625
1 0.365625 0.34609375 0.0328125 0.04375
1 0.83359375 0.45234375 0.08203125 0.109375