1 0.64921875 0.46796875 0.06796875 0.1265625
1 0.6046875 0.38359375 0.06484375 0.08984375
1 0.58125 0.325 0.02578125 0.06328125
3 0.61171875 0.3359375 0.01328125 0.05859375
1 0.7328125 0.37421875 0.07578125 0.125
1 0.86484375 0.49453125 0.103125 0.13828125
3 0.81640625 0.5296875 0.078125 0.1296875
1 0.46328125 0.3921875 0.0609375 0.11171875
3 0.50390625 0.34609375 0.02890625 0.075
4 0.4640625 0.27890625 0.01640625 0.03515625
1 0.4859375 0.27421875 0.0359375 0.06484375
1 0.39453125 0.33046875 0.03125 0.0546875
1 0.36796875 0.33984375 0.03984375 0.05
1 0.35234375 0.36328125 0.05703125 0.06015625
1 0.578125 0.2765625 0.021875 0.05
0 0.5828125 0.24453125 0.02421875 0.0453125
4 0.62734375 0.2609375 0.021875 0.025
1 0.0890625 0.93125 0.178125 0.1375