1 0.36171875 0.5890625 0.13984375 0.16484375
1 0.1421875 0.5421875 0.13828125 0.14140625
1 0.21484375 0.48203125 0.1109375 0.1
1 0.4171875 0.43828125 0.06484375 0.10703125
1 0.57578125 0.3234375 0.02890625 0.06015625
1 0.58515625 0.28828125 0.028125 0.053125
1 0.571875 0.2640625 0.01328125 0.03515625
1 0.66640625 0.3015625 0.03203125 0.053125
1 0.8296875 0.478125 0.09375 0.13984375
4 0.75546875 0.38359375 0.0453125 0.08984375
1 0.365625 0.34453125 0.04375 0.06484375
1 0.39140625 0.32890625 0.03359375 0.0546875
1 0.5125 0.2953125 0.01796875 0.03671875
1 0.5046875 0.2796875 0.015625 0.03671875
3 0.41875 0.38203125 0.0296875 0.0734375
3 0.35546875 0.4609375 0.04140625 0.078125
3 0.34453125 0.40546875 0.046875 0.08203125