1 0.14921875 0.53359375 0.11875 0.1
1 0.815625 0.90859375 0.196875 0.1828125
1 0.69140625 0.68515625 0.11328125 0.18984375
1 0.8515625 0.75546875 0.1703125 0.23203125
3 0.32109375 0.44453125 0.0234375 0.04140625
3 0.6609375 0.5171875 0.0734375 0.10859375
3 0.79375 0.609375 0.04921875 0.071875
3 0.74140625 0.503125 0.0453125 0.06015625
1 0.678125 0.4265625 0.05703125 0.0703125
2 0.615625 0.42734375 0.0546875 0.0953125
2 0.596875 0.36640625 0.04375 0.0734375
0 0.9125 0.57421875 0.175 0.26171875
1 0.37265625 0.34140625 0.021875 0.03671875
1 0.39765625 0.328125 0.02578125 0.03984375
3 0.45 0.3484375 0.02109375 0.03984375
3 0.490625 0.3109375 0.015625 0.028125