4 0.66796875 0.60078125 0.1078125 0.2015625
0 0.87265625 0.75859375 0.2546875 0.4828125
1 0.446875 0.63671875 0.11796875 0.15
1 0.30390625 0.571875 0.11015625 0.10703125
1 0.15703125 0.525 0.11875 0.09296875
1 0.49375 0.4015625 0.0625 0.05703125
1 0.3234375 0.39296875 0.06640625 0.0703125
1 0.35625 0.35390625 0.05078125 0.0484375
1 0.4 0.321875 0.0421875 0.05
3 0.45703125 0.32578125 0.0265625 0.03515625
3 0.46953125 0.30859375 0.01796875 0.0265625
3 0.49296875 0.290625 0.01015625 0.025
3 0.48515625 0.284375 0.00859375 0.028125
3 0.4640625 0.2890625 0.015625 0.025
1 0.62734375 0.27109375 0.0203125 0.03203125