3 0.56484375 0.27421875 0.01796875 0.04140625
3 0.58359375 0.2671875 0.01640625 0.03515625
3 0.578125 0.25078125 0.01328125 0.021875
2 0.23359375 0.6953125 0.29765625 0.33671875
4 0.21328125 0.45390625 0.07578125 0.11484375
2 0.51171875 0.29921875 0.0421875 0.05859375
0 0.50859375 0.2640625 0.04140625 0.0484375
1 0.41796875 0.3328125 0.04921875 0.08515625
1 0.3546875 0.3765625 0.046875 0.08671875
1 0.3703125 0.3515625 0.05078125 0.06328125
1 0.6046875 0.27890625 0.028125 0.071875
1 0.86875 0.5 0.13203125 0.1703125
4 0.6265625 0.2640625 0.028125 0.0484375