3 0.8421875 0.47421875 0.0453125 0.128125
3 0.86875 0.66484375 0.08125 0.11328125
3 0.85859375 0.8890625 0.08125 0.128125
3 0.6515625 0.38046875 0.07109375 0.09453125
4 0.1359375 0.10703125 0.10703125 0.1484375
0 0.225 0.56015625 0.40859375 0.784375
0 0.53984375 0.7625 0.4359375 0.475
0 0.55078125 0.04453125 0.1015625 0.0890625
1 0.44375 0.07578125 0.096875 0.11953125
1 0.56484375 0.09609375 0.071875 0.0796875
1 0.5453125 0.15703125 0.06640625 0.09140625
1 0.53125 0.21171875 0.08046875 0.090625
2 0.50546875 0.36640625 0.1421875 0.246875