1 0.8234375 0.459375 0.1703125 0.2015625
1 0.67578125 0.3015625 0.06484375 0.09296875
1 0.63359375 0.26796875 0.046875 0.03984375
1 0.584375 0.23984375 0.028125 0.03671875
1 0.4078125 0.4078125 0.0796875 0.08828125
1 0.31953125 0.48828125 0.12421875 0.153125
1 0.159375 0.54921875 0.13046875 0.16796875
1 0.33828125 0.3796875 0.07890625 0.08359375
1 0.35625 0.33359375 0.06484375 0.11015625
1 0.37890625 0.3046875 0.0609375 0.11015625
4 0.43359375 0.30390625 0.03359375 0.06484375
4 0.4625 0.26328125 0.02890625 0.053125
1 0.49296875 0.2546875 0.01640625 0.04296875
3 0.5953125 0.32578125 0.04765625 0.075
3 0.325 0.4078125 0.06328125 0.0546875