3 0.8765625 0.49609375 0.03515625 0.06484375
3 0.4453125 0.38359375 0.0265625 0.04609375
3 0.3828125 0.38359375 0.02890625 0.04296875
1 0.6375 0.27109375 0.0234375 0.03046875
1 0.84765625 0.46796875 0.08125 0.1015625
1 0.4796875 0.30703125 0.01640625 0.02578125
1 0.375 0.34375 0.0328125 0.03984375
1 0.35703125 0.35546875 0.04296875 0.04921875
1 0.31484375 0.39375 0.05 0.05625
1 0.28046875 0.421875 0.065625 0.0625
2 0.20703125 0.46953125 0.10625 0.11796875
3 0.50390625 0.28046875 0.00859375 0.0265625
3 0.48828125 0.33125 0.03203125 0.05234375