1 0.6546875 0.5765625 0.1015625 0.1765625
1 0.5875 0.34609375 0.03359375 0.0484375
1 0.58828125 0.2828125 0.01796875 0.03203125
1 0.86953125 0.48828125 0.0890625 0.08984375
1 0.36875 0.34453125 0.0296875 0.03515625
2 0.27890625 0.42578125 0.0765625 0.08828125
3 0.39453125 0.4125 0.03203125 0.03828125
3 0.4796875 0.365625 0.01484375 0.03515625
3 0.46953125 0.3390625 0.0125 0.03515625
0 0.49296875 0.27578125 0.03203125 0.0546875
4 0.40703125 0.31484375 0.0265625 0.046875
0 0.89453125 0.7734375 0.21015625 0.453125