1 0.1515625 0.58671875 0.1359375 0.16015625
1 0.2171875 0.47734375 0.08203125 0.10859375
1 0.365625 0.34453125 0.0390625 0.06796875
1 0.3953125 0.328125 0.03203125 0.06328125
1 0.83125 0.45078125 0.07890625 0.128125
1 0.671875 0.29453125 0.0359375 0.0515625
3 0.6953125 0.42890625 0.034375 0.08515625
3 0.47734375 0.3265625 0.034375 0.03671875
3 0.45703125 0.3015625 0.0203125 0.03671875
3 0.48359375 0.2828125 0.01875 0.025
3 0.3421875 0.3953125 0.0359375 0.0734375
4 0.58515625 0.25 0.015625 0.03359375