1 0.8421875 0.471875 0.1 0.146875
1 0.6703125 0.3109375 0.0453125 0.08515625
1 0.65078125 0.284375 0.05078125 0.06171875
4 0.63671875 0.26171875 0.04375 0.03671875
4 0.75859375 0.36796875 0.084375 0.1
3 0.59296875 0.265625 0.01875 0.0375
3 0.5890625 0.25 0.01796875 0.03984375
3 0.49453125 0.359375 0.02890625 0.05859375
3 0.4703125 0.3765625 0.01640625 0.0640625
3 0.48671875 0.396875 0.0296875 0.0765625
3 0.38125 0.540625 0.0796875 0.13203125
3 0.28828125 0.67890625 0.07421875 0.11328125
3 0.36953125 0.671875 0.1015625 0.10859375
3 0.47890625 0.28671875 0.01953125 0.0359375
3 0.47734375 0.3203125 0.01875 0.04296875
3 0.50546875 0.265625 0.0171875 0.0421875
1 0.515625 0.2859375 0.0375 0.06171875
1 0.5 0.31015625 0.0390625 0.0765625
1 0.39140625 0.31953125 0.053125 0.078125
1 0.3390625 0.38828125 0.10703125 0.1234375
1 0.15546875 0.54140625 0.17421875 0.1734375
1 0.31796875 0.88984375 0.184375 0.2203125
3 0.1265625 0.8078125 0.134375 0.26796875