5 0.5828125 0.32265625 0.046875 0.08203125
2 0.13828125 0.52421875 0.13125 0.121875
1 0.3296875 0.39453125 0.0546875 0.0546875
1 0.36953125 0.34453125 0.0546875 0.0484375
1 0.4 0.3203125 0.02890625 0.05703125
1 0.4921875 0.334375 0.03203125 0.05859375
1 0.48515625 0.27265625 0.02109375 0.03203125
1 0.43828125 0.4296875 0.05078125 0.08359375
1 0.67421875 0.490625 0.08203125 0.09140625
1 0.821875 0.45703125 0.07109375 0.1
1 0.81875 0.82109375 0.165625 0.3046875
1 0.63515625 0.2671875 0.0203125 0.03828125
0 0.58046875 0.23671875 0.0265625 0.0265625
0 0.59296875 0.2703125 0.02109375 0.03671875
1 0.57265625 0.2625 0.015625 0.025
3 0.61796875 0.325 0.01328125 0.04296875