1 0.821875 0.44609375 0.08203125 0.13828125
1 0.8890625 0.4984375 0.10546875 0.153125
1 0.63828125 0.27734375 0.0265625 0.05859375
1 0.6671875 0.3078125 0.04453125 0.06171875
1 0.40078125 0.32578125 0.0453125 0.06484375
1 0.35625 0.3453125 0.053125 0.06015625
3 0.3984375 0.45078125 0.0859375 0.13828125
3 0.309375 0.40078125 0.05234375 0.0953125
3 0.59765625 0.2734375 0.01640625 0.046875
3 0.5796875 0.27109375 0.0046875 0.0453125
4 0.56640625 0.2640625 0.028125 0.06796875
4 0.46015625 0.27109375 0.01875 0.075