1 0.371875 0.3625 0.1078125 0.19609375
1 0.4234375 0.19609375 0.08828125 0.1296875
1 0.45390625 0.1 0.07421875 0.096875
1 0.46015625 0.0359375 0.06171875 0.05859375
1 0.52265625 0.17421875 0.084375 0.09296875
1 0.6984375 0.91328125 0.225 0.1734375
2 0.7984375 0.1453125 0.09140625 0.1515625
2 0.55 0.07734375 0.06796875 0.125
2 0.38828125 0.525 0.1875 0.3046875
1 0.91484375 0.578125 0.1703125 0.38671875
3 0.91640625 0.8671875 0.1671875 0.2625
3 0.70625 0.02265625 0.04140625 0.04453125
4 0.62109375 0.41640625 0.20859375 0.446875
0 0.2546875 0.82890625 0.509375 0.3421875
0 0.22890625 0.0640625 0.1578125 0.128125