1 0.67421875 0.47421875 0.14453125 0.2046875
1 0.82578125 0.4421875 0.11640625 0.128125
1 0.8921875 0.4921875 0.1078125 0.0953125
1 0.66484375 0.28984375 0.04921875 0.05703125
1 0.38515625 0.5484375 0.16015625 0.1765625
1 0.37109375 0.35234375 0.05078125 0.078125
1 0.3984375 0.315625 0.05859375 0.08203125
1 0.45390625 0.3 0.0359375 0.04296875
1 0.51015625 0.28828125 0.028125 0.06640625
1 0.4890625 0.37890625 0.04921875 0.11796875
1 0.43125 0.37578125 0.05 0.075
3 0.37421875 0.43203125 0.05 0.08671875
3 0.50234375 0.35859375 0.03984375 0.05703125
3 0.56796875 0.26796875 0.01796875 0.0265625
3 0.346875 0.7796875 0.12421875 0.21640625
0 0.59375 0.25 0.02890625 0.0765625