1 0.87109375 0.490625 0.08671875 0.0953125
2 0.7390625 0.37109375 0.05234375 0.06796875
1 0.40625 0.54765625 0.08359375 0.125
1 0.23828125 0.56328125 0.14140625 0.10703125
1 0.35078125 0.36171875 0.04140625 0.05
3 0.42734375 0.4578125 0.03125 0.05859375
3 0.4171875 0.4046875 0.02890625 0.05
3 0.4515625 0.396875 0.0203125 0.053125
3 0.4234375 0.3578125 0.01484375 0.03828125
1 0.59921875 0.38359375 0.046875 0.0703125
3 0.27109375 0.659375 0.053125 0.0953125
3 0.17265625 0.85078125 0.08203125 0.128125
1 0.39609375 0.321875 0.03671875 0.03984375
1 0.49921875 0.2859375 0.0203125 0.03203125
3 0.4734375 0.31015625 0.0109375 0.0296875
3 0.5 0.3203125 0.01484375 0.03671875