3 0.3328125 0.5453125 0.0546875 0.13671875
3 0.340625 0.38515625 0.0296875 0.0796875
3 0.40234375 0.3734375 0.028125 0.0703125
3 0.484375 0.26796875 0.01484375 0.053125
3 0.49375 0.2546875 0.01796875 0.06015625
3 0.590625 0.29296875 0.0203125 0.05
4 0.47890625 0.33203125 0.0390625 0.11015625
1 0.3703125 0.33515625 0.06484375 0.053125
1 0.3984375 0.3109375 0.04921875 0.06796875
1 0.44453125 0.45703125 0.1 0.146875
1 0.2125 0.48515625 0.08671875 0.1734375
1 0.82265625 0.45234375 0.0953125 0.15859375
1 0.896875 0.51328125 0.11640625 0.13671875
1 0.6625 0.29765625 0.0421875 0.078125