3 0.9203125 0.78984375 0.0921875 0.28359375
5 0.68125 0.48046875 0.096875 0.221875
1 0.86796875 0.509375 0.134375 0.171875
3 0.61640625 0.365625 0.03359375 0.08203125
3 0.61875 0.34140625 0.0125 0.046875
1 0.7421875 0.3796875 0.07265625 0.10703125
1 0.58515625 0.2515625 0.01796875 0.0203125
2 0.41953125 0.70390625 0.14453125 0.2453125
1 0.49140625 0.3859375 0.046875 0.06171875
3 0.50234375 0.3484375 0.0234375 0.053125
3 0.46875 0.3484375 0.01640625 0.05
3 0.4484375 0.36640625 0.01328125 0.04296875
1 0.44453125 0.3515625 0.0453125 0.06640625
1 0.41015625 0.40546875 0.06875 0.075
5 0.50078125 0.26796875 0.01328125 0.04296875
1 0.50859375 0.296875 0.021875 0.04296875
1 0.0515625 0.6671875 0.103125 0.16796875
4 0.21796875 0.4671875 0.10234375 0.11171875
1 0.35234375 0.365625 0.03984375 0.06484375
1 0.3703125 0.3390625 0.0421875 0.03828125
1 0.4046875 0.328125 0.0546875 0.053125