3 0.3484375 0.54296875 0.03671875 0.153125
3 0.41328125 0.35546875 0.02578125 0.0546875
3 0.43984375 0.3859375 0.03203125 0.071875
4 0.47890625 0.3296875 0.05234375 0.0703125
4 0.4640625 0.259375 0.02421875 0.0515625
4 0.6296875 0.259375 0.0265625 0.03828125
1 0.834375 0.43984375 0.1109375 0.1234375
1 0.51171875 0.3140625 0.0421875 0.06484375
1 0.47734375 0.43515625 0.0859375 0.1
1 0.4046875 0.31796875 0.0421875 0.0796875
1 0.36796875 0.34296875 0.04921875 0.0734375
1 0.46640625 0.28046875 0.0234375 0.03828125
1 0.15546875 0.5203125 0.17109375 0.146875