3 0.15703125 0.8921875 0.078125 0.175
3 0.65859375 0.4171875 0.021875 0.05859375
1 0.88125 0.49921875 0.096875 0.0953125
1 0.82890625 0.44609375 0.06328125 0.078125
1 0.3640625 0.33984375 0.03671875 0.03984375
1 0.39453125 0.321875 0.0296875 0.0296875
1 0.4875 0.2953125 0.02109375 0.0296875
1 0.665625 0.2921875 0.0234375 0.028125
4 0.6109375 0.2921875 0.0234375 0.03203125
4 0.3453125 0.64140625 0.09921875 0.1796875
3 0.38671875 0.42578125 0.02109375 0.06171875
3 0.440625 0.35859375 0.015625 0.04296875
3 0.4578125 0.328125 0.01640625 0.03671875
3 0.33984375 0.3921875 0.02578125 0.0453125