3 0.91171875 0.878125 0.0765625 0.1875
3 0.8734375 0.503125 0.0375 0.0828125
3 0.67578125 0.428125 0.02890625 0.06171875
3 0.659375 0.353125 0.0171875 0.03203125
3 0.6375 0.32421875 0.0203125 0.03046875
3 0.47421875 0.30859375 0.015625 0.02578125
3 0.44765625 0.3390625 0.01640625 0.0265625
3 0.45078125 0.309375 0.021875 0.03046875
1 0.36640625 0.54296875 0.09296875 0.15078125
1 0.80390625 0.89765625 0.221875 0.2046875
1 0.46171875 0.371875 0.0375 0.04921875
1 0.40234375 0.33046875 0.02734375 0.03984375
1 0.5078125 0.28984375 0.025 0.03828125
1 0.35390625 0.3609375 0.0328125 0.03671875
1 0.36875 0.3546875 0.03515625 0.0484375
0 0.49609375 0.259375 0.028125 0.05546875