1 0.68203125 0.56796875 0.1 0.16015625
1 0.309375 0.390625 0.04765625 0.0546875
1 0.34765625 0.36171875 0.03671875 0.046875
1 0.3671875 0.3390625 0.03359375 0.03828125
1 0.39921875 0.31796875 0.02890625 0.03984375
1 0.45078125 0.2859375 0.0234375 0.025
1 0.58359375 0.3375 0.0375 0.028125
1 0.60859375 0.325 0.02421875 0.03359375
1 0.59921875 0.4 0.046875 0.08359375
3 0.778125 0.55078125 0.04375 0.08515625
3 0.875 0.50390625 0.03359375 0.0515625
3 0.665625 0.34296875 0.02578125 0.0296875
4 0.57265625 0.27734375 0.0203125 0.021875
0 0.275 0.59609375 0.26015625 0.36796875