3 0.88046875 0.49609375 0.03671875 0.08203125
3 0.6578125 0.48046875 0.0328125 0.08984375
3 0.69140625 0.45390625 0.03671875 0.0625
3 0.70859375 0.37265625 0.02890625 0.0515625
3 0.4578125 0.32578125 0.025 0.03671875
1 0.84296875 0.46484375 0.08359375 0.08515625
1 0.665625 0.28984375 0.0390625 0.03125
1 0.4125 0.49296875 0.0859375 0.08828125
1 0.1515625 0.5421875 0.096875 0.10390625
1 0.27734375 0.41640625 0.06015625 0.078125
1 0.3140625 0.39609375 0.04609375 0.05546875
1 0.36640625 0.34453125 0.0375 0.04140625
2 0.21953125 0.47421875 0.0953125 0.08828125
2 0.61796875 0.35 0.0453125 0.07265625