4 0.4640625 0.26640625 0.0203125 0.03984375
1 0.41796875 0.2984375 0.03203125 0.05703125
1 0.40234375 0.32578125 0.03984375 0.075
1 0.3765625 0.34921875 0.05703125 0.06796875
1 0.33984375 0.384375 0.07265625 0.08515625
1 0.15703125 0.51640625 0.2125 0.18671875
1 0.85 0.471875 0.1578125 0.13984375
1 0.6703125 0.30234375 0.03671875 0.05859375
1 0.6359375 0.26640625 0.03125 0.04296875
1 0.578125 0.24140625 0.0234375 0.0265625
3 0.69921875 0.40390625 0.07421875 0.1015625
3 0.63984375 0.33828125 0.05859375 0.08671875
3 0.32890625 0.390625 0.028125 0.0515625
1 0.51015625 0.284375 0.0546875 0.071875