3 0.8390625 0.65234375 0.06796875 0.1515625
3 0.884375 0.5 0.0359375 0.053125
3 0.59921875 0.28359375 0.015625 0.03984375
3 0.5859375 0.2734375 0.03359375 0.053125
0 0.42421875 0.37421875 0.06796875 0.10859375
2 0.6890625 0.52890625 0.103125 0.15859375
2 0.20625 0.46484375 0.0703125 0.09296875
1 0.28203125 0.41953125 0.05 0.05859375
1 0.31171875 0.39609375 0.03984375 0.078125
1 0.346875 0.34765625 0.04921875 0.0515625
1 0.365625 0.33671875 0.04765625 0.06328125
1 0.490625 0.28046875 0.0234375 0.04140625
1 0.828125 0.4625 0.0859375 0.08203125
3 0.66328125 0.396875 0.0453125 0.06328125