1 0.84296875 0.85859375 0.1921875 0.2828125
1 0.69140625 0.65703125 0.1046875 0.1765625
1 0.65390625 0.5375 0.09140625 0.0984375
1 0.6375 0.45390625 0.07265625 0.075
1 0.6046875 0.37265625 0.04140625 0.0546875
1 0.59453125 0.321875 0.03203125 0.03984375
1 0.46953125 0.42578125 0.05 0.071875
1 0.33671875 0.53046875 0.09375 0.0984375
1 0.14921875 0.53671875 0.12109375 0.11640625
1 0.36875 0.34609375 0.04140625 0.0453125
1 0.39453125 0.3234375 0.0375 0.03359375
0 0.89921875 0.62890625 0.2015625 0.4109375
0 0.67265625 0.40078125 0.096875 0.15859375
0 0.65078125 0.2984375 0.0625 0.05703125
3 0.74375 0.48984375 0.03671875 0.08671875