2 0.41875 0.59609375 0.15 0.20859375
1 0.26171875 0.51015625 0.1703125 0.1734375
1 0.36875 0.35 0.0453125 0.06015625
1 0.4 0.32421875 0.05 0.0515625
3 0.43671875 0.47265625 0.0390625 0.121875
3 0.44453125 0.38203125 0.03125 0.0734375
3 0.4734375 0.34140625 0.04453125 0.0703125
1 0.484375 0.2609375 0.0390625 0.03515625
1 0.571875 0.26484375 0.0359375 0.03671875
1 0.59296875 0.25859375 0.01328125 0.03359375
3 0.6046875 0.30546875 0.01484375 0.03515625
5 0.62265625 0.3421875 0.03984375 0.078125
1 0.603125 0.40703125 0.06484375 0.096875
3 0.63359375 0.3078125 0.0109375 0.03203125
1 0.7453125 0.3734375 0.0734375 0.11015625
1 0.87109375 0.50078125 0.12421875 0.0984375
3 0.846875 0.509375 0.05 0.08515625
4 0.93984375 0.88203125 0.1203125 0.2359375