3 0.19921875 0.68125 0.08984375 0.15390625
3 0.8796875 0.4921875 0.05078125 0.06953125
3 0.49375 0.26640625 0.00859375 0.021875
3 0.6515625 0.325 0.01640625 0.0359375
3 0.63671875 0.33828125 0.01796875 0.0421875
3 0.596875 0.28359375 0.01796875 0.0265625
4 0.59453125 0.33203125 0.0546875 0.059375
1 0.57421875 0.26484375 0.01953125 0.02265625
1 0.5796875 0.303125 0.025 0.0421875
1 0.4046875 0.31640625 0.03046875 0.0390625
1 0.371875 0.33671875 0.03828125 0.04609375
1 0.34765625 0.3625 0.03515625 0.05390625
2 0.31484375 0.39375 0.053125 0.0671875