1 0.1625 0.5328125 0.1203125 0.10859375
1 0.32265625 0.3984375 0.06484375 0.05
1 0.35859375 0.36171875 0.04375 0.053125
1 0.49921875 0.29296875 0.0375 0.03671875
1 0.47734375 0.28359375 0.0203125 0.03359375
1 0.58359375 0.3203125 0.03671875 0.03984375
4 0.590625 0.27734375 0.021875 0.028125
3 0.6171875 0.2890625 0.0109375 0.03203125
1 0.63828125 0.57734375 0.08671875 0.13203125
1 0.66328125 0.73984375 0.13046875 0.2203125
0 0.72578125 0.49921875 0.1703125 0.2546875
0 0.859375 0.49609375 0.184375 0.228125
0 0.87734375 0.7890625 0.24453125 0.421875
0 0.95234375 0.61640625 0.09453125 0.18671875
1 0.753125 0.91875 0.215625 0.1625
1 0.4 0.31953125 0.04140625 0.0515625