1 0.8265625 0.46015625 0.115625 0.1734375
1 0.67421875 0.30390625 0.053125 0.06171875
1 0.6390625 0.26484375 0.034375 0.03671875
1 0.49453125 0.340625 0.04921875 0.075
1 0.51796875 0.2953125 0.0375 0.06015625
1 0.5046875 0.27578125 0.02421875 0.04140625
1 0.4953125 0.25703125 0.01875 0.0265625
1 0.44296875 0.32734375 0.03671875 0.05859375
1 0.3921875 0.31953125 0.04140625 0.0515625
1 0.36796875 0.33984375 0.0421875 0.053125
1 0.32421875 0.3796875 0.0703125 0.096875
1 0.1421875 0.52734375 0.146875 0.1546875
3 0.31171875 0.40234375 0.0578125 0.08515625
3 0.33046875 0.3921875 0.0296875 0.06796875
3 0.5953125 0.28671875 0.01484375 0.05
4 0.46875 0.27265625 0.03203125 0.0515625