4 0.21953125 0.48046875 0.07890625 0.11484375
1 0.3171875 0.43203125 0.06640625 0.103125
1 0.3515625 0.37109375 0.05078125 0.06484375
1 0.371875 0.33984375 0.04765625 0.03359375
3 0.490625 0.29453125 0.01328125 0.04140625
3 0.5046875 0.29765625 0.015625 0.0484375
3 0.503125 0.27421875 0.01015625 0.04140625
3 0.8171875 0.65234375 0.07109375 0.171875
1 0.875 0.5015625 0.13125 0.15703125
1 0.7375 0.37578125 0.06640625 0.08828125
1 0.59765625 0.32578125 0.04375 0.06171875
1 0.57421875 0.259375 0.01640625 0.03828125