4 0.61875 0.4875 0.08984375 0.2015625
4 0.74453125 0.55078125 0.096875 0.21171875
4 0.46328125 0.2671875 0.04140625 0.0484375
3 0.49765625 0.3421875 0.0546875 0.078125
3 0.6578125 0.4609375 0.0453125 0.16484375
3 0.4484375 0.34765625 0.03125 0.0953125
3 0.30546875 0.4140625 0.03203125 0.08515625
3 0.59453125 0.25234375 0.01015625 0.0515625
3 0.584375 0.2421875 0.0078125 0.04140625
1 0.83671875 0.45 0.096875 0.153125
1 0.8828125 0.5078125 0.11015625 0.16484375
1 0.6703125 0.3234375 0.0296875 0.0734375
1 0.640625 0.2828125 0.02421875 0.04140625
1 0.575 0.246875 0.01796875 0.04296875
1 0.3953125 0.3171875 0.0390625 0.06171875
1 0.35625 0.32890625 0.053125 0.075