1 0.65078125 0.49296875 0.0796875 0.1234375
1 0.8265625 0.45234375 0.0875 0.08828125
1 0.64140625 0.365625 0.04765625 0.05859375
1 0.2796875 0.4265625 0.04765625 0.03359375
1 0.31171875 0.3875 0.03359375 0.04140625
1 0.3734375 0.33359375 0.028125 0.04296875
1 0.353125 0.3546875 0.04140625 0.05
2 0.2109375 0.4703125 0.09921875 0.08984375
0 0.57734375 0.25546875 0.0265625 0.05859375
3 0.37109375 0.3859375 0.0265625 0.06484375
3 0.703125 0.4015625 0.03203125 0.05703125
3 0.875 0.4921875 0.04453125 0.08515625