1 0.8421875 0.4640625 0.078125 0.090625
1 0.71171875 0.453125 0.0703125 0.0859375
1 0.628125 0.44921875 0.06796875 0.11171875
1 0.58671875 0.32109375 0.0296875 0.0453125
1 0.57734375 0.27421875 0.015625 0.0265625
1 0.41484375 0.44296875 0.06328125 0.078125
1 0.425 0.3375 0.03125 0.03984375
1 0.48984375 0.28984375 0.02578125 0.0390625
1 0.37578125 0.3453125 0.04296875 0.04375
1 0.3546875 0.36484375 0.0453125 0.0453125
1 0.31875 0.39296875 0.04453125 0.05390625
1 0.2859375 0.41796875 0.06875 0.075
3 0.68515625 0.690625 0.06015625 0.103125
3 0.62890625 0.28515625 0.01328125 0.02265625
3 0.58125 0.28203125 0.015625 0.02265625
2 0.2203125 0.478125 0.09140625 0.1078125