3 0.6046875 0.653125 0.06015625 0.2
3 0.58828125 0.309375 0.0265625 0.0484375
3 0.5765625 0.29296875 0.01484375 0.03984375
3 0.55859375 0.29453125 0.01875 0.03515625
3 0.59609375 0.2546875 0.01328125 0.01640625
3 0.6046875 0.2625 0.0078125 0.025
3 0.35234375 0.41171875 0.03203125 0.0703125
3 0.33515625 0.378125 0.0234375 0.06640625
3 0.47578125 0.30078125 0.0265625 0.06484375
1 0.1609375 0.609375 0.26484375 0.24140625
1 0.35546875 0.375 0.0609375 0.1296875
1 0.36953125 0.34609375 0.03671875 0.06484375
1 0.39609375 0.31796875 0.034375 0.08359375
1 0.46328125 0.35546875 0.04765625 0.075
1 0.50625 0.275 0.021875 0.03984375
4 0.4625 0.2703125 0.021875 0.046875
1 0.425 0.3015625 0.04140625 0.0796875
1 0.6609375 0.415625 0.05078125 0.0984375
1 0.61328125 0.43671875 0.05234375 0.09296875
1 0.60078125 0.38359375 0.05 0.08671875
1 0.578125 0.3359375 0.0296875 0.0515625
1 0.66796875 0.29296875 0.0296875 0.05
1 0.87578125 0.48046875 0.08359375 0.11484375
1 0.78359375 0.55703125 0.09921875 0.146875
1 0.64296875 0.57578125 0.109375 0.1453125
1 0.6921875 0.778125 0.134375 0.26640625
1 0.78203125 0.728125 0.153125 0.28359375
1 0.88671875 0.66640625 0.16015625 0.29296875
1 0.94140625 0.66953125 0.1171875 0.2453125
1 0.74453125 0.9328125 0.1515625 0.134375
4 0.9453125 0.84375 0.109375 0.3125
4 0.7 0.49296875 0.06328125 0.13671875
4 0.74921875 0.46015625 0.09453125 0.16015625
4 0.584375 0.25703125 0.01875 0.0375
1 0.57109375 0.24921875 0.01640625 0.02109375
4 0.58046875 0.24140625 0.01640625 0.04296875
0 0.628125 0.3140625 0.046875 0.1078125
1 0.5953125 0.28359375 0.021875 0.04765625
1 0.6734375 0.35625 0.0359375 0.05859375
2 0.80234375 0.4578125 0.0671875 0.13359375
1 0.61875 0.253125 0.01484375 0.03125