3 0.87890625 0.49453125 0.0484375 0.0640625
3 0.6078125 0.32578125 0.02265625 0.04765625
1 0.84609375 0.4671875 0.08515625 0.08671875
1 0.6328125 0.36171875 0.04609375 0.05546875
1 0.58359375 0.30859375 0.03046875 0.04375
1 0.4984375 0.3421875 0.04140625 0.05
1 0.47265625 0.33359375 0.03671875 0.04609375
1 0.37265625 0.3453125 0.04140625 0.04375
1 0.35390625 0.3625 0.04140625 0.04375
1 0.31640625 0.39296875 0.04296875 0.04453125
1 0.28203125 0.41953125 0.05546875 0.075
4 0.50078125 0.30625 0.040625 0.06875
0 0.4890625 0.26015625 0.03828125 0.06953125
2 0.21796875 0.46875 0.0890625 0.1265625