3 0.88125 0.4890625 0.03984375 0.0734375
3 0.71484375 0.3921875 0.02734375 0.05
3 0.5015625 0.34765625 0.015625 0.04140625
3 0.46171875 0.409375 0.0265625 0.0671875
3 0.46328125 0.3234375 0.01328125 0.028125
3 0.49453125 0.32265625 0.01484375 0.02734375
1 0.40859375 0.44375 0.06015625 0.0796875
1 0.35546875 0.3578125 0.03828125 0.0515625
1 0.371875 0.34140625 0.02421875 0.02421875
1 0.47265625 0.29453125 0.01640625 0.02109375
1 0.4890625 0.3015625 0.02734375 0.02578125
3 0.67890625 0.32890625 0.01640625 0.02734375