3 0.446875 0.6609375 0.06328125 0.18828125
1 0.3609375 0.5828125 0.13203125 0.18203125
3 0.45234375 0.465625 0.0578125 0.09140625
3 0.4140625 0.409375 0.04765625 0.06171875
1 0.49921875 0.38515625 0.0625 0.08984375
1 0.365625 0.340625 0.04921875 0.0515625
1 0.3984375 0.31484375 0.04921875 0.06328125
3 0.440625 0.3421875 0.03203125 0.0546875
3 0.475 0.3015625 0.0203125 0.06015625
3 0.490625 0.28515625 0.0203125 0.053125
3 0.76953125 0.48203125 0.07578125 0.1265625
1 0.87890625 0.509375 0.13671875 0.16796875
1 0.75546875 0.3828125 0.08984375 0.13828125
1 0.5796875 0.2453125 0.01796875 0.03359375