0 0.57421875 0.24140625 0.015625 0.02890625
2 0.61875 0.36484375 0.04609375 0.08125
2 0.16640625 0.58515625 0.184375 0.14921875
2 0.2109375 0.465625 0.0921875 0.10078125
2 0.6625 0.55 0.09375 0.18203125
1 0.4484375 0.359375 0.0328125 0.04375
1 0.83828125 0.4640625 0.08828125 0.09765625
1 0.37109375 0.34296875 0.03046875 0.034375
1 0.359375 0.3609375 0.04765625 0.04296875
1 0.31328125 0.39140625 0.04375 0.05078125
1 0.28671875 0.41484375 0.0609375 0.075
1 0.47421875 0.278125 0.01640625 0.034375
3 0.83671875 0.68984375 0.08515625 0.159375
3 0.878125 0.5 0.05 0.07890625