3 0.44296875 0.803125 0.1078125 0.2703125
3 0.546875 0.72890625 0.10703125 0.25546875
3 0.496875 0.5875 0.05546875 0.16328125
3 0.503125 0.434375 0.05078125 0.115625
3 0.553125 0.365625 0.05859375 0.13203125
3 0.934375 0.36328125 0.05859375 0.10390625
3 0.9859375 0.5328125 0.028125 0.16015625
3 0.70703125 0.04140625 0.02265625 0.06953125
2 0.79765625 0.15234375 0.10703125 0.18828125
1 0.40625 0.35625 0.14140625 0.2
1 0.09296875 0.26875 0.1359375 0.16796875
1 0.21796875 0.9046875 0.25 0.190625
4 0.284375 0.62890625 0.22421875 0.33515625
4 0.43515625 0.1765625 0.1015625 0.134375
4 0.228125 0.0921875 0.146875 0.184375