1 0.83203125 0.44921875 0.08359375 0.0984375
1 0.48515625 0.35625 0.03984375 0.04453125
1 0.39765625 0.409375 0.0546875 0.05390625
1 0.34375 0.35703125 0.03671875 0.04609375
1 0.37109375 0.34140625 0.034375 0.02890625
1 0.3671875 0.36484375 0.046875 0.04921875
1 0.4546875 0.31875 0.03203125 0.0359375
1 0.5 0.321875 0.0265625 0.03984375
2 0.50703125 0.2875 0.0265625 0.0375
2 0.58046875 0.2796875 0.02578125 0.03203125
0 0.47109375 0.26953125 0.04921875 0.084375
0 0.37421875 0.59921875 0.20546875 0.434375
3 0.87890625 0.49140625 0.04453125 0.08125