1 0.21875 0.52109375 0.13828125 0.1015625
1 0.38828125 0.47265625 0.05546875 0.08515625
1 0.34765625 0.3640625 0.04375 0.0546875
1 0.371875 0.3421875 0.034375 0.03515625
1 0.43828125 0.3546875 0.0421875 0.05
1 0.61796875 0.440625 0.053125 0.071875
1 0.6421875 0.521875 0.07890625 0.1
1 0.653125 0.64453125 0.10546875 0.15859375
1 0.69765625 0.4515625 0.065625 0.08671875
1 0.7578125 0.64453125 0.1125 0.15859375
1 0.78046875 0.83828125 0.1703125 0.2765625
1 0.8921875 0.6796875 0.14921875 0.2234375
1 0.86875 0.49140625 0.09765625 0.10703125
1 0.628125 0.32421875 0.03359375 0.04140625
1 0.578125 0.32890625 0.03359375 0.0484375
1 0.57421875 0.29609375 0.0265625 0.03828125
1 0.94765625 0.85625 0.1046875 0.2875
4 0.61171875 0.35234375 0.03359375 0.05859375
4 0.61015625 0.29765625 0.01875 0.03515625
4 0.58828125 0.27734375 0.021875 0.0453125
3 0.775 0.48046875 0.0265625 0.05859375
3 0.71953125 0.41015625 0.03359375 0.06015625
3 0.925 0.59765625 0.053125 0.075
3 0.9703125 0.6609375 0.05859375 0.08828125
3 0.34453125 0.3984375 0.02578125 0.046875
3 0.50078125 0.3421875 0.01796875 0.04140625