1 0.140625 0.5390625 0.15234375 0.178125
1 0.40390625 0.32265625 0.0375 0.06796875
1 0.36328125 0.32890625 0.053125 0.06484375
1 0.4859375 0.27265625 0.0203125 0.05859375
1 0.52109375 0.2671875 0.0234375 0.03203125
1 0.665625 0.29609375 0.03203125 0.06484375
1 0.84140625 0.44921875 0.12578125 0.175
1 0.9140625 0.928125 0.171875 0.14296875
1 0.63984375 0.26796875 0.03671875 0.05
3 0.83671875 0.5921875 0.08125 0.16796875
3 0.44296875 0.34140625 0.0546875 0.08359375
4 0.465625 0.27421875 0.03203125 0.06171875
4 0.50625 0.26015625 0.0234375 0.05