3 0.33515625 0.38984375 0.04375 0.0765625
3 0.6125 0.66484375 0.084375 0.196875
3 0.57421875 0.47890625 0.03671875 0.078125
3 0.5703125 0.434375 0.03984375 0.078125
3 0.9265625 0.46328125 0.0625 0.1203125
3 0.69765625 0.4640625 0.04453125 0.08515625
3 0.75078125 0.39296875 0.0359375 0.0703125
3 0.6484375 0.3171875 0.03125 0.05859375
3 0.62578125 0.30234375 0.0203125 0.0453125
3 0.61484375 0.2875 0.0125 0.03359375
3 0.61015625 0.27734375 0.01015625 0.03671875
3 0.603125 0.259375 0.0125 0.0234375
3 0.4765625 0.27109375 0.00703125 0.0265625
1 0.690625 0.8328125 0.15 0.334375
1 0.7609375 0.93828125 0.16875 0.1234375
1 0.8453125 0.79921875 0.18671875 0.3234375
1 0.69765625 0.5140625 0.06875 0.13203125
1 0.62578125 0.52890625 0.08125 0.1453125
1 0.6484375 0.59921875 0.10234375 0.1484375
1 0.59296875 0.378125 0.04375 0.05703125
1 0.58046875 0.34453125 0.03359375 0.05859375
1 0.88359375 0.47265625 0.08125 0.1484375
1 0.78984375 0.55078125 0.09375 0.16796875
1 0.4890625 0.325 0.04453125 0.0765625
1 0.48671875 0.2859375 0.0390625 0.04140625
1 0.3953125 0.3125 0.04765625 0.06171875
1 0.36796875 0.32890625 0.053125 0.078125
1 0.35859375 0.34921875 0.0609375 0.071875
1 0.59453125 0.26640625 0.02265625 0.0359375
2 0.9078125 0.70234375 0.18359375 0.2984375
2 0.84921875 0.50234375 0.103125 0.16796875
2 0.6375 0.34609375 0.0453125 0.08828125
2 0.6125 0.42578125 0.0578125 0.09765625
2 0.121875 0.61796875 0.24375 0.23671875
4 0.759375 0.45 0.0765625 0.15
4 0.73515625 0.59765625 0.1203125 0.178125
4 0.925 0.60703125 0.14921875 0.21328125
4 0.56484375 0.2625 0.021875 0.0484375
4 0.46171875 0.2703125 0.01875 0.04765625
0 0.67265625 0.375 0.0734375 0.15859375
1 0.66875 0.2890625 0.03671875 0.05859375
1 0.58046875 0.24375 0.015625 0.02109375