1 0.41328125 0.615625 0.096875 0.128125
1 0.27890625 0.42421875 0.03671875 0.06171875
1 0.31171875 0.38984375 0.0359375 0.05
1 0.35 0.3578125 0.034375 0.0515625
1 0.3703125 0.340625 0.021875 0.06484375
1 0.48984375 0.346875 0.0296875 0.053125
1 0.51015625 0.3171875 0.01796875 0.03203125
1 0.8453125 0.46953125 0.08203125 0.08828125
3 0.4375 0.3359375 0.0234375 0.0515625
3 0.4625 0.321875 0.01328125 0.0296875
3 0.875 0.49140625 0.0390625 0.0796875
2 0.215625 0.4703125 0.09765625 0.10703125
1 0.6359375 0.27109375 0.0203125 0.028125
1 0.621875 0.25703125 0.02109375 0.0265625
1 0.503125 0.31171875 0.028125 0.03984375