1 0.203125 0.57578125 0.284375 0.21796875
1 0.3171875 0.4 0.08671875 0.146875
1 0.36015625 0.33203125 0.06015625 0.06640625
1 0.3984375 0.33046875 0.0359375 0.071875
1 0.4484375 0.31015625 0.03203125 0.046875
1 0.45859375 0.33046875 0.0453125 0.0453125
1 0.478125 0.309375 0.0359375 0.05859375
1 0.50859375 0.31796875 0.03671875 0.03359375
1 0.503125 0.29296875 0.028125 0.03359375
1 0.83671875 0.45 0.096875 0.13984375
1 0.67265625 0.31171875 0.05546875 0.0703125
1 0.6375 0.26171875 0.0296875 0.05703125
3 0.60546875 0.3203125 0.03671875 0.053125
3 0.64453125 0.36328125 0.04140625 0.0703125
3 0.5828125 0.26484375 0.0203125 0.06640625
3 0.309375 0.40234375 0.0296875 0.08203125
3 0.48359375 0.28671875 0.01796875 0.03984375
3 0.6078125 0.271875 0.01640625 0.053125
4 0.4671875 0.271875 0.03125 0.03359375
4 0.4390625 0.3140625 0.03984375 0.078125