2 0.22265625 0.82734375 0.20859375 0.3140625
2 0.2953125 0.4125 0.06953125 0.08046875
2 0.84375 0.68515625 0.1515625 0.21953125
2 0.6703125 0.4515625 0.059375 0.09765625
2 0.6203125 0.3796875 0.03828125 0.06796875
2 0.65703125 0.359375 0.03671875 0.065625
2 0.61328125 0.378125 0.04921875 0.075
1 0.3671875 0.3453125 0.0390625 0.03984375
1 0.42578125 0.584375 0.08359375 0.14375
1 0.75859375 0.58515625 0.0890625 0.14609375
1 0.62265625 0.51328125 0.065625 0.1078125
1 0.59453125 0.43203125 0.059375 0.07890625
4 0.58671875 0.353125 0.03984375 0.07578125
4 0.58828125 0.30703125 0.02421875 0.02890625
0 0.83359375 0.50703125 0.18984375 0.2703125
0 0.7359375 0.3765625 0.121875 0.228125
0 0.65546875 0.32578125 0.0578125 0.09375
4 0.69609375 0.6375 0.09921875 0.15703125
3 0.46328125 0.346875 0.028125 0.0421875
0 0.96875 0.65390625 0.0625 0.27578125
4 0.925 0.88984375 0.146875 0.2203125
0 0.6125 0.259375 0.04140625 0.06171875