3 0.42265625 0.49921875 0.046875 0.13515625
3 0.47421875 0.509375 0.04765625 0.14140625
3 0.4640625 0.38046875 0.02109375 0.08828125
3 0.46171875 0.3359375 0.0234375 0.06796875
3 0.4734375 0.2921875 0.00859375 0.0515625
3 0.48359375 0.2875 0.01328125 0.0515625
3 0.509375 0.27890625 0.01328125 0.025
3 0.58984375 0.25703125 0.0125 0.03359375
1 0.35078125 0.3796875 0.06328125 0.11640625
1 0.3703125 0.33828125 0.02890625 0.0796875
1 0.3921875 0.33359375 0.03125 0.096875
1 0.4390625 0.2875 0.02578125 0.0515625
1 0.490625 0.34609375 0.03125 0.071875
1 0.50625 0.30078125 0.028125 0.06171875
1 0.43515625 0.36484375 0.04765625 0.08359375
1 0.8734375 0.496875 0.1078125 0.153125
1 0.74296875 0.38515625 0.07109375 0.13359375
1 0.61171875 0.31328125 0.053125 0.05
4 0.63046875 0.2625 0.02890625 0.0546875
4 0.45859375 0.275 0.02109375 0.053125
0 0.64140625 0.47265625 0.153125 0.31796875
0 0.5765625 0.2828125 0.03203125 0.09140625
1 0.79375 0.76640625 0.184375 0.33984375