3 0.3171875 0.5921875 0.04765625 0.13203125
3 0.340625 0.3875 0.02890625 0.06171875
3 0.41796875 0.34609375 0.034375 0.0484375
3 0.5953125 0.30234375 0.02578125 0.06484375
3 0.30234375 0.39609375 0.02421875 0.03203125
2 0.91640625 0.70078125 0.1671875 0.2453125
1 0.76328125 0.6984375 0.1625 0.2703125
1 0.8265625 0.45390625 0.06328125 0.0953125
1 0.8734375 0.49609375 0.096875 0.11171875
1 0.67734375 0.31953125 0.03984375 0.0546875
1 0.66328125 0.28359375 0.0390625 0.04296875
1 0.4984375 0.321875 0.03671875 0.05
1 0.51015625 0.290625 0.0234375 0.03828125
0 0.51796875 0.2578125 0.0296875 0.04140625
4 0.45859375 0.35859375 0.04140625 0.0796875
1 0.42890625 0.30859375 0.03359375 0.046875
0 0.25234375 0.52578125 0.20703125 0.2546875
4 0.3890625 0.696875 0.17109375 0.2796875
4 0.46640625 0.2640625 0.02578125 0.028125