1 0.89765625 0.53984375 0.16796875 0.1234375
1 0.8328125 0.4484375 0.10703125 0.08984375
1 0.653125 0.3890625 0.05546875 0.078125
1 0.65859375 0.346875 0.04375 0.06015625
1 0.665625 0.29609375 0.03203125 0.04140625
4 0.63671875 0.2640625 0.02109375 0.04140625
4 0.74453125 0.37890625 0.05234375 0.078125
4 0.56796875 0.25546875 0.01328125 0.03203125
0 0.5875 0.275 0.02578125 0.05703125
1 0.13515625 0.52890625 0.14375 0.11171875
1 0.21640625 0.4765625 0.11015625 0.0703125
1 0.40078125 0.32265625 0.0453125 0.04140625
1 0.365625 0.346875 0.0421875 0.046875
1 0.46640625 0.2734375 0.028125 0.03359375
3 0.6125 0.32421875 0.021875 0.06171875
3 0.69375 0.3890625 0.028125 0.06796875
3 0.440625 0.3109375 0.028125 0.0546875
3 0.32265625 0.3828125 0.03125 0.078125