1 0.73671875 0.43046875 0.0875 0.128125
1 0.825 0.45703125 0.08671875 0.13359375
0 0.5890625 0.28515625 0.034375 0.06640625
1 0.21875 0.4734375 0.09921875 0.11640625
1 0.1453125 0.53828125 0.15703125 0.13359375
1 0.36953125 0.3515625 0.05703125 0.0703125
1 0.3859375 0.315625 0.0421875 0.0515625
1 0.49140625 0.284375 0.02421875 0.03828125
3 0.92734375 0.746875 0.12265625 0.2265625
3 0.6296875 0.32890625 0.028125 0.04140625
3 0.33046875 0.3875 0.03671875 0.08828125
1 0.6609375 0.29453125 0.03671875 0.0546875
4 0.7421875 0.37421875 0.07265625 0.06796875
1 0.56640625 0.25546875 0.00859375 0.03515625