3 0.88359375 0.54296875 0.04921875 0.08515625
3 0.8703125 0.48671875 0.02265625 0.0421875
3 0.475 0.31796875 0.015625 0.028125
3 0.45234375 0.33046875 0.0125 0.0203125
3 0.5890625 0.2890625 0.01171875 0.02109375
4 0.61171875 0.32265625 0.03203125 0.06171875
1 0.46328125 0.41171875 0.0515625 0.0625
1 0.81875 0.54921875 0.0984375 0.1609375
1 0.97890625 0.6671875 0.0421875 0.240625
1 0.4 0.3234375 0.04140625 0.0390625
1 0.45859375 0.3625 0.04921875 0.040625
1 0.5046875 0.34609375 0.03203125 0.04765625
1 0.3109375 0.39375 0.059375 0.059375
1 0.35390625 0.3625 0.03671875 0.04375
1 0.36875 0.34140625 0.02734375 0.028125