3 0.68359375 0.80859375 0.10546875 0.2265625
3 0.9078125 0.38984375 0.046875 0.12734375
3 0.678125 0.4015625 0.08359375 0.10390625
1 0.21171875 0.9109375 0.2828125 0.178125
1 0.390625 0.18203125 0.0859375 0.0734375
1 0.41015625 0.0984375 0.0765625 0.08671875
1 0.4390625 0.03359375 0.075 0.04453125
1 0.53984375 0.05 0.0546875 0.07421875
1 0.525 0.1046875 0.071875 0.1
1 0.496875 0.22109375 0.096875 0.196875
2 0.32890625 0.31953125 0.14921875 0.26015625
3 0.13984375 0.13671875 0.04453125 0.11640625
4 0.80234375 0.2875 0.18828125 0.21171875