1 0.72265625 0.603125 0.1234375 0.21640625
1 0.8671875 0.496875 0.128125 0.15
1 0.33046875 0.653125 0.18046875 0.2234375
1 0.5 0.4015625 0.0703125 0.1296875
1 0.596875 0.3578125 0.0453125 0.08203125
3 0.6390625 0.33828125 0.0296875 0.08671875
5 0.59765625 0.28359375 0.0296875 0.0734375
1 0.56640625 0.271875 0.01796875 0.03671875
3 0.48125 0.2828125 0.01484375 0.028125
1 0.51796875 0.2828125 0.01875 0.03203125
1 0.3984375 0.31640625 0.03203125 0.06015625
1 0.365625 0.33203125 0.04921875 0.0703125
4 0.225 0.4515625 0.13125 0.1265625
3 0.27265625 0.51796875 0.0421875 0.1