1 0.3609375 0.3421875 0.0546875 0.0515625
1 0.3984375 0.32265625 0.0390625 0.0484375
1 0.6671875 0.290625 0.04453125 0.0515625
1 0.59921875 0.3390625 0.05546875 0.08515625
1 0.83125 0.440625 0.1015625 0.1046875
1 0.88515625 0.503125 0.1109375 0.13359375
1 0.5 0.29921875 0.034375 0.0484375
3 0.70625 0.6109375 0.06484375 0.1515625
3 0.65546875 0.4609375 0.0296875 0.1046875
3 0.64765625 0.41171875 0.03671875 0.0703125
3 0.64140625 0.334375 0.0234375 0.075
3 0.328125 0.37890625 0.0734375 0.06484375
3 0.48671875 0.271875 0.02421875 0.04296875