1 0.13515625 0.5375 0.14140625 0.13515625
1 0.22421875 0.46796875 0.096875 0.103125
1 0.3859375 0.821875 0.1671875 0.303125
1 0.75546875 0.6390625 0.153125 0.3015625
1 0.80703125 0.54296875 0.13046875 0.16328125
1 0.8375 0.45 0.1 0.1203125
1 0.64375 0.43359375 0.07109375 0.1203125
1 0.596875 0.340625 0.04921875 0.078125
1 0.559375 0.2828125 0.03984375 0.03515625
1 0.58359375 0.2578125 0.0265625 0.03203125
1 0.66484375 0.2953125 0.02421875 0.03984375
1 0.46015625 0.3375 0.03203125 0.0515625
1 0.3671875 0.3421875 0.03671875 0.0546875
1 0.38828125 0.309375 0.0421875 0.05859375
3 0.4640625 0.3125 0.0203125 0.04140625
3 0.50390625 0.2921875 0.015625 0.04140625
3 0.33984375 0.39609375 0.05 0.06171875
3 0.51171875 0.27109375 0.0265625 0.06484375
4 0.74765625 0.38515625 0.046875 0.08984375
4 0.63203125 0.2671875 0.01484375 0.04140625
1 0.6078125 0.25 0.0234375 0.046875