3 0.8734375 0.48984375 0.04296875 0.07265625
3 0.56328125 0.30859375 0.0140625 0.0359375
0 0.61953125 0.2875 0.0390625 0.08125
0 0.44296875 0.33046875 0.0578125 0.07890625
1 0.31328125 0.4015625 0.05234375 0.04765625
1 0.35390625 0.3578125 0.0390625 0.04140625
1 0.37109375 0.3421875 0.03046875 0.03671875
4 0.38828125 0.31875 0.0328125 0.0421875
3 0.72421875 0.43203125 0.03125 0.05703125
1 0.68125 0.5671875 0.09140625 0.1390625
1 0.6234375 0.43125 0.0515625 0.07890625
1 0.590625 0.35703125 0.0421875 0.05625
2 0.6484375 0.37265625 0.05546875 0.08046875
1 0.58125 0.31328125 0.0265625 0.05078125
1 0.58515625 0.2765625 0.0171875 0.025