3 0.4359375 0.39921875 0.0265625 0.0453125
3 0.9125 0.7078125 0.05859375 0.1453125
3 0.66328125 0.371875 0.01875 0.053125
3 0.34296875 0.3890625 0.03203125 0.0453125
1 0.43203125 0.46953125 0.06796875 0.08828125
1 0.36640625 0.34296875 0.04140625 0.03671875
1 0.39609375 0.32421875 0.028125 0.03515625
1 0.42734375 0.30234375 0.0234375 0.028125
1 0.465625 0.3109375 0.03125 0.0515625
1 0.50703125 0.30703125 0.03125 0.03984375
1 0.8265625 0.44453125 0.07265625 0.06796875
1 0.884375 0.50078125 0.10546875 0.1046875
1 0.63359375 0.40859375 0.05078125 0.0734375
1 0.66484375 0.29296875 0.02890625 0.03359375