1 0.48515625 0.403125 0.07890625 0.09296875
1 0.825 0.44140625 0.12890625 0.146875
1 0.14609375 0.5328125 0.15234375 0.1453125
1 0.3359375 0.3828125 0.078125 0.06171875
1 0.3703125 0.3375 0.03359375 0.06796875
1 0.39453125 0.315625 0.03203125 0.08828125
1 0.440625 0.31328125 0.034375 0.05703125
1 0.453125 0.275 0.03671875 0.06015625
1 0.496875 0.25390625 0.0234375 0.03515625
1 0.50703125 0.3203125 0.04921875 0.053125
3 0.4921875 0.33203125 0.02109375 0.06328125
3 0.425 0.3421875 0.0234375 0.05859375
3 0.34609375 0.4578125 0.0765625 0.11484375
3 0.471875 0.31640625 0.03125 0.06640625
4 0.46796875 0.2625 0.02109375 0.0484375
4 0.47890625 0.246875 0.01875 0.0703125
4 0.68046875 0.484375 0.1515625 0.23828125
4 0.3875 0.6296875 0.2125 0.26640625
1 0.61171875 0.35390625 0.06015625 0.1015625
1 0.58515625 0.265625 0.0265625 0.03203125
1 0.57578125 0.2453125 0.015625 0.01640625
1 0.6734375 0.296875 0.04140625 0.0765625
1 0.640625 0.26328125 0.03359375 0.04296875