1 0.12265625 0.575 0.13046875 0.16328125
1 0.3671875 0.33984375 0.0453125 0.06640625
1 0.403125 0.3234375 0.05703125 0.0765625
1 0.46796875 0.2734375 0.02890625 0.053125
1 0.571875 0.284375 0.0265625 0.071875
1 0.5875 0.25234375 0.021875 0.04140625
1 0.66640625 0.2953125 0.04375 0.06640625
1 0.83984375 0.45390625 0.11328125 0.13203125
1 0.88671875 0.4859375 0.11875 0.125
3 0.33984375 0.39140625 0.05234375 0.0703125
3 0.49765625 0.253125 0.0078125 0.0265625
1 0.62421875 0.2515625 0.02578125 0.03359375