2 0.440625 0.49453125 0.11484375 0.16484375
1 0.43671875 0.378125 0.05078125 0.0765625
1 0.48984375 0.35703125 0.0546875 0.06015625
1 0.36171875 0.3421875 0.05859375 0.0546875
4 0.4140625 0.3203125 0.046875 0.05703125
1 0.478125 0.30859375 0.0359375 0.06015625
1 0.50703125 0.31484375 0.03125 0.0703125
3 0.69765625 0.51015625 0.04765625 0.1265625
3 0.69921875 0.42734375 0.053125 0.11171875
3 0.62578125 0.33984375 0.0203125 0.05703125
1 0.5859375 0.26953125 0.0203125 0.03203125
1 0.86953125 0.51484375 0.13828125 0.18671875
4 0.1671875 0.625 0.16875 0.18359375