1 0.83203125 0.45859375 0.0796875 0.11328125
1 0.6296875 0.33671875 0.034375 0.05703125
1 0.56484375 0.2796875 0.0203125 0.03984375
1 0.578125 0.26328125 0.021875 0.03984375
1 0.6671875 0.28671875 0.0359375 0.053125
1 0.48984375 0.29296875 0.034375 0.046875
1 0.39609375 0.32421875 0.0453125 0.0453125
1 0.36875 0.3421875 0.05 0.0546875
1 0.21015625 0.48671875 0.12265625 0.1203125
3 0.68125 0.45859375 0.04765625 0.1
3 0.62265625 0.4609375 0.0421875 0.08828125
3 0.65625 0.36640625 0.0265625 0.06640625
3 0.59765625 0.3296875 0.02109375 0.046875
3 0.58359375 0.3234375 0.01796875 0.05703125
3 0.46015625 0.41796875 0.05234375 0.08984375
3 0.3375 0.3890625 0.04375 0.071875
3 0.62421875 0.29296875 0.01640625 0.03359375
1 0.4875 0.2546875 0.0296875 0.046875