2 0.46015625 0.46796875 0.1078125 0.1265625
3 0.33671875 0.378125 0.046875 0.06640625
3 0.46640625 0.29609375 0.0234375 0.03515625
3 0.5765625 0.3390625 0.04140625 0.06484375
3 0.7265625 0.4109375 0.04921875 0.06796875
3 0.81328125 0.4875 0.08203125 0.125
3 0.5890625 0.59296875 0.046875 0.13671875
1 0.396875 0.31953125 0.053125 0.06484375
1 0.37109375 0.3328125 0.06015625 0.08828125
1 0.5078125 0.29765625 0.03203125 0.06796875
1 0.66640625 0.46015625 0.05546875 0.1296875
1 0.63359375 0.54140625 0.07109375 0.146875
1 0.71484375 0.51171875 0.0875 0.146875
1 0.66484375 0.665625 0.11328125 0.19140625
1 0.7375 0.84609375 0.23125 0.3078125
1 0.9046875 0.8609375 0.18984375 0.278125
1 0.8390625 0.75390625 0.18359375 0.228125
1 0.8609375 0.5859375 0.1046875 0.14140625
1 0.89765625 0.4859375 0.1234375 0.11796875
0 0.921875 0.7078125 0.15625 0.4453125
1 0.6015625 0.2921875 0.0234375 0.03515625
1 0.5796875 0.27890625 0.0265625 0.03203125
1 0.665625 0.28828125 0.0421875 0.05