4 0.69375 0.57421875 0.06484375 0.18515625
1 0.87265625 0.49765625 0.1515625 0.15859375
1 0.7390625 0.38671875 0.05859375 0.13984375
1 0.6453125 0.38203125 0.06328125 0.11015625
1 0.59453125 0.31328125 0.03203125 0.053125
3 0.64296875 0.32265625 0.0234375 0.0484375
0 0.58046875 0.23828125 0.02421875 0.05703125
1 0.57890625 0.29140625 0.0234375 0.03984375
1 0.44375 0.37734375 0.053125 0.075
4 0.30703125 0.41484375 0.08671875 0.08671875
1 0.35234375 0.365625 0.0390625 0.05859375
1 0.36953125 0.3390625 0.02890625 0.06171875
1 0.39453125 0.3296875 0.05 0.06328125
2 0.4890625 0.29296875 0.02421875 0.05
1 0.50625 0.27578125 0.02421875 0.0453125