1 0.21484375 0.48359375 0.08203125 0.0796875
1 0.36328125 0.340625 0.0359375 0.03828125
1 0.39609375 0.321875 0.034375 0.03984375
1 0.88671875 0.49921875 0.096875 0.1015625
1 0.82890625 0.4390625 0.07265625 0.06796875
1 0.66484375 0.2890625 0.028125 0.03828125
1 0.3890625 0.6390625 0.1 0.15859375
2 0.62578125 0.30390625 0.02890625 0.0484375
3 0.39921875 0.88359375 0.05078125 0.16640625
3 0.30546875 0.6109375 0.0421875 0.10859375
3 0.3890625 0.46953125 0.03359375 0.06796875
3 0.44296875 0.44453125 0.0359375 0.0546875
3 0.59296875 0.296875 0.01328125 0.03984375
3 0.33671875 0.3984375 0.0375 0.03359375