3 0.115625 0.31328125 0.05078125 0.15390625
3 0.12265625 0.2109375 0.05390625 0.075
3 0.18984375 0.1984375 0.04296875 0.1078125
3 0.50546875 0.1671875 0.03984375 0.08203125
3 0.54609375 0.07890625 0.034375 0.0921875
3 0.70703125 0.04921875 0.021875 0.08203125
3 0.97734375 0.53203125 0.0453125 0.16171875
3 0.93203125 0.3734375 0.0484375 0.09453125
1 0.396875 0.246875 0.1046875 0.1609375
1 0.46796875 0.078125 0.07734375 0.11328125
2 0.79453125 0.1453125 0.1078125 0.1515625
0 0.621875 0.6046875 0.521875 0.790625