1 0.86484375 0.49140625 0.1 0.103125
1 0.08125 0.64296875 0.1625 0.153125
4 0.21875 0.4640625 0.07890625 0.0953125
3 0.3046875 0.47265625 0.0265625 0.05859375
1 0.48515625 0.41953125 0.0453125 0.06796875
1 0.49296875 0.3546875 0.034375 0.04296875
1 0.46328125 0.31484375 0.02578125 0.03984375
1 0.35 0.365625 0.0359375 0.0453125
1 0.371875 0.3453125 0.02578125 0.03671875
1 0.39453125 0.32734375 0.02890625 0.03515625
2 0.7375 0.3703125 0.04453125 0.06328125
4 0.5890625 0.2796875 0.02421875 0.03984375