1 0.29375 0.62890625 0.184375 0.14140625
1 0.434375 0.509375 0.1453125 0.1515625
1 0.15703125 0.54765625 0.259375 0.23203125
1 0.3578125 0.84296875 0.3734375 0.31328125
1 0.81171875 0.44765625 0.09375 0.121875
1 0.665625 0.2984375 0.05 0.06328125
1 0.640625 0.271875 0.05078125 0.05
1 0.43515625 0.35546875 0.03671875 0.0546875
1 0.484375 0.35859375 0.06796875 0.053125
1 0.48046875 0.4140625 0.084375 0.0953125
1 0.48125 0.3328125 0.05703125 0.08203125
1 0.51015625 0.3171875 0.0453125 0.078125
1 0.48046875 0.25859375 0.0265625 0.06015625
0 0.49765625 0.2625 0.034375 0.0546875
1 0.521875 0.26171875 0.02578125 0.05703125
1 0.39296875 0.32734375 0.05703125 0.06796875
1 0.36484375 0.3546875 0.078125 0.0734375
1 0.33359375 0.3734375 0.0734375 0.08359375
3 0.33671875 0.39921875 0.04453125 0.08203125
3 0.3078125 0.3953125 0.0234375 0.06328125
3 0.596875 0.371875 0.05859375 0.096875
3 0.64609375 0.39453125 0.053125 0.0984375
3 0.74140625 0.553125 0.0875 0.13359375