3 0.35859375 0.40390625 0.0234375 0.08203125
3 0.3328125 0.38046875 0.03203125 0.06484375
3 0.7078125 0.39140625 0.0546875 0.0796875
3 0.66484375 0.3421875 0.02578125 0.0515625
3 0.62265625 0.309375 0.02421875 0.06171875
1 0.6640625 0.29140625 0.046875 0.05703125
1 0.64921875 0.36796875 0.078125 0.1203125
1 0.82421875 0.421875 0.10234375 0.11640625
1 0.88671875 0.49453125 0.10703125 0.11171875
1 0.89609375 0.6359375 0.1890625 0.23828125
1 0.75703125 0.81953125 0.2703125 0.3609375
1 0.590625 0.27109375 0.0359375 0.03515625
1 0.51171875 0.27578125 0.02890625 0.06796875
1 0.4421875 0.31328125 0.03203125 0.06015625
1 0.3921875 0.3203125 0.03984375 0.08359375
1 0.36015625 0.33203125 0.053125 0.0765625
1 0.46328125 0.26015625 0.028125 0.03984375