3 0.3328125 0.53203125 0.05234375 0.1296875
3 0.3828125 0.4265625 0.02890625 0.08359375
3 0.42890625 0.3546875 0.02890625 0.06640625
3 0.4609375 0.3453125 0.02109375 0.06640625
3 0.478125 0.32578125 0.015625 0.0546875
3 0.2484375 0.7109375 0.128125 0.18515625
3 0.5 0.29140625 0.01484375 0.03359375
3 0.50390625 0.31484375 0.02421875 0.04296875
3 0.50234375 0.2765625 0.01328125 0.0296875
3 0.61328125 0.2875 0.03203125 0.0453125
1 0.13828125 0.53046875 0.2 0.18515625
1 0.44921875 0.52578125 0.115625 0.1484375
1 0.83984375 0.47265625 0.12265625 0.13203125
1 0.66640625 0.303125 0.034375 0.04296875
1 0.49921875 0.33984375 0.046875 0.08984375
1 0.39453125 0.32890625 0.05703125 0.06171875
1 0.32890625 0.38203125 0.08984375 0.06640625
1 0.44609375 0.27734375 0.01796875 0.04140625
1 0.51015625 0.26796875 0.0265625 0.03671875
4 0.74296875 0.37421875 0.0734375 0.0953125
4 0.090625 0.7875 0.18125 0.3046875
0 0.4703125 0.28515625 0.046875 0.10703125