1 0.08671875 0.634375 0.1734375 0.19140625
1 0.19453125 0.91640625 0.2828125 0.16640625
4 0.4 0.6140625 0.13671875 0.221875
1 0.44921875 0.40390625 0.05546875 0.05859375
3 0.4203125 0.36484375 0.03125 0.05
3 0.446875 0.3421875 0.03203125 0.06171875
1 0.47578125 0.32265625 0.028125 0.0546875
1 0.49921875 0.33671875 0.02421875 0.0703125
1 0.4734375 0.2984375 0.03125 0.03984375
3 0.50078125 0.3 0.0109375 0.04296875
3 0.51484375 0.31484375 0.01796875 0.046875
1 0.50703125 0.28046875 0.01796875 0.0453125
1 0.3671875 0.34765625 0.04375 0.0453125
1 0.3984375 0.328125 0.03984375 0.05
0 0.578125 0.2484375 0.0359375 0.0234375
3 0.58984375 0.27890625 0.01875 0.028125
3 0.61328125 0.29453125 0.01484375 0.0453125
1 0.5875 0.3203125 0.04140625 0.05703125
1 0.62265625 0.36015625 0.0375 0.1
1 0.653125 0.4875 0.08671875 0.128125
1 0.875 0.4859375 0.11796875 0.121875
1 0.74140625 0.37734375 0.07109375 0.11171875