3 0.65859375 0.38515625 0.0171875 0.05546875
3 0.61484375 0.328125 0.0140625 0.02890625
3 0.634375 0.321875 0.01328125 0.03125
3 0.6859375 0.46171875 0.01875 0.0265625
3 0.796875 0.57109375 0.0453125 0.084375
3 0.88125 0.49140625 0.03984375 0.07890625
3 0.45 0.3265625 0.0234375 0.03203125
3 0.34296875 0.41796875 0.02734375 0.065625
3 0.45078125 0.39296875 0.02578125 0.0484375
3 0.4859375 0.28203125 0.01171875 0.02890625
3 0.5 0.3078125 0.0109375 0.03203125
1 0.3375 0.79921875 0.1609375 0.2703125
1 0.421875 0.46328125 0.0578125 0.10546875
1 0.353125 0.359375 0.03359375 0.04375
1 0.3765625 0.34296875 0.0328125 0.0484375
1 0.5828125 0.315625 0.021875 0.03984375
1 0.58125 0.28671875 0.02265625 0.028125
1 0.57890625 0.271875 0.01640625 0.02265625
2 0.6625 0.4984375 0.0890625 0.17578125