0 0.59921875 0.290625 0.05703125 0.13203125
0 0.16015625 0.6859375 0.3203125 0.628125
1 0.8359375 0.4625 0.128125 0.16484375
1 0.67734375 0.29921875 0.053125 0.05859375
1 0.63828125 0.26328125 0.04453125 0.04296875
1 0.465625 0.509375 0.10703125 0.15859375
1 0.3921875 0.696875 0.16328125 0.20703125
1 0.334375 0.38828125 0.0921875 0.08359375
1 0.3734375 0.3515625 0.05234375 0.08671875
1 0.39921875 0.325 0.03984375 0.0796875
1 0.51640625 0.29140625 0.0546875 0.05703125
1 0.48671875 0.26796875 0.021875 0.05703125
3 0.4359375 0.3203125 0.0203125 0.06328125
3 0.32890625 0.38984375 0.02578125 0.06328125
3 0.30625 0.396875 0.0125 0.08671875
3 0.56640625 0.27890625 0.01328125 0.06171875
2 0.4828125 0.36328125 0.0625 0.1203125
4 0.4640625 0.26640625 0.028125 0.04296875