1 0.61328125 0.4171875 0.05 0.1046875
3 0.68046875 0.4 0.02421875 0.1
3 0.64609375 0.38359375 0.015625 0.06015625
3 0.63984375 0.36015625 0.01875 0.053125
1 0.72734375 0.584375 0.11796875 0.178125
1 0.86875 0.52109375 0.13984375 0.225
1 0.73671875 0.3765625 0.07265625 0.1296875
3 0.4125 0.8078125 0.1515625 0.16796875
3 0.27578125 0.778125 0.1046875 0.16640625
3 0.2875 0.65390625 0.0609375 0.125
1 0.1140625 0.85546875 0.228125 0.28828125
1 0.33359375 0.4734375 0.10703125 0.1203125
1 0.4578125 0.40234375 0.0625 0.06796875
3 0.41796875 0.3703125 0.01875 0.053125
1 0.3484375 0.36328125 0.05546875 0.053125
1 0.36953125 0.33984375 0.03671875 0.053125
1 0.4 0.32265625 0.0359375 0.04140625
3 0.4578125 0.30859375 0.01875 0.046875
1 0.4953125 0.3234375 0.0296875 0.03359375
1 0.4828125 0.31171875 0.0203125 0.046875
5 0.48046875 0.29140625 0.02890625 0.046875
1 0.50390625 0.27265625 0.0265625 0.04140625
4 0.2109375 0.45859375 0.12421875 0.1234375
5 0.58828125 0.30234375 0.053125 0.08515625