1 0.09921875 0.85390625 0.1984375 0.2359375
1 0.3140625 0.58515625 0.0921875 0.11640625
1 0.4578125 0.43828125 0.05546875 0.0703125
1 0.865625 0.49453125 0.09921875 0.0953125
1 0.3515625 0.3625 0.0359375 0.04140625
1 0.36953125 0.3421875 0.0359375 0.03515625
1 0.39765625 0.32734375 0.0296875 0.03203125
1 0.5109375 0.31796875 0.02109375 0.03359375
2 0.7390625 0.371875 0.04765625 0.06328125
2 0.59140625 0.28984375 0.0265625 0.03984375
3 0.56796875 0.2921875 0.01015625 0.03203125
3 0.39921875 0.46953125 0.02421875 0.06796875
3 0.41640625 0.3765625 0.01484375 0.03984375
3 0.44921875 0.378125 0.015625 0.046875
3 0.4890625 0.353125 0.015625 0.03984375
3 0.43125 0.359375 0.0109375 0.03828125
3 0.4765625 0.32109375 0.0125 0.03515625
3 0.490625 0.3140625 0.0125 0.03515625
4 0.21640625 0.46171875 0.07265625 0.0765625