1 0.146875 0.5484375 0.16484375 0.18359375
1 0.32734375 0.38984375 0.065625 0.11328125
1 0.365625 0.340625 0.0453125 0.0984375
1 0.3953125 0.315625 0.04375 0.0953125
1 0.48515625 0.26171875 0.01875 0.04296875
1 0.46953125 0.4609375 0.07421875 0.121875
1 0.6046875 0.42734375 0.0796875 0.1515625
1 0.83828125 0.47578125 0.1046875 0.16171875
1 0.66953125 0.303125 0.03984375 0.05703125
1 0.63828125 0.271875 0.02890625 0.04296875
0 0.57265625 0.2375 0.02421875 0.05859375
0 0.45625 0.33671875 0.07578125 0.096875
3 0.509375 0.3453125 0.0203125 0.05703125
3 0.50703125 0.33203125 0.03359375 0.06640625
3 0.50546875 0.28515625 0.01015625 0.03984375
3 0.43125 0.29140625 0.01875 0.03359375
3 0.23125 0.690625 0.06015625 0.1515625
4 0.63203125 0.33359375 0.0546875 0.096875
4 0.459375 0.26796875 0.03359375 0.046875
4 0.5796875 0.2859375 0.04765625 0.06484375