0 0.2296875 0.60859375 0.26171875 0.3234375
1 0.33984375 0.3875 0.06328125 0.0515625
1 0.3578125 0.35703125 0.0390625 0.0296875
1 0.37265625 0.334375 0.021875 0.03515625
1 0.47734375 0.30078125 0.0234375 0.03828125
1 0.50078125 0.2765625 0.021875 0.01640625
1 0.83046875 0.4484375 0.07109375 0.08671875
3 0.875 0.49296875 0.04921875 0.05703125
3 0.421875 0.4578125 0.0359375 0.06796875
3 0.46015625 0.31015625 0.01484375 0.0234375
3 0.62734375 0.28359375 0.015625 0.0265625
3 0.6140625 0.278125 0.0234375 0.0234375