1 0.65078125 0.57265625 0.165625 0.21796875
1 0.83984375 0.475 0.1234375 0.1265625
1 0.60703125 0.33828125 0.04765625 0.09296875
1 0.66484375 0.296875 0.0734375 0.06640625
1 0.6390625 0.2546875 0.04140625 0.05
1 0.57265625 0.3 0.0265625 0.06640625
1 0.58515625 0.25390625 0.01875 0.03515625
1 0.4828125 0.26796875 0.03125 0.03984375
1 0.403125 0.325 0.03671875 0.06328125
1 0.3640625 0.3359375 0.06328125 0.09140625
1 0.33828125 0.38046875 0.07265625 0.11796875
1 0.13984375 0.540625 0.22578125 0.175
1 0.184375 0.8765625 0.2828125 0.2265625
3 0.809375 0.58984375 0.08125 0.15
3 0.9421875 0.77734375 0.09921875 0.21171875
3 0.59296875 0.2734375 0.02421875 0.03359375
3 0.47734375 0.34921875 0.03671875 0.0546875
3 0.45234375 0.4859375 0.0421875 0.128125
3 0.39921875 0.390625 0.05546875 0.09140625
3 0.51015625 0.2984375 0.01875 0.05
3 0.49453125 0.2890625 0.0265625 0.0453125
4 0.46484375 0.275 0.0265625 0.046875