1 0.84375 0.4578125 0.06875 0.075
1 0.4625 0.46640625 0.046875 0.08984375
1 0.153125 0.8359375 0.18046875 0.21484375
1 0.49765625 0.36328125 0.0390625 0.053125
1 0.3140625 0.39296875 0.03671875 0.03671875
1 0.28046875 0.42578125 0.03671875 0.0453125
1 0.3578125 0.34921875 0.0359375 0.03515625
1 0.37265625 0.33046875 0.021875 0.0453125
1 0.4390625 0.28828125 0.02109375 0.0296875
1 0.45390625 0.27109375 0.021875 0.0484375
1 0.51953125 0.28984375 0.015625 0.01015625
2 0.22265625 0.46953125 0.0875 0.08515625
3 0.35078125 0.60078125 0.04765625 0.0953125
3 0.2875 0.61484375 0.0453125 0.08984375
3 0.4625 0.759375 0.06015625 0.15859375
3 0.6125 0.27421875 0.0125 0.025