3 0.309375 0.4171875 0.02890625 0.08203125
3 0.33046875 0.403125 0.05 0.09296875
3 0.50859375 0.2546875 0.0078125 0.03671875
1 0.86484375 0.44140625 0.17265625 0.1734375
1 0.665625 0.28984375 0.0296875 0.05703125
1 0.6375 0.2640625 0.0296875 0.04140625
1 0.48125 0.265625 0.0296875 0.0453125
1 0.40390625 0.32109375 0.05234375 0.071875
1 0.37109375 0.33828125 0.0390625 0.08671875
1 0.325 0.3734375 0.07890625 0.096875
1 0.15859375 0.49296875 0.1859375 0.2234375
0 0.45234375 0.28203125 0.084375 0.1296875