3 0.38515625 0.61171875 0.0421875 0.14296875
3 0.34140625 0.39921875 0.03984375 0.071875
3 0.60390625 0.31484375 0.03125 0.06328125
1 0.82578125 0.46953125 0.09453125 0.13828125
1 0.665625 0.29765625 0.03203125 0.05859375
1 0.39921875 0.3234375 0.04921875 0.06328125
1 0.36171875 0.33671875 0.03984375 0.0703125
1 0.20078125 0.4734375 0.10546875 0.1203125
1 0.36171875 0.4734375 0.11328125 0.09296875
4 0.7484375 0.39140625 0.07109375 0.08984375
4 0.56484375 0.259375 0.01796875 0.0453125
0 0.58515625 0.25 0.02109375 0.0703125