1 0.8765625 0.51640625 0.1234375 0.18984375
1 0.73984375 0.3765625 0.0578125 0.11328125
1 0.63125 0.4296875 0.096875 0.096875
1 0.603125 0.33984375 0.0375 0.06640625
3 0.65078125 0.36171875 0.02578125 0.0796875
5 0.5875 0.2734375 0.01484375 0.053125
1 0.5125 0.2875 0.03203125 0.071875
1 0.46796875 0.440625 0.08203125 0.121875
2 0.33671875 0.403125 0.0546875 0.09296875
1 0.35390625 0.35859375 0.05546875 0.06328125
1 0.37421875 0.34140625 0.04375 0.05703125
4 0.2078125 0.45859375 0.11796875 0.1265625