3 0.190625 0.5609375 0.06015625 0.084375
3 0.87265625 0.49296875 0.0453125 0.07421875
3 0.76875 0.40234375 0.03359375 0.05703125
3 0.4703125 0.30390625 0.01875 0.02421875
3 0.596875 0.2890625 0.02890625 0.03046875
2 0.2921875 0.4109375 0.06484375 0.07734375
4 0.3828125 0.54296875 0.0859375 0.1515625
1 0.45234375 0.45078125 0.0625 0.07734375
1 0.83046875 0.4515625 0.0765625 0.10234375
1 0.3546875 0.37734375 0.04609375 0.05390625
1 0.3671875 0.34375 0.04453125 0.046875
1 0.50703125 0.3109375 0.03984375 0.04765625