1 0.8703125 0.50859375 0.12578125 0.16640625
3 0.6203125 0.32890625 0.0234375 0.04140625
1 0.9046875 0.87578125 0.190625 0.2484375
1 0.58046875 0.27265625 0.02578125 0.04140625
3 0.4703125 0.3171875 0.03671875 0.0546875
3 0.46796875 0.39921875 0.046875 0.06171875
3 0.4078125 0.4078125 0.03359375 0.071875
1 0.35234375 0.3640625 0.03984375 0.06484375
1 0.3734375 0.340625 0.0359375 0.05859375
1 0.3078125 0.4125 0.08125 0.10859375
4 0.22109375 0.47578125 0.1 0.11171875
1 0.50859375 0.28359375 0.03203125 0.046875
1 0.7515625 0.38203125 0.07265625 0.103125