1 0.94375 0.61484375 0.1125 0.209375
1 0.65546875 0.5375 0.090625 0.13671875
1 0.3109375 0.38984375 0.05390625 0.0515625
1 0.35 0.365625 0.04140625 0.03671875
1 0.37109375 0.34296875 0.03515625 0.03515625
1 0.39375 0.3265625 0.03828125 0.02734375
1 0.46015625 0.3125 0.02265625 0.03828125
1 0.49296875 0.3125 0.02890625 0.03515625
1 0.57421875 0.3109375 0.0328125 0.046875
2 0.6125 0.33359375 0.03671875 0.06796875
3 0.6703125 0.3734375 0.01953125 0.04609375
3 0.65234375 0.3421875 0.01796875 0.04375
3 0.871875 0.49453125 0.05 0.0625
3 0.48359375 0.3515625 0.0171875 0.034375
4 0.18515625 0.73046875 0.17578125 0.2328125