1 0.45390625 0.48671875 0.05078125 0.08984375
1 0.3859375 0.42265625 0.046875 0.08515625
1 0.45078125 0.409375 0.034375 0.0453125
1 0.40390625 0.32890625 0.02890625 0.021875
1 0.371875 0.34609375 0.0296875 0.03203125
1 0.353125 0.365625 0.02578125 0.028125
1 0.3015625 0.40078125 0.0234375 0.03203125
1 0.5765625 0.25 0.01484375 0.01015625
1 0.50625 0.28203125 0.0109375 0.01640625
3 0.33046875 0.56953125 0.0421875 0.06796875
3 0.31953125 0.91015625 0.08671875 0.13359375
3 0.70625 0.53828125 0.04921875 0.09296875
3 0.6921875 0.35234375 0.01875 0.03203125
3 0.59453125 0.28984375 0.01640625 0.0265625
3 0.87890625 0.49453125 0.03984375 0.0515625