3 0.77265625 0.56328125 0.06328125 0.10859375
3 0.86953125 0.4921875 0.03984375 0.07734375
3 0.7640625 0.3953125 0.02421875 0.05546875
1 0.1921875 0.9390625 0.2015625 0.12109375
1 0.4125 0.7703125 0.14140625 0.196875
1 0.253125 0.73046875 0.16796875 0.19296875
1 0.40859375 0.55234375 0.08125 0.11015625
1 0.45546875 0.44765625 0.05 0.09375
1 0.49140625 0.36484375 0.03046875 0.05546875
1 0.83046875 0.45625 0.0765625 0.09140625
0 0.465625 0.31484375 0.04140625 0.075
0 0.35 0.46640625 0.1390625 0.1609375
2 0.29375 0.41015625 0.065625 0.059375
1 0.36875 0.3421875 0.03828125 0.04375