1 0.365625 0.72890625 0.18203125 0.30859375
1 0.44609375 0.46015625 0.109375 0.16015625
1 0.153125 0.5484375 0.14140625 0.1703125
1 0.2109375 0.4859375 0.09765625 0.125
1 0.37421875 0.33984375 0.0609375 0.06015625
1 0.3921875 0.3171875 0.04140625 0.0484375
1 0.73125 0.4328125 0.0609375 0.0953125
1 0.8296875 0.4515625 0.09375 0.11015625
1 0.91953125 0.5421875 0.1515625 0.13828125
1 0.86484375 0.61015625 0.18046875 0.24296875
1 0.6703125 0.303125 0.046875 0.06640625
1 0.64140625 0.2734375 0.0296875 0.0296875
4 0.75703125 0.36796875 0.07890625 0.1
4 0.57109375 0.2859375 0.04140625 0.05859375
4 0.6296875 0.2546875 0.0203125 0.03984375
4 0.465625 0.26484375 0.02578125 0.0265625
2 0.6 0.28984375 0.04140625 0.06328125
3 0.58828125 0.2703125 0.01796875 0.04296875
3 0.69765625 0.49609375 0.05703125 0.125
3 0.41875 0.340625 0.0296875 0.06796875
3 0.4640625 0.2953125 0.02421875 0.03984375
1 0.62109375 0.35703125 0.06328125 0.18984375