3 0.87265625 0.49140625 0.0359375 0.06796875
3 0.4625 0.37734375 0.0140625 0.03984375
3 0.41640625 0.36640625 0.01875 0.059375
3 0.43671875 0.37265625 0.0171875 0.05546875
1 0.25078125 0.78828125 0.17421875 0.2390625
1 0.8421875 0.453125 0.078125 0.0984375
1 0.29921875 0.415625 0.0734375 0.06328125
1 0.31640625 0.384375 0.06015625 0.03984375
1 0.34765625 0.36328125 0.04921875 0.04453125
1 0.371875 0.3453125 0.03984375 0.046875
1 0.49609375 0.35 0.03203125 0.06328125
1 0.46328125 0.32109375 0.0328125 0.04140625
1 0.4875 0.29765625 0.02890625 0.04140625
2 0.42421875 0.55546875 0.0734375 0.11328125