3 0.30234375 0.41953125 0.06640625 0.0984375
3 0.5140625 0.278125 0.01640625 0.053125
3 0.58828125 0.253125 0.015625 0.03359375
1 0.82265625 0.44296875 0.11796875 0.1734375
1 0.88828125 0.51015625 0.1109375 0.21015625
1 0.66640625 0.29765625 0.04765625 0.0546875
1 0.3671875 0.3609375 0.04453125 0.0984375
1 0.3953125 0.32421875 0.04375 0.08203125
1 0.62109375 0.25390625 0.0171875 0.03671875
1 0.4546875 0.2734375 0.02109375 0.040625
4 0.465625 0.26953125 0.0234375 0.04765625
3 0.5796875 0.23828125 0.00703125 0.01640625
3 0.5890625 0.23125 0.00703125 0.0265625
0 0.61484375 0.2375 0.02578125 0.0453125