1 0.86796875 0.48984375 0.096875 0.096875
1 0.5765625 0.3265625 0.034375 0.046875
2 0.60546875 0.31953125 0.034375 0.0515625
2 0.628125 0.42578125 0.04765625 0.0953125
1 0.63828125 0.38203125 0.046875 0.06640625
2 0.73828125 0.3734375 0.05078125 0.06640625
1 0.35234375 0.36640625 0.03984375 0.05
1 0.36953125 0.34453125 0.03984375 0.03828125
1 0.39609375 0.32734375 0.0421875 0.03515625
1 0.4703125 0.31015625 0.03359375 0.046875
3 0.76015625 0.51171875 0.0390625 0.08984375
3 0.909375 0.765625 0.09453125 0.1515625
3 0.6375 0.3328125 0.01875 0.03515625
0 0.56796875 0.2515625 0.02890625 0.06015625