3 0.71953125 0.4640625 0.034375 0.0609375
3 0.87109375 0.4984375 0.0421875 0.0625
3 0.3984375 0.7796875 0.05078125 0.11171875
3 0.41484375 0.49453125 0.02734375 0.05859375
3 0.434375 0.4109375 0.021875 0.04296875
3 0.484375 0.39921875 0.02265625 0.05625
3 0.44140625 0.3734375 0.025 0.0453125
3 0.46171875 0.34375 0.0171875 0.0296875
3 0.4671875 0.378125 0.02109375 0.0390625
2 0.2953125 0.41484375 0.0671875 0.07734375
1 0.3671875 0.34375 0.034375 0.04609375
1 0.8296875 0.45546875 0.08515625 0.08984375
3 0.76171875 0.3921875 0.03203125 0.04296875