1 0.4078125 0.64609375 0.10390625 0.17734375
3 0.88046875 0.4921875 0.034375 0.0625
1 0.84375 0.46640625 0.075 0.09140625
1 0.26875 0.4578125 0.05703125 0.08125
1 0.6078125 0.33828125 0.03984375 0.04921875
1 0.58125 0.28671875 0.01640625 0.03515625
1 0.35 0.359375 0.034375 0.05
1 0.475 0.31328125 0.021875 0.0390625
1 0.375 0.34296875 0.0328125 0.040625
1 0.4796875 0.284375 0.025 0.03046875
3 0.396875 0.47578125 0.04765625 0.053125
3 0.3875 0.375 0.03203125 0.04921875
3 0.4984375 0.2890625 0.01796875 0.034375
3 0.6125 0.2890625 0.0125 0.0234375
3 0.56484375 0.28515625 0.01015625 0.02890625