3 0.246875 0.55703125 0.05703125 0.08671875
3 0.8828125 0.49375 0.0453125 0.06953125
3 0.478125 0.29609375 0.0234375 0.028125
3 0.30546875 0.46875 0.02734375 0.0703125
4 0.2265625 0.76328125 0.159375 0.27265625
1 0.58046875 0.26328125 0.02578125 0.028125
1 0.83515625 0.46015625 0.090625 0.11953125
1 0.3109375 0.396875 0.06484375 0.05625
1 0.3484375 0.36484375 0.03359375 0.0453125
1 0.36953125 0.34765625 0.03984375 0.04140625
1 0.36953125 0.846875 0.1515625 0.2921875
0 0.41796875 0.34921875 0.065625 0.10703125