1 0.6234375 0.39453125 0.05703125 0.125
1 0.83671875 0.4671875 0.08984375 0.14140625
4 0.76328125 0.378125 0.06015625 0.1203125
3 0.69375 0.3484375 0.02109375 0.06640625
1 0.61484375 0.278125 0.02421875 0.046875
1 0.6375 0.259375 0.0390625 0.028125
1 0.671875 0.29296875 0.02890625 0.05703125
1 0.39609375 0.32421875 0.04140625 0.0484375
1 0.359375 0.34921875 0.0875 0.06796875
1 0.3046875 0.37109375 0.08671875 0.08203125
1 0.16015625 0.54921875 0.16875 0.171875
1 0.4453125 0.278125 0.034375 0.053125
4 0.4671875 0.2671875 0.0265625 0.0515625