0 0.17109375 0.5984375 0.31484375 0.5
2 0.33828125 0.396875 0.05703125 0.08984375
1 0.35078125 0.359375 0.04140625 0.0453125
1 0.36484375 0.340625 0.0375 0.04140625
1 0.44453125 0.30078125 0.03671875 0.03203125
1 0.48125 0.31640625 0.03671875 0.03359375
3 0.6734375 0.52109375 0.03671875 0.16484375
3 0.6359375 0.396875 0.0296875 0.09296875
1 0.8671875 0.4859375 0.11484375 0.125
2 0.69765625 0.359375 0.0625 0.11171875
3 0.5984375 0.31171875 0.00859375 0.03671875
1 0.57421875 0.296875 0.02890625 0.046875
0 0.571875 0.2546875 0.0296875 0.06015625
3 0.60859375 0.284375 0.0125 0.03515625
3 0.5921875 0.275 0.0125 0.03671875