3 0.3671875 0.76484375 0.08671875 0.18359375
3 0.2484375 0.5625 0.0453125 0.10859375
3 0.3078125 0.415625 0.028125 0.06796875
3 0.33515625 0.39765625 0.034375 0.08203125
3 0.61796875 0.36328125 0.028125 0.08984375
3 0.66328125 0.371875 0.0296875 0.08984375
3 0.5875 0.2796875 0.01328125 0.06328125
3 0.58125 0.2546875 0.01015625 0.03359375
0 0.4984375 0.278125 0.0421875 0.0703125
2 0.48984375 0.340625 0.0390625 0.06171875
1 0.446875 0.39453125 0.0578125 0.08515625
1 0.45390625 0.33671875 0.0375 0.05
1 0.3984375 0.315625 0.04375 0.0484375
1 0.36328125 0.3296875 0.03984375 0.03984375
1 0.22109375 0.48046875 0.08203125 0.08203125
1 0.8359375 0.45234375 0.084375 0.10859375
1 0.8859375 0.50859375 0.09453125 0.14296875
1 0.66484375 0.29765625 0.034375 0.0546875
1 0.4171875 0.53828125 0.13984375 0.1765625