3 0.21484375 0.80703125 0.06796875 0.1265625
3 0.27109375 0.6765625 0.046875 0.11015625
3 0.36953125 0.46953125 0.02578125 0.0515625
3 0.69765625 0.615625 0.0375 0.0953125
3 0.66484375 0.440625 0.02109375 0.05859375
3 0.6078125 0.434375 0.02109375 0.0546875
3 0.88671875 0.68046875 0.0546875 0.11484375
3 0.68046875 0.38671875 0.021875 0.05
3 0.603125 0.2984375 0.0125 0.03359375
3 0.61484375 0.28828125 0.01328125 0.0265625
1 0.8296875 0.4484375 0.07578125 0.0734375
1 0.8859375 0.4953125 0.09921875 0.08671875
1 0.21171875 0.478125 0.0875 0.0734375
1 0.17421875 0.6453125 0.1453125 0.1234375
1 0.365625 0.340625 0.0390625 0.028125
1 0.3921875 0.32109375 0.03359375 0.03203125
1 0.665625 0.290625 0.02578125 0.028125