1 0.16875 0.51640625 0.19375 0.1796875
1 0.33203125 0.3796875 0.065625 0.08671875
1 0.36640625 0.346875 0.05703125 0.06640625
1 0.38984375 0.33515625 0.05 0.08671875
2 0.41796875 0.29765625 0.04765625 0.06171875
1 0.484375 0.26796875 0.01640625 0.04296875
1 0.615625 0.365625 0.05859375 0.0984375
1 0.628125 0.47109375 0.09765625 0.1546875
1 0.83515625 0.45078125 0.12265625 0.1953125
1 0.5734375 0.2484375 0.02109375 0.03984375
1 0.57421875 0.2828125 0.0265625 0.0484375
1 0.6359375 0.2671875 0.0234375 0.0453125
1 0.66875 0.2921875 0.0359375 0.06171875
1 0.403125 0.40390625 0.04375 0.1015625
3 0.57890625 0.37109375 0.03203125 0.1015625
3 0.64765625 0.37421875 0.0296875 0.11171875
3 0.58828125 0.31171875 0.0203125 0.08359375
3 0.43046875 0.35859375 0.02421875 0.0703125
3 0.47109375 0.30234375 0.01875 0.04140625
4 0.46875 0.26328125 0.0296875 0.06015625
1 0.5953125 0.25 0.0234375 0.0265625
3 0.61015625 0.284375 0.015625 0.0546875