2 0.23203125 0.7828125 0.2234375 0.2984375
2 0.2140625 0.47265625 0.09140625 0.1046875
2 0.421875 0.34296875 0.046875 0.05390625
1 0.36796875 0.34921875 0.040625 0.04765625
1 0.4671875 0.4078125 0.04375 0.05859375
1 0.50703125 0.325 0.028125 0.0421875
1 0.32265625 0.384375 0.0578125 0.0546875
1 0.146875 0.5375 0.1125 0.1
1 0.28828125 0.41484375 0.0640625 0.0828125
3 0.6640625 0.39453125 0.0421875 0.0546875
3 0.8765625 0.49765625 0.04921875 0.08046875
1 0.83984375 0.4625 0.1 0.096875
4 0.62890625 0.45625 0.08671875 0.115625