3 0.871875 0.4859375 0.05546875 0.08515625
3 0.76640625 0.47890625 0.0453125 0.075
3 0.61953125 0.34765625 0.0203125 0.03828125
3 0.60078125 0.3125 0.01796875 0.03515625
3 0.4921875 0.37109375 0.01484375 0.0515625
3 0.42890625 0.46953125 0.0265625 0.06484375
3 0.37109375 0.64453125 0.05 0.11484375
3 0.35234375 0.38203125 0.0203125 0.04296875
1 0.2828125 0.4203125 0.05078125 0.05
1 0.3109375 0.39296875 0.03203125 0.06328125
1 0.35390625 0.353125 0.02890625 0.06328125
1 0.3703125 0.33515625 0.02890625 0.05
1 0.415625 0.3875 0.0375 0.05859375
1 0.83828125 0.45546875 0.04375 0.071875
1 0.57734375 0.27734375 0.015625 0.028125
4 0.5171875 0.2765625 0.021875 0.046875
2 0.2109375 0.4703125 0.0890625 0.10703125
3 0.3734375 0.8203125 0.07578125 0.1265625