2 0.21484375 0.46953125 0.11640625 0.0953125
2 0.47734375 0.465625 0.06796875 0.0953125
1 0.2828125 0.4171875 0.06796875 0.06171875
1 0.31171875 0.378125 0.0390625 0.0703125
1 0.3578125 0.35 0.02890625 0.0734375
1 0.375 0.33359375 0.03984375 0.046875
1 0.48359375 0.3203125 0.02109375 0.03984375
1 0.51328125 0.2859375 0.01875 0.03203125
1 0.4203125 0.40859375 0.03984375 0.05703125
1 0.83984375 0.471875 0.0765625 0.08671875
3 0.39765625 0.76015625 0.05703125 0.15703125
3 0.45390625 0.54921875 0.04765625 0.08203125
3 0.42109375 0.37734375 0.02109375 0.03203125
3 0.4296875 0.32734375 0.0390625 0.0546875
3 0.503125 0.3484375 0.03203125 0.046875
3 0.6265625 0.3546875 0.028125 0.046875
3 0.64140625 0.31796875 0.01640625 0.0203125
3 0.5875 0.3046875 0.01875 0.03671875
3 0.5890625 0.27265625 0.01875 0.03828125
3 0.86875 0.4890625 0.0546875 0.06796875
3 0.446875 0.4078125 0.02578125 0.0546875
0 0.0875 0.7375 0.14453125 0.378125