3 0.66328125 0.390625 0.03671875 0.09140625
0 0.78203125 0.5 0.1625 0.28359375
2 0.15546875 0.52734375 0.10234375 0.0984375
2 0.31328125 0.4625 0.08359375 0.08203125
1 0.37265625 0.34609375 0.0375 0.04140625
1 0.22265625 0.478125 0.0765625 0.08671875
1 0.39453125 0.3234375 0.03125 0.0296875
1 0.49921875 0.3390625 0.0421875 0.0546875
1 0.59296875 0.28671875 0.06328125 0.0765625
1 0.615625 0.3046875 0.034375 0.05703125
1 0.58828125 0.27265625 0.02421875 0.03515625
1 0.6046875 0.3484375 0.028125 0.05
1 0.61796875 0.40703125 0.046875 0.06640625
1 0.66484375 0.290625 0.028125 0.01796875
1 0.8421875 0.43828125 0.06484375 0.08359375