3 0.4234375 0.59609375 0.05546875 0.1484375
3 0.32421875 0.53671875 0.05 0.1296875
3 0.29140625 0.45234375 0.0359375 0.09140625
3 0.34453125 0.47421875 0.04140625 0.0953125
3 0.2234375 0.54609375 0.06640625 0.121875
3 0.43125 0.403125 0.02890625 0.09296875
3 0.459375 0.353125 0.0203125 0.05703125
3 0.46015625 0.31953125 0.01328125 0.05859375
3 0.46796875 0.29453125 0.01875 0.0484375
3 0.4921875 0.38046875 0.028125 0.075
3 0.48671875 0.33046875 0.02421875 0.0515625
3 0.49296875 0.3046875 0.03203125 0.06640625
3 0.503125 0.30703125 0.02109375 0.03359375
3 0.59921875 0.3 0.0203125 0.053125
3 0.59296875 0.26328125 0.01796875 0.0265625
4 0.465625 0.27109375 0.0203125 0.06171875
4 0.56796875 0.2453125 0.02890625 0.0265625
1 0.16015625 0.5328125 0.1515625 0.18515625
1 0.32734375 0.38515625 0.10234375 0.1
1 0.359375 0.33359375 0.0546875 0.08359375
1 0.396875 0.3265625 0.05078125 0.0703125
1 0.446875 0.28046875 0.03671875 0.0515625
1 0.6359375 0.26484375 0.021875 0.05
1 0.66484375 0.303125 0.03984375 0.05703125
1 0.83828125 0.46328125 0.12265625 0.11015625
4 0.31953125 0.94609375 0.2859375 0.1078125