3 0.1703125 0.92734375 0.1203125 0.1453125
3 0.5984375 0.55 0.02890625 0.08984375
3 0.8109375 0.62890625 0.06640625 0.125
3 0.57421875 0.4484375 0.03671875 0.09296875
3 0.49375 0.3109375 0.01796875 0.0484375
3 0.49453125 0.41015625 0.034375 0.0765625
3 0.81875 0.484375 0.03359375 0.06171875
3 0.80625 0.42734375 0.03359375 0.06484375
3 0.76171875 0.38515625 0.01796875 0.053125
3 0.72265625 0.3640625 0.01484375 0.04140625
1 0.7375 0.8671875 0.18125 0.26484375
1 0.95390625 0.85390625 0.09140625 0.2546875
4 0.8671875 0.87734375 0.19453125 0.2453125
4 0.7734375 0.49453125 0.07890625 0.1515625
1 0.87578125 0.5015625 0.10546875 0.1296875
1 0.8578125 0.5484375 0.0875 0.14296875
1 0.75703125 0.65078125 0.13125 0.178125
1 0.65 0.659375 0.11484375 0.178125
1 0.62734375 0.48046875 0.07578125 0.125
1 0.6140625 0.421875 0.05234375 0.05703125
1 0.603125 0.39140625 0.03984375 0.06015625
1 0.57890625 0.34921875 0.034375 0.0484375
4 0.6078125 0.31328125 0.034375 0.046875
4 0.57109375 0.30546875 0.028125 0.0515625
2 0.6375 0.34765625 0.02890625 0.06171875
2 0.7375 0.39609375 0.04765625 0.075
0 0.68828125 0.39296875 0.08203125 0.16640625
1 0.4640625 0.35234375 0.05 0.0515625
4 0.446875 0.42109375 0.065625 0.09140625
1 0.21875 0.55 0.178125 0.1296875
1 0.3484375 0.3546875 0.02890625 0.04296875
1 0.36640625 0.33828125 0.03203125 0.03671875
1 0.39609375 0.32109375 0.028125 0.03515625