1 0.69765625 0.6 0.09921875 0.153125
1 0.63984375 0.42578125 0.053125 0.08203125
1 0.83359375 0.45390625 0.0765625 0.078125
1 0.63125 0.33046875 0.03671875 0.0515625
1 0.66640625 0.296875 0.02578125 0.03984375
1 0.56875 0.27421875 0.02109375 0.028125
1 0.63515625 0.2640625 0.021875 0.025
1 0.32734375 0.38828125 0.05078125 0.046875
1 0.14609375 0.53515625 0.1078125 0.11328125
1 0.39609375 0.32578125 0.0296875 0.03203125
1 0.4765625 0.30703125 0.028125 0.04296875
4 0.7515625 0.37421875 0.04921875 0.071875