1 0.334375 0.59609375 0.146875 0.20859375
3 0.4015625 0.47421875 0.046875 0.1015625
1 0.4609375 0.446875 0.05703125 0.09296875
4 0.21015625 0.459375 0.10234375 0.1046875
1 0.11875 0.8296875 0.23671875 0.3
1 0.35390625 0.36953125 0.04921875 0.071875
1 0.3671875 0.34140625 0.0359375 0.05
1 0.3921875 0.325 0.0296875 0.046875
3 0.41796875 0.3765625 0.028125 0.06640625
3 0.43125 0.3484375 0.0234375 0.06328125
3 0.45234375 0.37890625 0.01875 0.06171875
3 0.4921875 0.35703125 0.028125 0.05703125
3 0.47890625 0.32734375 0.02578125 0.0515625
3 0.490625 0.31328125 0.015625 0.03359375
1 0.46875 0.29609375 0.028125 0.03203125
1 0.51328125 0.315625 0.03671875 0.04140625
1 0.734375 0.37109375 0.04921875 0.09140625
1 0.871875 0.50390625 0.12421875 0.16171875
3 0.56484375 0.2953125 0.0109375 0.05
1 0.59921875 0.29921875 0.0453125 0.071875
0 0.578125 0.24296875 0.02578125 0.046875