4 0.43125 0.3 0.0359375 0.06328125
4 0.465625 0.2671875 0.0234375 0.05859375
3 0.46484375 0.371875 0.06015625 0.096875
3 0.32734375 0.403125 0.06015625 0.0765625
1 0.8265625 0.50703125 0.18671875 0.26015625
1 0.6703125 0.2953125 0.0453125 0.06015625
1 0.64453125 0.27421875 0.05859375 0.06484375
1 0.58671875 0.2578125 0.0390625 0.0546875
1 0.496875 0.303125 0.0375 0.046875
1 0.49296875 0.25390625 0.0296875 0.03515625
1 0.40234375 0.3203125 0.05703125 0.0734375
1 0.359375 0.33515625 0.07421875 0.0765625
1 0.32109375 0.36640625 0.0734375 0.0734375
1 0.14765625 0.5171875 0.184375 0.178125