1 0.8890625 0.52890625 0.1546875 0.18828125
1 0.634375 0.43984375 0.05859375 0.103125
1 0.578125 0.2890625 0.01875 0.0484375
1 0.50703125 0.29609375 0.0265625 0.0453125
1 0.5046875 0.2578125 0.0203125 0.03203125
1 0.3484375 0.3640625 0.0453125 0.0484375
1 0.36875 0.33828125 0.03203125 0.0703125
1 0.39296875 0.32421875 0.034375 0.05859375
1 0.0546875 0.6671875 0.109375 0.178125
3 0.73125 0.5484375 0.05703125 0.15
3 0.7015625 0.425 0.0453125 0.0796875
3 0.62578125 0.36015625 0.01484375 0.06015625
3 0.63203125 0.34296875 0.02578125 0.0765625
3 0.6078125 0.31796875 0.01640625 0.05
3 0.61328125 0.2875 0.01640625 0.04140625
3 0.49140625 0.2703125 0.01328125 0.0234375
3 0.459375 0.284375 0.01796875 0.04140625