3 0.79375 0.6953125 0.0765625 0.146875
3 0.87109375 0.4921875 0.046875 0.0703125
3 0.7078125 0.4546875 0.03125 0.07734375
3 0.68828125 0.325 0.01484375 0.0453125
3 0.29140625 0.4796875 0.03515625 0.06875
2 0.28828125 0.41640625 0.075 0.0609375
1 0.48515625 0.3015625 0.01875 0.03203125
1 0.44921875 0.51875 0.07734375 0.10546875
1 0.325 0.5171875 0.08203125 0.1171875
1 0.3703125 0.35234375 0.03984375 0.0671875
1 0.8390625 0.45625 0.078125 0.09453125
1 0.76171875 0.42421875 0.05859375 0.07109375
1 0.7953125 0.57109375 0.115625 0.13671875
1 0.5828125 0.31640625 0.0359375 0.0421875
1 0.56953125 0.2890625 0.02890625 0.03359375
4 0.4890625 0.28046875 0.025 0.0234375
0 0.42421875 0.3671875 0.08984375 0.153125
0 0.6171875 0.33984375 0.0609375 0.109375
1 0.6078125 0.2734375 0.01796875 0.02265625
1 0.59921875 0.278125 0.0203125 0.02421875