1 0.88359375 0.49765625 0.1015625 0.0984375
1 0.4140625 0.55859375 0.08671875 0.11015625
1 0.21328125 0.48203125 0.084375 0.0796875
1 0.44140625 0.39921875 0.05078125 0.06484375
1 0.4515625 0.3421875 0.03359375 0.0453125
1 0.36796875 0.3390625 0.0359375 0.0453125
1 0.39453125 0.31796875 0.0375 0.04296875
1 0.825 0.440625 0.078125 0.06796875
3 0.66015625 0.3609375 0.01875 0.0484375
3 0.61796875 0.35234375 0.01328125 0.0453125
3 0.37890625 0.77421875 0.0359375 0.1484375
3 0.24453125 0.5578125 0.0359375 0.0984375
3 0.3390625 0.3984375 0.0265625 0.03671875
2 0.49140625 0.340625 0.03359375 0.06484375
0 0.50078125 0.284375 0.03359375 0.0546875
1 0.6640625 0.2875 0.0265625 0.03203125