1 0.8734375 0.5125 0.13046875 0.19140625
1 0.740625 0.37578125 0.0625 0.11171875
3 0.6734375 0.39453125 0.034375 0.11484375
3 0.6390625 0.3796875 0.028125 0.08359375
1 0.57734375 0.31171875 0.03125 0.05
1 0.59375 0.2875 0.01796875 0.03515625
1 0.57734375 0.27109375 0.0203125 0.05859375
3 0.625 0.3015625 0.01328125 0.03671875
3 0.61015625 0.2859375 0.0109375 0.04140625
0 0.5046875 0.26171875 0.0375 0.0703125
1 0.37109375 0.34921875 0.0390625 0.05859375
1 0.3484375 0.35859375 0.0421875 0.06640625
2 0.33671875 0.4 0.0734375 0.13359375
4 0.221875 0.46015625 0.1015625 0.11640625