1 0.3578125 0.32109375 0.12265625 0.1921875
1 0.40390625 0.18359375 0.07890625 0.1171875
1 0.2515625 0.06171875 0.06875 0.10703125
1 0.5390625 0.06796875 0.0828125 0.09765625
2 0.2390625 0.63984375 0.1859375 0.44296875
2 0.796875 0.1484375 0.11328125 0.1671875
1 0.684375 0.0671875 0.06640625 0.0875
1 0.21015625 0.9296875 0.278125 0.140625
3 0.409375 0.45625 0.0875 0.18359375
3 0.47578125 0.2375 0.0578125 0.10546875
3 0.53984375 0.159375 0.04140625 0.08984375
3 0.91875 0.3609375 0.07421875 0.08671875