1 0.60078125 0.3546875 0.03984375 0.0609375
1 0.671875 0.40703125 0.053125 0.07890625
1 0.59296875 0.2609375 0.01484375 0.02421875
1 0.565625 0.2671875 0.02734375 0.0328125
1 0.4890625 0.3078125 0.02734375 0.034375
1 0.36015625 0.35546875 0.0484375 0.04921875
1 0.45703125 0.44375 0.05703125 0.0921875
3 0.3828125 0.4046875 0.03984375 0.05078125
3 0.6046875 0.30546875 0.0171875 0.02578125
3 0.66484375 0.29765625 0.0171875 0.0265625
3 0.78203125 0.396875 0.0234375 0.05234375
3 0.88359375 0.496875 0.046875 0.075
1 0.36953125 0.3375 0.0421875 0.04765625
0 0.73984375 0.52265625 0.178125 0.33125