1 0.8140625 0.63828125 0.115625 0.21640625
1 0.8828125 0.503125 0.13046875 0.16328125
1 0.62578125 0.3484375 0.0375 0.0765625
1 0.16484375 0.51640625 0.13203125 0.16015625
1 0.45625 0.3921875 0.0578125 0.071875
1 0.4546875 0.48359375 0.09375 0.14296875
1 0.565625 0.31328125 0.03203125 0.06328125
1 0.6 0.30078125 0.0296875 0.0453125
1 0.5875 0.275 0.021875 0.03984375
1 0.628125 0.2703125 0.01796875 0.03671875
1 0.4078125 0.32265625 0.06484375 0.05859375
1 0.3609375 0.35 0.04375 0.053125
1 0.51796875 0.29140625 0.034375 0.04296875
2 0.28046875 0.428125 0.11328125 0.16015625
3 0.5859375 0.3125 0.0203125 0.05859375
3 0.62578125 0.2953125 0.0234375 0.04296875
3 0.57890625 0.25078125 0.00703125 0.01640625
3 0.584375 0.25390625 0.0109375 0.0140625