2 0.50546875 0.284375 0.03671875 0.06171875
4 0.4625 0.26953125 0.03125 0.0484375
0 0.70703125 0.4984375 0.15546875 0.38671875
0 0.3875 0.38515625 0.10546875 0.21328125
0 0.57578125 0.2421875 0.021875 0.04140625
1 0.15 0.559375 0.1515625 0.1515625
1 0.31953125 0.38515625 0.06875 0.08984375
1 0.47421875 0.359375 0.05 0.075
1 0.48515625 0.3265625 0.0296875 0.046875
1 0.46484375 0.45703125 0.084375 0.10703125
2 0.615625 0.32578125 0.04765625 0.06796875
1 0.6359375 0.2640625 0.0265625 0.0453125
1 0.83984375 0.45078125 0.11640625 0.128125
3 0.5640625 0.3359375 0.028125 0.06796875
3 0.57421875 0.3015625 0.02578125 0.05703125
3 0.59296875 0.2828125 0.01328125 0.03828125
3 0.590625 0.2640625 0.01328125 0.03203125
3 0.46015625 0.39921875 0.0375 0.08203125
3 0.4796875 0.2859375 0.015625 0.0484375
3 0.33046875 0.39296875 0.03671875 0.0765625
3 0.3 0.40703125 0.034375 0.08671875
3 0.28828125 0.8828125 0.084375 0.21171875