1 0.65859375 0.66484375 0.1 0.18359375
1 0.753125 0.8546875 0.19765625 0.28984375
1 0.8265625 0.76171875 0.16015625 0.23671875
1 0.92109375 0.92578125 0.1578125 0.1484375
1 0.7046875 0.49921875 0.0859375 0.11796875
1 0.64375 0.42734375 0.06875 0.08515625
1 0.57421875 0.3296875 0.034375 0.03984375
3 0.58984375 0.39140625 0.0234375 0.06015625
3 0.6609375 0.36640625 0.03984375 0.05
3 0.72109375 0.42578125 0.0296875 0.06796875
1 0.49453125 0.35 0.02890625 0.06015625
1 0.3671875 0.34296875 0.03203125 0.03984375
1 0.39765625 0.321875 0.028125 0.03359375