0 0.88046875 0.6953125 0.2390625 0.446875
2 0.740625 0.49140625 0.109375 0.13671875
1 0.7578125 0.784375 0.1859375 0.26796875
1 0.865625 0.94609375 0.196875 0.1078125
1 0.65703125 0.571875 0.09375 0.146875
1 0.8796875 0.48359375 0.0953125 0.1
1 0.753125 0.43046875 0.0796875 0.071875
1 0.70703125 0.39296875 0.0578125 0.05703125
4 0.6609375 0.37734375 0.06875 0.08203125
4 0.584375 0.38203125 0.03203125 0.08671875
1 0.61875 0.46328125 0.0546875 0.1
1 0.62421875 0.35234375 0.0375 0.06484375
1 0.5796875 0.3171875 0.0375 0.03828125
1 0.571875 0.28203125 0.03203125 0.04296875
0 0.59296875 0.2484375 0.0296875 0.0765625
1 0.66796875 0.29140625 0.028125 0.04296875
3 0.784375 0.41484375 0.03125 0.08984375
3 0.36484375 0.8265625 0.09140625 0.18671875
3 0.48359375 0.35078125 0.01875 0.0515625
1 0.4734375 0.42265625 0.05703125 0.1046875
1 0.5109375 0.28203125 0.02109375 0.03359375
1 0.40625 0.321875 0.04765625 0.04296875
1 0.35546875 0.34453125 0.0703125 0.04140625
0 0.3734375 0.4265625 0.115625 0.21015625
1 0.49453125 0.2671875 0.0234375 0.025
3 0.61640625 0.2796875 0.01796875 0.03671875