3 0.83125 0.77421875 0.11484375 0.26484375
3 0.56796875 0.28984375 0.00859375 0.03671875
1 0.83203125 0.45234375 0.09375 0.13828125
1 0.48203125 0.38828125 0.0546875 0.0765625
1 0.44921875 0.4359375 0.0625 0.078125
1 0.2375 0.521875 0.0921875 0.11015625
1 0.2046875 0.4671875 0.07578125 0.071875
1 0.3984375 0.32734375 0.03671875 0.0453125
1 0.36640625 0.33828125 0.03671875 0.03671875
1 0.578125 0.259375 0.00859375 0.03515625
1 0.66328125 0.28671875 0.0296875 0.03359375
0 0.6 0.31953125 0.05234375 0.08203125
0 0.36328125 0.4375 0.13359375 0.1984375