4 0.3109375 0.64765625 0.13984375 0.20703125
3 0.40859375 0.67734375 0.06796875 0.1375
3 0.8171875 0.59921875 0.04296875 0.12109375
3 0.875 0.49765625 0.04140625 0.06015625
3 0.6296875 0.32109375 0.01796875 0.03046875
3 0.6203125 0.29453125 0.0234375 0.028125
3 0.4296875 0.46484375 0.0375 0.06953125
3 0.4765625 0.36953125 0.0203125 0.0515625
3 0.34609375 0.45546875 0.03125 0.0625
1 0.8359375 0.8578125 0.240625 0.284375
3 0.03984375 0.88046875 0.0796875 0.1796875
0 0.4265625 0.35 0.084375 0.109375
1 0.48203125 0.43359375 0.053125 0.0921875
1 0.30625 0.409375 0.059375 0.06015625
1 0.34921875 0.3671875 0.05078125 0.05
1 0.37109375 0.346875 0.0453125 0.04375
1 0.46171875 0.3109375 0.028125 0.04453125
1 0.490625 0.35 0.03203125 0.0375
2 0.49375 0.3125 0.0328125 0.03984375
1 0.60078125 0.35703125 0.04609375 0.05703125
1 0.571875 0.27421875 0.01875 0.03671875
1 0.59140625 0.2703125 0.01640625 0.0234375
1 0.5828125 0.25859375 0.01875 0.02578125
4 0.38984375 0.31015625 0.0421875 0.05859375