3 0.5953125 0.4953125 0.0609375 0.2125
3 0.759375 0.125 0.0328125 0.08671875
3 0.6859375 0.02890625 0.0328125 0.05234375
3 0.17890625 0.196875 0.0453125 0.11015625
1 0.21171875 0.8140625 0.3078125 0.3625
1 0.37734375 0.2734375 0.11484375 0.146875
1 0.40390625 0.13515625 0.0796875 0.1203125
1 0.465625 0.04375 0.05625 0.08671875
1 0.496875 0.11640625 0.0859375 0.1140625
3 0.54375 0.16171875 0.03828125 0.09296875
2 0.434375 0.4859375 0.16796875 0.35234375
1 0.2453125 0.09609375 0.08984375 0.0875
4 0.89453125 0.415625 0.1578125 0.25234375