3 0.3 0.415625 0.0203125 0.078125
3 0.3453125 0.39453125 0.05234375 0.0453125
3 0.440625 0.390625 0.0359375 0.06484375
3 0.50625 0.32734375 0.015625 0.0484375
3 0.4796875 0.2671875 0.0109375 0.03203125
3 0.490625 0.26640625 0.0109375 0.0296875
1 0.50625 0.28828125 0.02109375 0.03359375
1 0.421875 0.61015625 0.13359375 0.203125
1 0.39609375 0.43203125 0.07265625 0.1
1 0.36796875 0.35 0.03125 0.06015625
1 0.3890625 0.3125 0.04921875 0.08828125
1 0.8234375 0.4515625 0.10546875 0.15
1 0.89140625 0.49921875 0.11015625 0.125
1 0.665625 0.28515625 0.04140625 0.05703125
3 0.59296875 0.29296875 0.0359375 0.053125
1 0.21796875 0.48515625 0.12265625 0.1265625
4 0.4640625 0.27109375 0.034375 0.0546875
2 0.23828125 0.81640625 0.34140625 0.36640625