4 0.66875 0.5640625 0.125 0.2
4 0.753125 0.37421875 0.05 0.075
2 0.15078125 0.54453125 0.1125 0.128125
1 0.2171875 0.4859375 0.0875 0.06328125
1 0.8328125 0.4578125 0.09375 0.1078125
1 0.665625 0.290625 0.02421875 0.03046875
1 0.58671875 0.28203125 0.015625 0.02265625
1 0.56953125 0.26875 0.0203125 0.0234375
1 0.39609375 0.32109375 0.0328125 0.0375
1 0.36875 0.34375 0.04296875 0.03984375
0 0.35390625 0.51796875 0.1734375 0.275
4 0.45546875 0.2671875 0.01875 0.02421875
3 0.503125 0.26328125 0.0109375 0.0125
3 0.4859375 0.29453125 0.01015625 0.01875
3 0.46484375 0.32265625 0.01328125 0.0234375
3 0.496875 0.31328125 0.01171875 0.034375
3 0.475 0.39140625 0.01875 0.0421875
3 0.31953125 0.4328125 0.0171875 0.05546875
3 0.3375 0.39375 0.03515625 0.03984375
3 0.62890625 0.3109375 0.0265625 0.04140625