1 0.4359375 0.45703125 0.06015625 0.0796875
1 0.14765625 0.5359375 0.12421875 0.11171875
2 0.621875 0.44609375 0.06015625 0.1046875
1 0.6734375 0.41328125 0.0546875 0.08984375
1 0.82890625 0.4578125 0.0875 0.08828125
1 0.7375 0.73984375 0.18046875 0.2796875
1 0.6125 0.3359375 0.0359375 0.0484375
1 0.58515625 0.30390625 0.021875 0.03203125
1 0.575 0.28671875 0.0265625 0.03359375
1 0.66484375 0.29453125 0.0234375 0.03203125
1 0.39453125 0.3234375 0.0375 0.03984375
4 0.7515625 0.37578125 0.05 0.06484375