1 0.40078125 0.446875 0.0765625 0.1265625
1 0.1203125 0.54375 0.240625 0.134375
1 0.82421875 0.45390625 0.08359375 0.13515625
1 0.66875 0.296875 0.03671875 0.03984375
1 0.5828125 0.28203125 0.02109375 0.04296875
1 0.58671875 0.2671875 0.02421875 0.028125
1 0.4953125 0.2921875 0.0203125 0.03828125
1 0.5 0.2703125 0.02421875 0.03359375
1 0.48203125 0.259375 0.0203125 0.03515625
1 0.4 0.3234375 0.0359375 0.06328125
1 0.365625 0.33828125 0.07265625 0.06640625
1 0.32890625 0.38203125 0.0765625 0.08359375
3 0.4546875 0.37265625 0.0265625 0.075
3 0.4453125 0.33671875 0.021875 0.046875
4 0.63359375 0.26484375 0.0203125 0.04296875
4 0.56875 0.2515625 0.03203125 0.046875
4 0.4671875 0.2609375 0.028125 0.0484375