3 0.24921875 0.6046875 0.05546875 0.09296875
3 0.58046875 0.303125 0.02421875 0.01015625
3 0.5859375 0.3375 0.015625 0.06171875
3 0.575 0.28359375 0.015625 0.03671875
3 0.59296875 0.28203125 0.01875 0.0296875
3 0.96171875 0.61328125 0.05703125 0.11015625
1 0.86953125 0.49296875 0.0953125 0.13671875
1 0.7375 0.3703125 0.05 0.0796875
1 0.60546875 0.42890625 0.0453125 0.1015625
1 0.465625 0.43671875 0.04453125 0.1
1 0.5046875 0.31328125 0.0265625 0.06015625
1 0.478125 0.29609375 0.0203125 0.025
2 0.35625 0.6421875 0.115625 0.23515625
4 0.22109375 0.46328125 0.07890625 0.08359375
1 0.34609375 0.36328125 0.03984375 0.053125
1 0.3625 0.33359375 0.0265625 0.0296875
1 0.39609375 0.325 0.028125 0.03671875
1 0.49296875 0.27890625 0.01328125 0.025
3 0.16328125 0.9296875 0.09140625 0.08984375