1 0.05546875 0.63984375 0.109375 0.08671875
1 0.30390625 0.38671875 0.0390625 0.0296875
1 0.3484375 0.35859375 0.0421875 0.05
1 0.3671875 0.33984375 0.03359375 0.0734375
1 0.403125 0.3171875 0.02578125 0.06796875
1 0.490625 0.38515625 0.03984375 0.06015625
1 0.46015625 0.340625 0.021875 0.04140625
1 0.50078125 0.32265625 0.03671875 0.021875
1 0.503125 0.2859375 0.028125 0.021875
1 0.42109375 0.44609375 0.04765625 0.075
0 0.5875 0.3265625 0.0546875 0.14296875
3 0.875 0.50078125 0.0421875 0.06796875
3 0.65703125 0.34765625 0.02578125 0.06171875