2 0.67578125 0.6125 0.13671875 0.28828125
0 0.69921875 0.43359375 0.1421875 0.2234375
1 0.8828125 0.48984375 0.16015625 0.16640625
1 0.73515625 0.35546875 0.06015625 0.0953125
4 0.87578125 0.88515625 0.2390625 0.2296875
0 0.6046875 0.28515625 0.03359375 0.06015625
1 0.5859375 0.27578125 0.01328125 0.0546875
1 0.47578125 0.4046875 0.05 0.0796875
3 0.384375 0.64140625 0.1015625 0.1765625
3 0.30703125 0.41015625 0.02421875 0.0703125
1 0.37890625 0.38671875 0.06015625 0.1
1 0.3609375 0.33828125 0.0390625 0.06640625
1 0.3921875 0.32265625 0.03203125 0.06171875
1 0.43515625 0.303125 0.03359375 0.03984375
1 0.47421875 0.296875 0.01875 0.04296875
3 0.49453125 0.26796875 0.02578125 0.03359375