1 0.43125 0.5875 0.078125 0.11484375
1 0.38359375 0.478125 0.06640625 0.08359375
1 0.86796875 0.48828125 0.09921875 0.103125
2 0.7390625 0.37109375 0.04765625 0.06484375
3 0.6625 0.3921875 0.028125 0.0484375
3 0.74375 0.5015625 0.03671875 0.0796875
3 0.79765625 0.47109375 0.0296875 0.06796875
3 0.45390625 0.4078125 0.0203125 0.0453125
1 0.4140625 0.3671875 0.03984375 0.05859375
1 0.49609375 0.3421875 0.0359375 0.0515625
1 0.3671875 0.34765625 0.03125 0.03828125
1 0.39453125 0.3234375 0.0265625 0.03984375
3 0.26953125 0.61328125 0.05 0.08671875
3 0.1734375 0.8671875 0.09140625 0.1484375
1 0.5828125 0.30078125 0.021875 0.03828125
2 0.60546875 0.2875 0.0234375 0.03828125
5 0.884375 0.74375 0.23125 0.375