0 0.72265625 0.46171875 0.159375 0.26015625
3 0.63203125 0.34453125 0.028125 0.0546875
1 0.8375 0.4515625 0.109375 0.13671875
1 0.5984375 0.371875 0.06484375 0.0796875
1 0.66953125 0.2953125 0.03984375 0.03984375
1 0.6390625 0.275 0.0296875 0.053125
3 0.5703125 0.2625 0.01484375 0.03515625
3 0.59140625 0.26015625 0.015625 0.03984375
1 0.48125 0.26953125 0.015625 0.0453125
1 0.4 0.32421875 0.0453125 0.06796875
1 0.3671875 0.34296875 0.0703125 0.06640625
1 0.32890625 0.38046875 0.06875 0.1015625
1 0.1390625 0.525 0.20703125 0.2