3 0.3125 0.721875 0.1109375 0.20703125
3 0.24453125 0.57734375 0.06875 0.11796875
3 0.37421875 0.428125 0.0546875 0.09296875
3 0.48515625 0.29609375 0.015625 0.06796875
1 0.1453125 0.5515625 0.13359375 0.18359375
1 0.8421875 0.47109375 0.16796875 0.21171875
1 0.44765625 0.6 0.14140625 0.20703125
1 0.40234375 0.3703125 0.0609375 0.103125
1 0.31796875 0.38515625 0.08671875 0.0734375
1 0.3703125 0.32734375 0.03359375 0.075
1 0.39453125 0.3109375 0.0453125 0.06796875
1 0.51953125 0.29296875 0.028125 0.046875
4 0.4640625 0.2734375 0.01796875 0.046875
4 0.48515625 0.25859375 0.03359375 0.04296875
4 0.59375 0.296875 0.0359375 0.06328125
1 0.66796875 0.29140625 0.03671875 0.03984375
1 0.58671875 0.26953125 0.03203125 0.03515625