3 0.296875 0.6125 0.09375 0.16796875
3 0.44921875 0.34296875 0.02421875 0.08359375
3 0.50625 0.27421875 0.0203125 0.0453125
1 0.8421875 0.46640625 0.12421875 0.16328125
1 0.12734375 0.53984375 0.203125 0.1765625
1 0.496875 0.36328125 0.04453125 0.096875
1 0.5 0.32109375 0.03671875 0.06484375
1 0.35234375 0.3375 0.05546875 0.06796875
1 0.38984375 0.315625 0.04140625 0.05859375
1 0.3984375 0.35546875 0.06015625 0.06484375
4 0.46015625 0.26484375 0.03984375 0.053125
4 0.63203125 0.2578125 0.03125 0.0484375