2 0.61640625 0.37265625 0.05390625 0.084375
2 0.97578125 0.6546875 0.04765625 0.21484375
1 0.40078125 0.325 0.03515625 0.03203125
1 0.36953125 0.34375 0.03515625 0.0390625
1 0.346875 0.3625 0.0296875 0.034375
1 0.31640625 0.39921875 0.0515625 0.05
4 0.39921875 0.4765625 0.08125 0.115625
4 0.42421875 0.6078125 0.10859375 0.16796875
4 0.278125 0.778125 0.19921875 0.25859375
4 0.19921875 0.72109375 0.121875 0.384375
0 0.48828125 0.2765625 0.0390625 0.04453125
1 0.50859375 0.31015625 0.01953125 0.0359375
3 0.87265625 0.49765625 0.0453125 0.0734375
3 0.45390625 0.303125 0.0203125 0.03125