4 0.4875 0.353125 0.034375 0.05703125
1 0.3484375 0.3578125 0.03203125 0.028125
1 0.4078125 0.32734375 0.0421875 0.021875
1 0.45546875 0.34921875 0.03203125 0.04140625
2 0.459375 0.49140625 0.053125 0.103125
1 0.884375 0.62578125 0.15703125 0.1953125
1 0.86328125 0.4859375 0.09921875 0.0984375
1 0.58125 0.2921875 0.01875 0.0484375
1 0.56796875 0.27421875 0.0234375 0.021875
3 0.30703125 0.5234375 0.03984375 0.0796875
3 0.26171875 0.475 0.04453125 0.08359375
3 0.2265625 0.78671875 0.07109375 0.13984375
3 0.6375 0.53984375 0.06640625 0.13984375
3 0.71171875 0.6890625 0.06015625 0.0953125
3 0.7796875 0.6640625 0.07578125 0.15859375
3 0.61484375 0.33515625 0.02890625 0.05703125
1 0.50859375 0.26953125 0.015625 0.03203125