2 0.7703125 0.64453125 0.13828125 0.1953125
2 0.1671875 0.9046875 0.228125 0.18984375
1 0.8828125 0.49921875 0.096875 0.0984375
1 0.82265625 0.45 0.0625 0.0765625
1 0.3671875 0.34609375 0.02890625 0.04140625
1 0.39453125 0.321875 0.02421875 0.04296875
1 0.65234375 0.3 0.03203125 0.0234375
1 0.62890625 0.28984375 0.01875 0.0265625
1 0.50234375 0.2796875 0.01640625 0.0296875
2 0.465625 0.29453125 0.02890625 0.03828125
3 0.6796875 0.43828125 0.0265625 0.05
3 0.63046875 0.35234375 0.0109375 0.04140625
3 0.6109375 0.34609375 0.0125 0.03828125