1 0.1421875 0.5390625 0.19375 0.175
1 0.3203125 0.3828125 0.0890625 0.06796875
1 0.3765625 0.35234375 0.06796875 0.06796875
1 0.4453125 0.290625 0.04140625 0.071875
4 0.46171875 0.2625 0.03125 0.04140625
1 0.8421875 0.4609375 0.11328125 0.19140625
1 0.6703125 0.296875 0.04140625 0.05703125
1 0.64140625 0.26796875 0.0265625 0.046875
3 0.42890625 0.4921875 0.05546875 0.11171875
3 0.34921875 0.53046875 0.0578125 0.1984375
3 0.1578125 0.84765625 0.15546875 0.1515625
3 0.203125 0.94296875 0.1765625 0.11328125