1 0.1671875 0.52734375 0.11796875 0.175
1 0.3234375 0.409375 0.078125 0.08203125
1 0.353125 0.37109375 0.04765625 0.08203125
1 0.3703125 0.3453125 0.03984375 0.053125
1 0.39453125 0.31796875 0.03984375 0.0734375
1 0.49453125 0.30234375 0.02421875 0.03828125
1 0.48125 0.2890625 0.028125 0.03515625
1 0.446875 0.284375 0.0265625 0.0484375
1 0.58359375 0.32265625 0.0390625 0.071875
1 0.62734375 0.2671875 0.02421875 0.03203125
1 0.57421875 0.24140625 0.01875 0.0203125
4 0.58984375 0.2796875 0.01875 0.03984375
3 0.6203125 0.28671875 0.01328125 0.053125
4 0.6421875 0.440625 0.028125 0.11171875
1 0.64140625 0.5703125 0.09453125 0.1703125
1 0.665625 0.72890625 0.134375 0.2546875
1 0.7390625 0.90703125 0.1875 0.1859375
0 0.72734375 0.49765625 0.16484375 0.278125
0 0.859375 0.4953125 0.2078125 0.2703125
0 0.88203125 0.753125 0.2359375 0.4765625
0 0.9578125 0.5828125 0.084375 0.23828125