4 0.36171875 0.7984375 0.1609375 0.296875
1 0.29453125 0.41953125 0.06640625 0.0484375
1 0.5984375 0.33515625 0.02890625 0.03359375
1 0.84375 0.45703125 0.0765625 0.08359375
3 0.87265625 0.48046875 0.04765625 0.05859375
1 0.475 0.40234375 0.0421875 0.071875
3 0.43125 0.46328125 0.03125 0.1
1 0.359375 0.35234375 0.0421875 0.05859375
1 0.375 0.33984375 0.03671875 0.03984375
1 0.43125 0.31640625 0.02421875 0.0296875
3 0.47421875 0.32734375 0.01484375 0.028125
1 0.4984375 0.3015625 0.0109375 0.01640625
1 0.44140625 0.2859375 0.021875 0.03359375