1 0.890625 0.878125 0.21796875 0.23671875
1 0.73984375 0.58046875 0.109375 0.2015625
1 0.76171875 0.49453125 0.09375 0.11484375
1 0.87890625 0.496875 0.12421875 0.146875
3 0.9015625 0.53984375 0.0609375 0.103125
1 0.625 0.4859375 0.084375 0.14140625
1 0.6484375 0.3953125 0.06640625 0.08359375
3 0.62734375 0.34765625 0.0265625 0.0546875
0 0.5890625 0.271875 0.021875 0.053125
1 0.6140625 0.284375 0.021875 0.03828125
1 0.56484375 0.27421875 0.0265625 0.03828125
0 0.49921875 0.278125 0.0375 0.053125
2 0.4453125 0.42265625 0.07890625 0.1046875
4 0.4234375 0.334375 0.07109375 0.1015625
1 0.36796875 0.34921875 0.05546875 0.0453125
2 0.2875 0.43203125 0.10546875 0.08671875