1 0.82734375 0.45859375 0.09296875 0.1
1 0.66015625 0.57890625 0.1046875 0.14921875
1 0.17421875 0.9015625 0.24609375 0.19609375
1 0.60859375 0.34609375 0.0375 0.0546875
1 0.65 0.3 0.03984375 0.0421875
1 0.57109375 0.28984375 0.025 0.04921875
1 0.39453125 0.3296875 0.034375 0.04453125
1 0.3671875 0.34921875 0.034375 0.04140625
1 0.32890625 0.3921875 0.05234375 0.046875
2 0.15078125 0.54921875 0.121875 0.1234375
3 0.44453125 0.48125 0.04453125 0.084375
3 0.4015625 0.3984375 0.02890625 0.04296875
3 0.48125 0.35625 0.02109375 0.03515625
3 0.509375 0.30234375 0.0125 0.03515625
3 0.78515625 0.58828125 0.05859375 0.10546875
3 0.946875 0.82890625 0.1 0.14921875