3 0.88046875 0.49765625 0.03828125 0.0609375
3 0.45703125 0.3578125 0.02109375 0.034375
3 0.4421875 0.384375 0.02578125 0.03671875
3 0.403125 0.35390625 0.0140625 0.03984375
1 0.8484375 0.465625 0.0796875 0.10390625
1 0.33046875 0.4203125 0.06171875 0.059375
1 0.30703125 0.40078125 0.05078125 0.05
1 0.35625 0.35859375 0.0296875 0.04609375
1 0.3671875 0.34296875 0.03671875 0.05078125
1 0.4375 0.28671875 0.0203125 0.025
1 0.4859375 0.30234375 0.0296875 0.03359375
3 0.43515625 0.51484375 0.0359375 0.0828125