4 0.65703125 0.46171875 0.05546875 0.10703125
0 0.75546875 0.55234375 0.2 0.38203125
1 0.75625 0.8640625 0.27109375 0.271875
1 0.35 0.89453125 0.196875 0.2109375
3 0.390625 0.4546875 0.03125 0.08671875
3 0.4125 0.39921875 0.021875 0.06171875
3 0.4484375 0.38828125 0.015625 0.05703125
3 0.42578125 0.36484375 0.0265625 0.05703125
3 0.38359375 0.38671875 0.0265625 0.05703125
1 0.175 0.5359375 0.17265625 0.11171875
1 0.32421875 0.40859375 0.065625 0.0703125
1 0.3578125 0.35859375 0.0390625 0.046875
3 0.459375 0.33046875 0.0265625 0.04140625
1 0.50234375 0.33828125 0.03671875 0.03671875
2 0.4984375 0.303125 0.03359375 0.03671875
3 0.4765625 0.28046875 0.01875 0.025
1 0.628125 0.26953125 0.02109375 0.03828125
1 0.40234375 0.31953125 0.05078125 0.03828125