3 0.9640625 0.628125 0.07109375 0.19296875
3 0.64453125 0.359375 0.034375 0.08203125
3 0.60859375 0.32109375 0.01484375 0.0546875
1 0.82421875 0.46171875 0.084375 0.11640625
1 0.59765625 0.3734375 0.0546875 0.09296875
1 0.66484375 0.296875 0.03359375 0.053125
1 0.57109375 0.25390625 0.02109375 0.028125
1 0.396875 0.32109375 0.0578125 0.05859375
1 0.321875 0.37109375 0.06796875 0.078125
1 0.36796875 0.33046875 0.05078125 0.08515625
1 0.12734375 0.51953125 0.19921875 0.16484375
1 0.4421875 0.28203125 0.04140625 0.05703125
4 0.46015625 0.26015625 0.0234375 0.03359375
4 0.55859375 0.29921875 0.034375 0.06171875
4 0.6 0.2953125 0.02109375 0.053125
1 0.6359375 0.2640625 0.01484375 0.03828125