1 0.8328125 0.45703125 0.08515625 0.09609375
1 0.61953125 0.42734375 0.059375 0.0765625
1 0.47109375 0.48515625 0.0671875 0.11328125
1 0.3625 0.34453125 0.0328125 0.04765625
1 0.3984375 0.3265625 0.0375 0.0390625
2 0.3 0.4125 0.06953125 0.0765625
3 0.3515625 0.7171875 0.0578125 0.1328125
3 0.4875 0.37890625 0.0203125 0.04609375
3 0.42421875 0.37890625 0.01796875 0.03671875
3 0.446875 0.37578125 0.0203125 0.03671875
3 0.42578125 0.33671875 0.01640625 0.0359375
3 0.4546875 0.32265625 0.009375 0.02109375
3 0.51328125 0.2859375 0.01328125 0.0234375
3 0.47578125 0.303125 0.00703125 0.0125
3 0.64453125 0.33828125 0.015625 0.0421875
1 0.590625 0.29375 0.02578125 0.046875
1 0.571875 0.2671875 0.0203125 0.0265625