1 0.28984375 0.6328125 0.2234375 0.31953125
1 0.30859375 0.3921875 0.14140625 0.19921875
1 0.5109375 0.409375 0.1328125 0.2359375
1 0.53359375 0.071875 0.075 0.10234375
1 0.9125 0.58828125 0.175 0.390625
2 0.79296875 0.140625 0.1078125 0.16171875
4 0.4296875 0.15078125 0.1421875 0.22890625
4 0.4359375 0.81328125 0.31796875 0.3734375
0 0.65859375 0.27109375 0.17265625 0.39609375
3 0.5296875 0.22578125 0.04765625 0.115625
3 0.47734375 0.290625 0.04375 0.11171875
3 0.89140625 0.9171875 0.1359375 0.165625