3 0.69375 0.425 0.06875 0.1
3 0.41875 0.665625 0.08359375 0.178125
3 0.2890625 0.56171875 0.09140625 0.13984375
3 0.3703125 0.4703125 0.053125 0.10703125
3 0.375 0.43515625 0.046875 0.08671875
3 0.41796875 0.46953125 0.046875 0.08515625
3 0.3921875 0.378125 0.034375 0.06640625
3 0.4484375 0.34765625 0.028125 0.05859375
3 0.490625 0.37265625 0.03359375 0.06796875
3 0.49453125 0.315625 0.02578125 0.0515625
3 0.496875 0.296875 0.02421875 0.03671875
3 0.4984375 0.27109375 0.01875 0.03203125
1 0.83671875 0.4609375 0.1078125 0.1546875
1 0.66640625 0.29453125 0.03203125 0.0453125
1 0.4796875 0.39921875 0.06796875 0.09140625
1 0.4359375 0.33515625 0.0375 0.06015625
1 0.1296875 0.5125 0.15703125 0.19140625
1 0.28828125 0.42578125 0.0796875 0.121875
1 0.36171875 0.3359375 0.04140625 0.1046875
1 0.390625 0.3140625 0.03203125 0.08203125
4 0.5765625 0.275 0.02578125 0.053125
4 0.73984375 0.35546875 0.0734375 0.10859375
1 0.63359375 0.275 0.01796875 0.05