4 0.4640625 0.27421875 0.02890625 0.05859375
4 0.7453125 0.3640625 0.046875 0.11171875
4 0.61875 0.25390625 0.01640625 0.0453125
4 0.6375 0.2640625 0.015625 0.0453125
1 0.8453125 0.4640625 0.12421875 0.16484375
1 0.1421875 0.53984375 0.18203125 0.2203125
1 0.19765625 0.4625 0.11484375 0.1515625
1 0.28828125 0.41640625 0.103125 0.13359375
1 0.365625 0.3453125 0.0578125 0.0796875
1 0.39296875 0.315625 0.04765625 0.071875
1 0.4859375 0.2640625 0.03125 0.06171875
1 0.57578125 0.3234375 0.03125 0.0796875
1 0.6015625 0.31796875 0.03359375 0.05703125
1 0.57578125 0.28359375 0.03203125 0.05
1 0.56640625 0.2609375 0.0234375 0.0453125
1 0.584375 0.2453125 0.01484375 0.03671875
0 0.6609375 0.3734375 0.084375 0.25703125
3 0.76640625 0.54765625 0.1 0.1984375
3 0.33828125 0.3890625 0.05546875 0.08203125