1 0.253125 0.75859375 0.25078125 0.4046875
1 0.359375 0.45390625 0.15078125 0.23515625
1 0.40390625 0.2953125 0.1078125 0.13515625
1 0.4328125 0.17109375 0.0953125 0.1203125
1 0.06953125 0.38203125 0.1390625 0.2015625
1 0.91953125 0.453125 0.1609375 0.11640625
2 0.7984375 0.1546875 0.11328125 0.1625
2 0.41875 0.08046875 0.084375 0.11484375
2 0.2578125 0.0859375 0.08671875 0.14921875
0 0.5296875 0.065625 0.090625 0.13125
0 0.7953125 0.73203125 0.409375 0.53515625
3 0.13515625 0.1890625 0.05546875 0.109375
3 0.12734375 0.1265625 0.0453125 0.084375