3 0.95703125 0.74765625 0.0859375 0.18515625
1 0.66875 0.56796875 0.109375 0.2
1 0.87109375 0.49921875 0.13984375 0.1546875
3 0.85546875 0.52734375 0.0921875 0.0984375
4 0.6359375 0.3703125 0.0609375 0.11328125
1 0.603125 0.31015625 0.02578125 0.05
1 0.56640625 0.315625 0.04140625 0.075
3 0.36875 0.46640625 0.0296875 0.10703125
2 0.278125 0.44765625 0.06640625 0.14140625
1 0.365625 0.35 0.04765625 0.05703125
4 0.4140625 0.321875 0.0359375 0.06015625
1 0.3921875 0.321875 0.015625 0.06328125
3 0.46640625 0.3359375 0.0296875 0.071875
1 0.4921875 0.31015625 0.0296875 0.04296875
1 0.4859375 0.28359375 0.021875 0.03984375