1 0.2984375 0.65703125 0.2671875 0.43671875
4 0.90078125 0.415625 0.19765625 0.2671875
3 0.5359375 0.87890625 0.10625 0.2421875
3 0.59375 0.703125 0.12890625 0.296875
3 0.4640625 0.63046875 0.09140625 0.26328125
3 0.34921875 0.340625 0.0578125 0.16015625
3 0.41875 0.215625 0.05703125 0.153125
3 0.54921875 0.12890625 0.0609375 0.11953125
3 0.625 0.35625 0.0671875 0.1578125
3 0.62265625 0.49609375 0.08984375 0.14453125
3 0.52890625 0.459375 0.06328125 0.17890625
3 0.4328125 0.4015625 0.078125 0.15