1 0.809375 0.41953125 0.11796875 0.13515625
1 0.88046875 0.4890625 0.115625 0.13203125
1 0.6671875 0.2953125 0.04921875 0.046875
1 0.5796875 0.24453125 0.01796875 0.028125
1 0.48125 0.265625 0.03984375 0.03515625
1 0.39921875 0.32109375 0.0421875 0.04140625
1 0.3578125 0.33671875 0.0625 0.06328125
3 0.34921875 0.39921875 0.053125 0.06171875
3 0.43671875 0.34140625 0.01484375 0.06328125
3 0.46171875 0.30703125 0.0265625 0.05
3 0.471875 0.2875 0.0234375 0.05859375
3 0.5890625 0.28515625 0.03203125 0.05
4 0.6578125 0.36015625 0.06328125 0.1234375