1 0.35234375 0.78828125 0.16875 0.21875
1 0.45859375 0.48671875 0.08671875 0.1234375
2 0.21484375 0.47421875 0.08671875 0.10703125
1 0.28828125 0.42265625 0.06015625 0.06484375
1 0.3140625 0.3890625 0.04921875 0.053125
1 0.3578125 0.36875 0.034375 0.05546875
4 0.44140625 0.34921875 0.0421875 0.05390625
2 0.46953125 0.3296875 0.03515625 0.06875
1 0.49296875 0.30546875 0.0421875 0.06640625
3 0.29375 0.56796875 0.05546875 0.075
3 0.378125 0.51015625 0.03984375 0.059375
3 0.37109375 0.55859375 0.04765625 0.0828125
3 0.87578125 0.4890625 0.03828125 0.0609375
1 0.8484375 0.45546875 0.07734375 0.11015625
1 0.63671875 0.27265625 0.0203125 0.02421875