3 0.66875 0.5890625 0.0921875 0.19140625
3 0.7296875 0.5234375 0.0734375 0.13671875
1 0.85 0.49921875 0.12890625 0.13828125
3 0.65078125 0.39765625 0.0421875 0.075
3 0.65546875 0.3515625 0.04140625 0.05
3 0.615625 0.27890625 0.02109375 0.04140625
3 0.56796875 0.28671875 0.0109375 0.03359375
1 0.58125 0.28515625 0.02109375 0.04296875
3 0.596875 0.26328125 0.015625 0.0234375
3 0.45625 0.36328125 0.046875 0.08359375
1 0.40390625 0.31484375 0.0390625 0.0734375
1 0.375 0.34921875 0.04375 0.0953125
1 0.32109375 0.39765625 0.0421875 0.08515625
2 0.2828125 0.425 0.08671875 0.11328125
1 0.1671875 0.53515625 0.15234375 0.11328125