1 0.83125 0.4578125 0.0890625 0.09453125
1 0.38203125 0.784375 0.15859375 0.24140625
1 0.36953125 0.346875 0.03515625 0.0484375
1 0.5 0.3453125 0.03203125 0.04921875
1 0.47734375 0.303125 0.01875 0.028125
1 0.453125 0.47421875 0.06875 0.10703125
2 0.5 0.3078125 0.02578125 0.03828125
2 0.51328125 0.2890625 0.01484375 0.02890625
2 0.46015625 0.2796875 0.01953125 0.02265625
2 0.29375 0.4125 0.05859375 0.0609375
3 0.33125 0.43828125 0.02890625 0.06171875
3 0.39453125 0.35078125 0.02109375 0.04609375
3 0.43359375 0.34921875 0.01484375 0.03671875
3 0.43828125 0.33125 0.0203125 0.03515625
3 0.465625 0.2953125 0.0125 0.0203125
3 0.4828125 0.2859375 0.0109375 0.01796875
3 0.4734375 0.28359375 0.00859375 0.01796875
1 0.49609375 0.27109375 0.01328125 0.01796875
1 0.48046875 0.26171875 0.01796875 0.01953125
3 0.8765625 0.496875 0.03828125 0.07265625
3 0.6078125 0.26484375 0.01015625 0.01796875