1 0.1359375 0.5234375 0.14453125 0.15703125
1 0.41796875 0.39140625 0.0703125 0.08671875
1 0.32890625 0.384375 0.07578125 0.078125
1 0.36640625 0.34921875 0.0390625 0.06171875
1 0.39453125 0.321875 0.04921875 0.06015625
1 0.48203125 0.26484375 0.0234375 0.04296875
1 0.5734375 0.28203125 0.03203125 0.03984375
1 0.5703125 0.2609375 0.02109375 0.03828125
1 0.57734375 0.24609375 0.021875 0.03203125
1 0.575 0.240625 0.0265625 0.021875
1 0.63671875 0.26328125 0.01875 0.03359375
1 0.66484375 0.2953125 0.0359375 0.046875
1 0.74375 0.49765625 0.1015625 0.13515625
1 0.815625 0.43515625 0.11015625 0.146875
3 0.64453125 0.3890625 0.0546875 0.09140625
3 0.5984375 0.38203125 0.06484375 0.08984375
3 0.4390625 0.33203125 0.02421875 0.06015625
3 0.38359375 0.4578125 0.05078125 0.10859375
3 0.33671875 0.3984375 0.03984375 0.096875
3 0.30703125 0.40078125 0.03359375 0.08828125
3 0.4625 0.26328125 0.021875 0.05