3 0.35859375 0.50234375 0.05234375 0.128125
3 0.340625 0.39296875 0.0421875 0.0734375
3 0.45390625 0.31328125 0.02109375 0.06015625
3 0.4890625 0.2796875 0.0125 0.0296875
3 0.6 0.2734375 0.0125 0.046875
3 0.596875 0.25390625 0.01484375 0.025
3 0.8921875 0.71171875 0.05859375 0.16640625
1 0.58515625 0.25234375 0.01875 0.03515625
1 0.6703125 0.28984375 0.05546875 0.0734375
1 0.72109375 0.46953125 0.0875 0.0953125
1 0.7359375 0.56640625 0.11328125 0.1796875
1 0.78359375 0.65390625 0.17890625 0.26171875
1 0.6375 0.61328125 0.13359375 0.2
1 0.6953125 0.82265625 0.18125 0.3546875
1 0.89609375 0.853125 0.20703125 0.29296875
1 0.95390625 0.784375 0.09140625 0.3046875
0 0.86484375 0.51953125 0.21484375 0.36796875
4 0.6453125 0.49921875 0.08984375 0.18203125
1 0.459375 0.41015625 0.078125 0.11640625
1 0.50546875 0.33203125 0.04765625 0.06015625
1 0.5125 0.2828125 0.0296875 0.03515625
1 0.49375 0.3078125 0.0359375 0.0546875
1 0.4015625 0.32265625 0.046875 0.071875
1 0.36953125 0.33828125 0.0609375 0.0703125
4 0.096875 0.8796875 0.19375 0.23984375
0 0.45859375 0.2859375 0.0359375 0.078125
0 0.5078125 0.25234375 0.04765625 0.03515625
1 0.628125 0.2578125 0.03203125 0.03828125