3 0.471875 0.334375 0.015625 0.03828125
3 0.40859375 0.35234375 0.02109375 0.03828125
1 0.5859375 0.27421875 0.0203125 0.025
1 0.42421875 0.6171875 0.08984375 0.13203125
1 0.2859375 0.42578125 0.06015625 0.06484375
1 0.31875 0.4 0.0390625 0.05
1 0.35078125 0.359375 0.0296875 0.03515625
1 0.36875 0.33984375 0.02578125 0.0296875
1 0.4046875 0.446875 0.046875 0.0765625
0 0.47109375 0.2859375 0.03203125 0.08828125
2 0.2109375 0.4703125 0.084375 0.09296875
1 0.8421875 0.46796875 0.06640625 0.08671875
3 0.87421875 0.48515625 0.0421875 0.0734375
4 0.46015625 0.40078125 0.06015625 0.128125
3 0.50625 0.3671875 0.01875 0.0453125