1 0.2296875 0.484375 0.13046875 0.0953125
1 0.36484375 0.346875 0.04453125 0.08359375
1 0.3953125 0.3203125 0.04140625 0.03671875
1 0.49765625 0.31640625 0.02578125 0.05
1 0.521875 0.2703125 0.0203125 0.04296875
1 0.50859375 0.2609375 0.01875 0.03515625
1 0.675 0.2953125 0.05078125 0.05703125
1 0.82109375 0.4359375 0.1046875 0.128125
1 0.88671875 0.5015625 0.0953125 0.146875
3 0.465625 0.29296875 0.0234375 0.053125
3 0.3421875 0.4078125 0.03984375 0.071875
3 0.30390625 0.41484375 0.0359375 0.0703125
3 0.50234375 0.27421875 0.02109375 0.0484375
4 0.46640625 0.27109375 0.0390625 0.05859375