1 0.3109375 0.396875 0.05 0.053125
1 0.34453125 0.3640625 0.02890625 0.03828125
1 0.36328125 0.33984375 0.03984375 0.046875
1 0.4 0.32109375 0.0296875 0.03828125
1 0.4859375 0.28515625 0.02421875 0.03359375
1 0.46015625 0.34921875 0.03671875 0.03828125
1 0.41953125 0.49453125 0.0609375 0.08515625
1 0.4265625 0.3828125 0.05 0.078125
1 0.5765625 0.27734375 0.028125 0.03203125
1 0.51171875 0.29296875 0.021875 0.0296875
3 0.44453125 0.309375 0.01328125 0.028125
3 0.43046875 0.31328125 0.015625 0.03359375
3 0.4234375 0.3359375 0.02578125 0.04140625
3 0.32890625 0.4875 0.04140625 0.06796875
3 0.87578125 0.5125 0.05234375 0.08203125
3 0.65625 0.34140625 0.021875 0.05
3 0.6109375 0.2890625 0.01640625 0.0453125