0 0.1046875 0.8734375 0.209375 0.253125
3 0.37890625 0.796875 0.103125 0.1328125
3 0.86796875 0.4921875 0.04296875 0.065625
3 0.65078125 0.4140625 0.0421875 0.04765625
3 0.415625 0.4625 0.03046875 0.046875
3 0.42578125 0.39609375 0.03203125 0.03046875
3 0.47734375 0.2890625 0.009375 0.0140625
3 0.4890625 0.2671875 0.00546875 0.01171875
3 0.56640625 0.27109375 0.009375 0.0140625
3 0.59765625 0.25625 0.0078125 0.0140625
3 0.58125 0.25234375 0.00703125 0.0109375
3 0.5875 0.24453125 0.00546875 0.00859375
3 0.59296875 0.23515625 0.00546875 0.01015625
5 0.61640625 0.2421875 0.015625 0.025
1 0.61875 0.25625 0.0140625 0.0203125
5 0.5765625 0.228125 0.015625 0.02109375
1 0.50546875 0.3015625 0.021875 0.03046875
1 0.5140625 0.27265625 0.0140625 0.01953125
1 0.5015625 0.2671875 0.0125 0.01953125
2 0.47265625 0.34375 0.03359375 0.05078125
1 0.465625 0.4625 0.059375 0.090625
2 0.31171875 0.396875 0.05 0.0484375
1 0.3515625 0.3640625 0.0359375 0.03828125
1 0.36875 0.34453125 0.03125 0.03203125
1 0.83671875 0.44765625 0.096875 0.0984375