5 0.34609375 0.84140625 0.2078125 0.31640625
1 0.72265625 0.78359375 0.18125 0.31015625
5 0.9234375 0.84765625 0.15234375 0.3046875
1 0.675 0.47265625 0.08984375 0.11796875
1 0.86640625 0.5078125 0.14765625 0.16796875
0 0.67109375 0.3640625 0.08671875 0.13203125
2 0.6046875 0.36328125 0.04453125 0.08671875
2 0.58125 0.2953125 0.0265625 0.053125
1 0.603125 0.28359375 0.02578125 0.03671875
3 0.62265625 0.30078125 0.015625 0.0484375
0 0.47890625 0.3453125 0.05546875 0.103125
1 0.47421875 0.4234375 0.06328125 0.0765625
1 0.43203125 0.53515625 0.1203125 0.13359375
3 0.225 0.690625 0.06953125 0.121875
3 0.33046875 0.45703125 0.03203125 0.1
3 0.353125 0.39765625 0.0296875 0.0453125
4 0.22421875 0.4609375 0.0890625 0.09140625
1 0.36875 0.346875 0.0375 0.05
0 0.41171875 0.34140625 0.0765625 0.1703125
4 0.4625 0.28671875 0.021875 0.03671875
3 0.49375 0.290625 0.0203125 0.0484375