1 0.3890625 0.47109375 0.0875 0.11796875
1 0.4390625 0.35390625 0.0390625 0.0546875
1 0.39140625 0.3203125 0.03984375 0.03671875
1 0.36875 0.3375 0.034375 0.0515625
1 0.35546875 0.35390625 0.04765625 0.04140625
2 0.2234375 0.5296875 0.1421875 0.10703125
2 0.51015625 0.28359375 0.021875 0.03671875
2 0.88828125 0.690625 0.1625 0.2453125
1 0.86953125 0.490625 0.0953125 0.128125
1 0.7546875 0.64296875 0.12109375 0.18359375
1 0.77421875 0.8265625 0.18671875 0.3
1 0.6609375 0.65703125 0.11875 0.2265625
1 0.64375 0.52734375 0.08203125 0.1015625
1 0.703125 0.45703125 0.06796875 0.096875
1 0.61328125 0.44609375 0.065625 0.0953125
1 0.571875 0.3375 0.0375 0.05859375
1 0.57265625 0.29609375 0.02890625 0.0484375
1 0.6265625 0.32890625 0.028125 0.03203125
4 0.6125 0.359375 0.04453125 0.06171875
4 0.609375 0.28828125 0.02890625 0.03671875
4 0.5859375 0.27734375 0.03359375 0.0484375
3 0.78046875 0.4734375 0.03125 0.0796875
3 0.809375 0.521875 0.0390625 0.08359375
3 0.8453125 0.571875 0.0375 0.08984375
3 0.9265625 0.59140625 0.05546875 0.1203125
3 0.975 0.64140625 0.05 0.1265625
3 0.71484375 0.41015625 0.02578125 0.06640625
3 0.61640625 0.28359375 0.0203125 0.04296875
3 0.50234375 0.346875 0.028125 0.05
3 0.48125 0.271875 0.028125 0.04296875