1 0.75703125 0.76484375 0.1734375 0.31328125
1 0.75625 0.5296875 0.10234375 0.16640625
1 0.865625 0.4953125 0.1015625 0.13359375
1 0.6703125 0.4515625 0.06015625 0.103125
1 0.59140625 0.37578125 0.0375 0.06484375
1 0.5828125 0.325 0.0265625 0.046875
1 0.57578125 0.29765625 0.021875 0.03515625
1 0.590625 0.2859375 0.0265625 0.03515625
1 0.5953125 0.2625 0.01796875 0.021875
1 0.3953125 0.31640625 0.03203125 0.03984375
1 0.3671875 0.33984375 0.034375 0.04296875
1 0.34609375 0.36015625 0.06015625 0.0734375
1 0.0953125 0.634375 0.184375 0.14140625
2 0.41796875 0.3875 0.04375 0.08515625
3 0.44296875 0.36015625 0.0265625 0.06640625
3 0.49296875 0.265625 0.02109375 0.03828125
3 0.928125 0.609375 0.0546875 0.1453125
3 0.97734375 0.6625 0.04453125 0.1515625
3 0.78359375 0.48359375 0.04140625 0.11640625
3 0.7546875 0.434375 0.02578125 0.06171875
3 0.73203125 0.39609375 0.02421875 0.06484375
3 0.6890625 0.4125 0.03203125 0.06484375
3 0.68125 0.375 0.02109375 0.046875
3 0.64609375 0.32734375 0.0203125 0.0484375
3 0.6265625 0.325 0.01640625 0.046875
3 0.62265625 0.30390625 0.015625 0.028125
3 0.6109375 0.28046875 0.0125 0.03203125
1 0.5703125 0.25 0.021875 0.03984375