1 0.35546875 0.90625 0.1671875 0.1875
1 0.253125 0.728125 0.1546875 0.2125
1 0.40859375 0.58359375 0.07578125 0.11796875
1 0.14765625 0.53671875 0.11484375 0.1046875
2 0.4078125 0.45703125 0.059375 0.08671875
1 0.3265625 0.38203125 0.05234375 0.04453125
3 0.3015625 0.41953125 0.0203125 0.04765625
3 0.32890625 0.40703125 0.021875 0.04453125
3 0.36796875 0.43203125 0.0140625 0.053125
3 0.38984375 0.3609375 0.01171875 0.0453125
3 0.446875 0.33203125 0.01484375 0.0359375
3 0.5015625 0.32578125 0.0140625 0.034375
1 0.36640625 0.340625 0.0328125 0.03203125
1 0.8296875 0.4515625 0.07578125 0.08359375
1 0.6625 0.28984375 0.021875 0.02890625
3 0.765625 0.55859375 0.0375 0.0859375
3 0.59375 0.29453125 0.01328125 0.03125
4 0.46875 0.4296875 0.053125 0.0875