1 0.28203125 0.79296875 0.25234375 0.41328125
1 0.365625 0.4046875 0.13828125 0.2203125
3 0.346875 0.253125 0.04375 0.10703125
3 0.4390625 0.165625 0.0359375 0.0984375
3 0.46796875 0.13203125 0.02421875 0.08203125
3 0.471875 0.06171875 0.0234375 0.05703125
3 0.4125 0.09921875 0.03515625 0.06875
3 0.42890625 0.0453125 0.02578125 0.05546875
3 0.5234375 0.07734375 0.0265625 0.07109375
3 0.490625 0.0234375 0.01640625 0.0421875
3 0.73828125 0.16484375 0.03984375 0.1078125
3 0.93984375 0.3625 0.04375 0.07578125
3 0.70703125 0.021875 0.0515625 0.04296875