4 0.41171875 0.325 0.04375 0.06640625
1 0.38984375 0.3203125 0.03203125 0.05703125
1 0.12265625 0.61484375 0.2453125 0.1671875
2 0.30078125 0.4359375 0.12578125 0.13828125
3 0.18125 0.84453125 0.121875 0.3109375
3 0.95234375 0.72265625 0.09453125 0.18828125
1 0.83203125 0.73671875 0.2 0.31640625
1 0.88046875 0.50546875 0.14375 0.171875
1 0.571875 0.28203125 0.0203125 0.04296875
4 0.59140625 0.28203125 0.02421875 0.05703125
3 0.59375 0.259375 0.01640625 0.028125
4 0.62890625 0.2671875 0.01875 0.0453125
1 0.3640625 0.35234375 0.0796875 0.10703125