3 0.7203125 0.509375 0.078125 0.13828125
3 0.78984375 0.509375 0.05703125 0.13828125
3 0.85546875 0.59921875 0.07890625 0.11171875
3 0.86328125 0.734375 0.1265625 0.18828125
3 0.609375 0.35390625 0.03125 0.0546875
3 0.6015625 0.3109375 0.021875 0.04140625
3 0.6296875 0.340625 0.0234375 0.0515625
3 0.6703125 0.36796875 0.02890625 0.06328125
3 0.584375 0.271875 0.0234375 0.05
0 0.57578125 0.25546875 0.02578125 0.06171875
1 0.87578125 0.4890625 0.11875 0.178125
4 0.62421875 0.26171875 0.021875 0.046875
1 0.446875 0.30390625 0.046875 0.06171875
1 0.3984375 0.31484375 0.06328125 0.0703125
1 0.3625 0.35234375 0.0578125 0.0953125
4 0.225 0.46171875 0.13984375 0.16015625