3 0.37734375 0.871875 0.11484375 0.1734375
3 0.4453125 0.33359375 0.0125 0.03671875
3 0.45390625 0.31953125 0.01328125 0.03828125
3 0.890625 0.5109375 0.078125 0.078125
1 0.83828125 0.45859375 0.07890625 0.0765625
1 0.2796875 0.415625 0.05703125 0.05859375
1 0.31953125 0.38515625 0.0578125 0.03671875
1 0.34921875 0.36171875 0.03125 0.046875
1 0.37109375 0.34296875 0.028125 0.03671875
1 0.43671875 0.28984375 0.01640625 0.0203125
1 0.49375 0.3421875 0.0265625 0.0515625
4 0.5953125 0.321875 0.04765625 0.09296875
1 0.453125 0.43828125 0.05 0.08359375
2 0.21875 0.46015625 0.09765625 0.11328125
4 0.49453125 0.278125 0.0234375 0.0296875