1 0.15546875 0.54140625 0.1609375 0.16640625
1 0.32578125 0.38515625 0.06015625 0.0765625
1 0.36953125 0.35078125 0.05546875 0.071875
1 0.48203125 0.39921875 0.0546875 0.0546875
1 0.44375 0.35078125 0.05546875 0.06171875
1 0.503125 0.31796875 0.05 0.0703125
1 0.85 0.46640625 0.1203125 0.14296875
1 0.634375 0.271875 0.028125 0.05
1 0.66640625 0.29140625 0.021875 0.05703125
4 0.70859375 0.421875 0.08671875 0.13671875
4 0.609375 0.36640625 0.078125 0.11328125
4 0.46171875 0.2609375 0.01328125 0.03515625
0 0.571875 0.25390625 0.0296875 0.06796875
0 0.49296875 0.2703125 0.0453125 0.0765625
2 0.515625 0.29296875 0.0234375 0.05703125
3 0.2828125 0.796875 0.1359375 0.23359375
3 0.42890625 0.35234375 0.0203125 0.04140625
3 0.30078125 0.40234375 0.04140625 0.078125