1 0.43203125 0.5640625 0.1078125 0.16171875
3 0.14296875 0.9109375 0.17265625 0.178125
1 0.4078125 0.40390625 0.05078125 0.075
2 0.43125 0.42734375 0.0359375 0.071875
1 0.4796875 0.365625 0.06328125 0.08828125
3 0.50390625 0.29296875 0.02890625 0.03984375
3 0.47890625 0.28046875 0.01484375 0.03828125
1 0.4859375 0.26328125 0.05078125 0.03671875
1 0.5 0.2625 0.0125 0.025
1 0.36484375 0.35078125 0.0421875 0.06171875
1 0.3859375 0.32265625 0.06640625 0.0453125
1 0.41953125 0.303125 0.0421875 0.03359375
1 0.8734375 0.51796875 0.13671875 0.18984375
1 0.7421875 0.4 0.0859375 0.16015625
3 0.621875 0.28984375 0.0125 0.04296875
1 0.57578125 0.246875 0.01875 0.04296875