3 0.4265625 0.59609375 0.0296875 0.08828125
3 0.32890625 0.52109375 0.02421875 0.06796875
3 0.296875 0.45546875 0.01796875 0.071875
3 0.35078125 0.4703125 0.0234375 0.0734375
3 0.42890625 0.3859375 0.01875 0.0546875
3 0.48984375 0.37265625 0.01640625 0.0484375
3 0.4640625 0.346875 0.01328125 0.03671875
3 0.48984375 0.32734375 0.01875 0.03515625
3 0.5015625 0.309375 0.015625 0.03515625
3 0.46796875 0.3046875 0.01328125 0.0265625
3 0.59765625 0.2921875 0.01484375 0.03828125
3 0.21875 0.54765625 0.03125 0.09140625
1 0.14375 0.53671875 0.115625 0.11015625
1 0.83203125 0.4546875 0.078125 0.08359375
1 0.328125 0.38359375 0.04921875 0.05
1 0.3671875 0.34453125 0.03671875 0.0453125
4 0.3015625 0.95859375 0.178125 0.0828125