3 0.878125 0.49765625 0.04296875 0.0671875
3 0.41171875 0.51953125 0.0484375 0.0671875
3 0.4125 0.353125 0.0234375 0.04453125
1 0.5859375 0.2734375 0.01875 0.0296875
1 0.28203125 0.4265625 0.06484375 0.06484375
1 0.31484375 0.3953125 0.05234375 0.05546875
1 0.353125 0.36015625 0.0421875 0.04609375
1 0.3734375 0.340625 0.03828125 0.06328125
1 0.44140625 0.328125 0.0375 0.04765625
1 0.46796875 0.478125 0.06328125 0.09609375
1 0.8453125 0.46171875 0.0796875 0.0890625
2 0.21171875 0.471875 0.1046875 0.084375