2 0.4609375 0.38984375 0.0453125 0.07265625
1 0.78984375 0.66953125 0.16015625 0.1984375
1 0.43125 0.3078125 0.03828125 0.03828125
1 0.3734375 0.340625 0.03828125 0.0375
1 0.35390625 0.36328125 0.03828125 0.04609375
1 0.496875 0.2984375 0.021875 0.03828125
1 0.5078125 0.2609375 0.01484375 0.0203125
1 0.6015625 0.24375 0.01484375 0.02578125
3 0.628125 0.26328125 0.01640625 0.025
3 0.87578125 0.48515625 0.04609375 0.06640625
3 0.64765625 0.39375 0.01953125 0.05390625
3 0.63671875 0.271875 0.01015625 0.0203125
3 0.4359375 0.32109375 0.015625 0.03046875
3 0.4625 0.32265625 0.01484375 0.0375
3 0.4875 0.265625 0.0125 0.01953125
3 0.49609375 0.4125 0.0171875 0.05703125
3 0.44453125 0.4765625 0.0359375 0.08515625
1 0.45390625 0.28125 0.025 0.02734375
4 0.14921875 0.83984375 0.28984375 0.31953125