0 0.26015625 0.446875 0.18359375 0.2828125
0 0.36015625 0.621875 0.2109375 0.40625
0 0.93515625 0.76640625 0.1296875 0.4671875
4 0.67265625 0.4625 0.08984375 0.175
3 0.71171875 0.7875 0.0953125 0.20234375
3 0.87734375 0.4859375 0.05703125 0.0921875
3 0.628125 0.3640625 0.0328125 0.04453125
3 0.4109375 0.41015625 0.02265625 0.04609375
3 0.43515625 0.3546875 0.0171875 0.028125
3 0.4515625 0.36953125 0.03359375 0.0375
1 0.36015625 0.35859375 0.040625 0.059375
1 0.5765625 0.2921875 0.02734375 0.03984375
2 0.5015625 0.3359375 0.040625 0.06328125
3 0.6 0.43671875 0.0296875 0.0921875
3 0.60234375 0.2796875 0.01640625 0.03125