1 0.63671875 0.4203125 0.04765625 0.06328125
1 0.36640625 0.78203125 0.13203125 0.196875
1 0.36953125 0.35078125 0.0375 0.0453125
1 0.39765625 0.3203125 0.03671875 0.046875
1 0.490625 0.296875 0.02890625 0.03984375
1 0.571875 0.2890625 0.01796875 0.03515625
1 0.59140625 0.30859375 0.01796875 0.03984375
1 0.58046875 0.35078125 0.02890625 0.04140625
1 0.6109375 0.33984375 0.01484375 0.04296875
1 0.65078125 0.37109375 0.0375 0.0453125
1 0.646875 0.2859375 0.02109375 0.0453125
1 0.5890625 0.2734375 0.01328125 0.0203125
1 0.83125 0.4609375 0.0765625 0.08828125
3 0.759375 0.5109375 0.04140625 0.075
3 0.4921875 0.33984375 0.02578125 0.04296875
3 0.784375 0.6 0.04140625 0.11328125
2 0.29609375 0.40859375 0.06875 0.08671875
3 0.38125 0.5 0.0390625 0.0796875