2 0.1453125 0.5375 0.12890625 0.1015625
2 0.41875 0.41015625 0.04765625 0.0765625
1 0.48203125 0.37890625 0.0453125 0.0546875
1 0.36171875 0.3421875 0.02421875 0.04140625
1 0.3890625 0.3 0.02578125 0.046875
1 0.51171875 0.2765625 0.0109375 0.01640625
1 0.83359375 0.46484375 0.0765625 0.08984375
3 0.40390625 0.3578125 0.02578125 0.0484375
3 0.4328125 0.30703125 0.03125 0.053125
3 0.759375 0.4875 0.0578125 0.1015625
3 0.91953125 0.8484375 0.09375 0.15703125
4 0.49375 0.29921875 0.0265625 0.0515625