0 0.36171875 0.41796875 0.09140625 0.1484375
3 0.8765625 0.49296875 0.0390625 0.07109375
3 0.66015625 0.4875 0.04375 0.07734375
3 0.57578125 0.33828125 0.02734375 0.0359375
2 0.29921875 0.38828125 0.03515625 0.06875
1 0.34296875 0.34609375 0.0359375 0.03828125
1 0.40234375 0.32578125 0.0390625 0.03671875
1 0.5828125 0.315625 0.02421875 0.05703125
1 0.59921875 0.29921875 0.021875 0.03671875
4 0.453125 0.35 0.03359375 0.065625
4 0.49375 0.35546875 0.03125 0.06328125
4 0.4875 0.31015625 0.03515625 0.04609375
0 0.509375 0.26953125 0.028125 0.03828125
0 0.6328125 0.3234375 0.05859375 0.13046875
0 0.59453125 0.2640625 0.025 0.046875
1 0.56796875 0.27734375 0.01796875 0.0296875
2 0.97421875 0.65 0.05078125 0.20234375