4 0.64609375 0.365625 0.04921875 0.0953125
1 0.81875 0.45234375 0.1046875 0.13515625
1 0.25625 0.503125 0.0875 0.1234375
1 0.19765625 0.478125 0.06640625 0.08671875
1 0.3625 0.3453125 0.04921875 0.05703125
1 0.3953125 0.3265625 0.03203125 0.06015625
1 0.51015625 0.29609375 0.021875 0.03828125
1 0.48359375 0.3 0.021875 0.04296875
1 0.58359375 0.2890625 0.02578125 0.03828125
1 0.57109375 0.3359375 0.05 0.05859375
1 0.6609375 0.29296875 0.01484375 0.03359375
3 0.69375 0.4796875 0.05703125 0.1234375
3 0.3375 0.39765625 0.03671875 0.075
0 0.45234375 0.3296875 0.04921875 0.1234375