3 0.88125 0.69140625 0.0921875 0.21328125
3 0.60859375 0.27578125 0.01875 0.04140625
3 0.29765625 0.496875 0.0359375 0.08984375
0 0.4703125 0.29140625 0.03359375 0.0765625
4 0.51015625 0.31484375 0.02890625 0.0703125
4 0.73984375 0.3703125 0.0796875 0.09296875
1 0.153125 0.51953125 0.1703125 0.16796875
1 0.334375 0.39609375 0.06796875 0.075
1 0.44453125 0.42109375 0.0578125 0.08203125
1 0.43515625 0.34453125 0.0578125 0.0546875
1 0.39609375 0.32421875 0.03984375 0.04140625
1 0.36015625 0.3375 0.06640625 0.06796875
1 0.821875 0.453125 0.1046875 0.1203125
1 0.66796875 0.29453125 0.034375 0.0515625
1 0.63671875 0.2703125 0.034375 0.03671875