1 0.4453125 0.48125 0.053125 0.09453125
1 0.65703125 0.42265625 0.06171875 0.10390625
1 0.57578125 0.26328125 0.01640625 0.02578125
0 0.58671875 0.23515625 0.01953125 0.0515625
3 0.80234375 0.625 0.06015625 0.115625
3 0.871875 0.49375 0.04375 0.07265625
2 0.9734375 0.6578125 0.053125 0.221875
3 0.4 0.38125 0.0203125 0.04765625
0 0.47109375 0.29296875 0.02890625 0.0671875
1 0.4046875 0.32421875 0.0296875 0.03984375
1 0.34921875 0.36484375 0.03515625 0.05546875
1 0.3078125 0.40078125 0.04609375 0.0640625