1 0.83046875 0.45234375 0.08203125 0.08203125
1 0.14765625 0.5359375 0.11796875 0.11484375
1 0.2859375 0.43671875 0.05546875 0.06640625
1 0.39609375 0.32578125 0.03125 0.03828125
1 0.66484375 0.29296875 0.01875 0.03359375
4 0.7515625 0.37890625 0.0453125 0.06171875
3 0.696875 0.425 0.02578125 0.06640625
3 0.29140625 0.54140625 0.03125 0.0765625
3 0.42578125 0.6859375 0.03125 0.11484375
3 0.375 0.47109375 0.028125 0.075
3 0.41875 0.47421875 0.0234375 0.078125
3 0.39140625 0.37890625 0.02421875 0.06171875
3 0.44609375 0.35 0.0203125 0.046875
1 0.47421875 0.40234375 0.04140625 0.06484375
4 0.5796875 0.2703125 0.02265625 0.0453125
3 0.49765625 0.3109375 0.0140625 0.034375
3 0.4859375 0.3609375 0.01640625 0.0359375