2 0.76875 0.634375 0.13984375 0.26484375
1 0.875 0.49921875 0.12421875 0.13828125
1 0.64921875 0.49921875 0.103125 0.18515625
3 0.628125 0.34609375 0.03359375 0.04140625
3 0.66171875 0.3765625 0.0359375 0.10703125
1 0.7375 0.38203125 0.06796875 0.11328125
3 0.7359375 0.390625 0.0265625 0.0546875
1 0.578125 0.265625 0.01640625 0.03203125
1 0.590625 0.26328125 0.01328125 0.04296875
1 0.5046875 0.27265625 0.01796875 0.0515625
1 0.49609375 0.296875 0.021875 0.05
3 0.471875 0.2953125 0.01875 0.03359375
4 0.49609375 0.3359375 0.0359375 0.05859375
1 0.4625 0.3859375 0.04921875 0.09140625
1 0.39609375 0.328125 0.0359375 0.05
1 0.36953125 0.3453125 0.03984375 0.05703125
1 0.31796875 0.47109375 0.12265625 0.13515625
3 0.290625 0.64609375 0.06640625 0.13828125
1 0.48203125 0.25859375 0.01640625 0.0296875