3 0.7109375 0.5875 0.0390625 0.09140625
1 0.15 0.53515625 0.1109375 0.11328125
1 0.32734375 0.38515625 0.05078125 0.046875
1 0.36640625 0.3453125 0.03671875 0.03359375
1 0.39609375 0.32578125 0.0265625 0.028125
3 0.46171875 0.31796875 0.01484375 0.0296875
3 0.48671875 0.3 0.01640625 0.03359375
1 0.6046875 0.38203125 0.03984375 0.08359375
1 0.58125 0.2828125 0.0203125 0.03203125
1 0.8265625 0.4578125 0.078125 0.0953125
1 0.6625 0.29140625 0.02578125 0.0296875
1 0.85234375 0.87265625 0.1921875 0.2546875