1 0.64296875 0.46015625 0.09375 0.11640625
1 0.85546875 0.47890625 0.1109375 0.11796875
1 0.76171875 0.93046875 0.1890625 0.13828125
1 0.0421875 0.65859375 0.084375 0.16015625
1 0.35 0.3625 0.034375 0.08203125
1 0.36640625 0.33046875 0.04765625 0.05859375
1 0.38984375 0.3125 0.04375 0.06484375
1 0.62734375 0.359375 0.04765625 0.06171875
1 0.60234375 0.33046875 0.02890625 0.0484375
1 0.57734375 0.29296875 0.01875 0.03671875
1 0.575 0.27421875 0.01796875 0.025
1 0.5875 0.2625 0.01328125 0.028125
3 0.27890625 0.59765625 0.07890625 0.11171875
3 0.29765625 0.4359375 0.0421875 0.06796875
3 0.8671875 0.63984375 0.06875 0.11328125
3 0.74140625 0.44140625 0.0421875 0.0765625
3 0.7 0.3984375 0.02578125 0.05703125
3 0.67421875 0.36796875 0.01796875 0.05703125
3 0.6546875 0.3234375 0.0203125 0.03984375
3 0.63671875 0.32578125 0.01484375 0.0484375
3 0.61953125 0.30859375 0.0109375 0.03671875
3 0.61640625 0.28359375 0.01328125 0.0296875
3 0.603125 0.278125 0.015625 0.0234375
2 0.27265625 0.509375 0.10703125 0.11484375
4 0.9171875 0.8265625 0.165625 0.346875
3 0.46875 0.290625 0.02109375 0.0546875