1 0.46328125 0.3578125 0.0609375 0.06171875
1 0.22109375 0.475 0.1109375 0.11328125
1 0.3671875 0.34609375 0.0421875 0.078125
1 0.39609375 0.32109375 0.0421875 0.06484375
1 0.50546875 0.2671875 0.028125 0.04140625
1 0.82578125 0.43828125 0.1015625 0.1265625
1 0.67578125 0.3 0.0609375 0.06328125
0 0.5734375 0.23515625 0.01640625 0.0296875
5 0.37421875 0.6296875 0.15 0.23671875
3 0.22578125 0.64765625 0.1 0.15859375
3 0.6765625 0.88828125 0.06328125 0.2234375
3 0.703125 0.425 0.04140625 0.11640625
3 0.5640625 0.2765625 0.015625 0.04296875
3 0.4265625 0.3296875 0.01875 0.06328125