2 0.2859375 0.43046875 0.08671875 0.08203125
1 0.3671875 0.34296875 0.0453125 0.0703125
4 0.40859375 0.32578125 0.0453125 0.06796875
1 0.5953125 0.4078125 0.0546875 0.0984375
1 0.6359375 0.37578125 0.053125 0.06484375
0 0.71171875 0.459375 0.13984375 0.228125
1 0.79296875 0.85625 0.2046875 0.2875
1 0.87109375 0.5 0.11484375 0.13984375
3 0.9 0.53828125 0.05078125 0.0796875
1 0.94609375 0.60859375 0.1078125 0.14296875
2 0.5078125 0.27421875 0.03203125 0.03203125
1 0.07109375 0.63046875 0.1421875 0.11796875