1 0.07109375 0.7234375 0.1421875 0.23671875
4 0.22421875 0.46953125 0.103125 0.1015625
1 0.34609375 0.365625 0.04453125 0.071875
1 0.3671875 0.34296875 0.02421875 0.06640625
1 0.40546875 0.31953125 0.05 0.05859375
1 0.4859375 0.2984375 0.04453125 0.046875
3 0.6125 0.51015625 0.0359375 0.15
5 0.73046875 0.51015625 0.13828125 0.24296875
1 0.8671875 0.49453125 0.1109375 0.121875
3 0.62421875 0.37890625 0.02578125 0.09140625
3 0.63359375 0.31796875 0.03125 0.03984375
0 0.575 0.27734375 0.0375 0.06484375
3 0.60703125 0.26953125 0.0125 0.03515625