2 0.21328125 0.4734375 0.08515625 0.10546875
1 0.84375 0.4609375 0.0765625 0.090625
1 0.28359375 0.4234375 0.05703125 0.05390625
1 0.315625 0.39765625 0.04765625 0.0546875
1 0.353125 0.36171875 0.0359375 0.04296875
1 0.375 0.34453125 0.03046875 0.04296875
1 0.45390625 0.2875 0.01640625 0.021875
1 0.46484375 0.28125 0.01796875 0.02109375
1 0.4703125 0.2703125 0.0203125 0.025
1 0.51640625 0.2625 0.0125 0.02265625
1 0.50546875 0.25625 0.01015625 0.0140625
3 0.503125 0.271875 0.0078125 0.0109375
3 0.49609375 0.26484375 0.00625 0.00859375
2 0.575 0.259375 0.01640625 0.0203125
5 0.58125 0.23203125 0.009375 0.0171875
0 0.5921875 0.2421875 0.01484375 0.04453125
5 0.61875 0.24609375 0.0140625 0.01875
1 0.634375 0.2734375 0.0140625 0.01875
3 0.64453125 0.2828125 0.0078125 0.0171875
3 0.65546875 0.378125 0.01640625 0.03671875
3 0.671875 0.340625 0.01484375 0.02734375
3 0.878125 0.496875 0.04453125 0.065625