0 0.41953125 0.334375 0.06875 0.121875
2 0.14765625 0.534375 0.1015625 0.1453125
3 0.64375 0.68671875 0.05078125 0.14296875
3 0.6953125 0.40078125 0.01796875 0.04140625
3 0.7453125 0.4390625 0.02578125 0.06171875
1 0.6546875 0.45234375 0.06484375 0.1015625
1 0.82109375 0.54453125 0.14453125 0.21796875
1 0.81328125 0.78671875 0.17890625 0.2734375
1 0.63359375 0.37734375 0.046875 0.071875
1 0.59453125 0.32265625 0.034375 0.071875
1 0.61875 0.284375 0.02578125 0.04140625
1 0.58125 0.2734375 0.01640625 0.0265625
0 0.578125 0.25234375 0.01640625 0.03828125