1 0.13671875 0.521875 0.1890625 0.29296875
1 0.32890625 0.3875 0.09375 0.1484375
1 0.3609375 0.340625 0.05234375 0.11171875
1 0.39921875 0.3265625 0.04453125 0.11640625
1 0.48046875 0.2671875 0.01796875 0.0484375
1 0.83203125 0.45 0.12421875 0.1703125
1 0.6734375 0.31171875 0.0390625 0.0765625
1 0.646875 0.2859375 0.03984375 0.05859375
2 0.59296875 0.296875 0.03671875 0.04296875
0 0.5875 0.26953125 0.034375 0.06796875
0 0.58125 0.22734375 0.02421875 0.0453125
4 0.46796875 0.2703125 0.02109375 0.053125
3 0.30390625 0.41953125 0.028125 0.13203125