1 0.42734375 0.628125 0.18046875 0.21015625
1 0.496875 0.32734375 0.03359375 0.06796875
1 0.4234375 0.3125 0.02421875 0.0484375
1 0.3984375 0.32890625 0.04921875 0.0484375
1 0.36953125 0.340625 0.03671875 0.04140625
1 0.8265625 0.4390625 0.11328125 0.10859375
1 0.88671875 0.5078125 0.09765625 0.11171875
1 0.66640625 0.30859375 0.0234375 0.06015625
1 0.66015625 0.28359375 0.03203125 0.03359375
1 0.578125 0.25234375 0.02109375 0.021875
0 0.49453125 0.271875 0.034375 0.05
0 0.36953125 0.4375 0.13046875 0.19140625
4 0.4609375 0.271875 0.02578125 0.05703125
3 0.465625 0.28671875 0.01484375 0.03984375
0 0.10625 0.80625 0.2125 0.3875
3 0.30390625 0.409375 0.03671875 0.06171875