1 0.8359375 0.4484375 0.14375 0.1796875
1 0.6078125 0.32890625 0.04765625 0.0953125
1 0.57578125 0.2671875 0.03359375 0.0546875
1 0.63046875 0.26171875 0.0265625 0.05703125
1 0.66484375 0.29453125 0.034375 0.0484375
1 0.4953125 0.24453125 0.0234375 0.025
1 0.5140625 0.29140625 0.03984375 0.05
1 0.3984375 0.30234375 0.05546875 0.078125
1 0.34609375 0.33203125 0.1046875 0.08359375
1 0.3234375 0.37421875 0.08671875 0.08828125
1 0.14140625 0.51484375 0.14765625 0.2203125
4 0.48203125 0.34765625 0.0609375 0.071875
4 0.4609375 0.26484375 0.028125 0.05
4 0.478125 0.25390625 0.0375 0.04140625
3 0.40625 0.559375 0.04921875 0.13828125
3 0.36328125 0.515625 0.04453125 0.11796875
3 0.378125 0.4546875 0.04921875 0.08984375
3 0.4140625 0.459375 0.0375 0.1015625
3 0.2890625 0.6515625 0.11796875 0.21015625
3 0.4640625 0.31796875 0.046875 0.06640625
3 0.48515625 0.2796875 0.01015625 0.06640625
3 0.49453125 0.26328125 0.015625 0.03671875