1 0.83984375 0.46484375 0.08671875 0.08828125
1 0.51875 0.28671875 0.02734375 0.02578125
1 0.371875 0.3453125 0.040625 0.0359375
1 0.35859375 0.36484375 0.03984375 0.05546875
1 0.31640625 0.3953125 0.0453125 0.04921875
1 0.2796875 0.42265625 0.06015625 0.06328125
0 0.43671875 0.29140625 0.06796875 0.109375
2 0.3328125 0.86640625 0.19375 0.2671875
2 0.21328125 0.47265625 0.0828125 0.11015625
2 0.503125 0.3234375 0.0265625 0.0484375
3 0.875 0.49296875 0.04765625 0.08125
3 0.45703125 0.3609375 0.01953125 0.046875
3 0.484375 0.30625 0.015625 0.0421875