1 0.784375 0.89296875 0.2421875 0.21328125
1 0.87421875 0.50546875 0.146875 0.171875
3 0.63359375 0.4234375 0.046875 0.09296875
3 0.309375 0.903125 0.09765625 0.19296875
0 0.421875 0.40859375 0.10546875 0.16015625
4 0.421875 0.33203125 0.06875 0.06328125
1 0.36953125 0.33984375 0.034375 0.05
2 0.2875 0.41953125 0.09921875 0.09140625
3 0.621875 0.3484375 0.028125 0.06640625
1 0.56796875 0.27421875 0.02421875 0.03515625
0 0.59296875 0.2703125 0.02421875 0.05703125
1 0.49453125 0.26796875 0.0375 0.0265625