1 0.346875 0.87890625 0.22265625 0.24140625
3 0.31015625 0.5046875 0.04453125 0.08359375
3 0.3734375 0.5046875 0.0796875 0.10703125
3 0.465625 0.40390625 0.03671875 0.08203125
3 0.49140625 0.35234375 0.03125 0.05859375
1 0.48359375 0.315625 0.04375 0.03515625
3 0.49296875 0.2796875 0.02578125 0.0234375
1 0.85859375 0.4984375 0.12890625 0.1765625
3 0.58359375 0.27421875 0.01796875 0.0453125
3 0.59609375 0.26640625 0.0203125 0.03671875
1 0.58359375 0.25390625 0.01484375 0.0484375
1 0.409375 0.3171875 0.04453125 0.03515625
1 0.35859375 0.340625 0.05 0.0546875
4 0.228125 0.4734375 0.10234375 0.13984375