3 0.2296875 0.6125 0.09921875 0.178125
3 0.68359375 0.3875 0.03125 0.08515625
3 0.71640625 0.39453125 0.028125 0.08828125
1 0.33046875 0.378125 0.0703125 0.1296875
1 0.11640625 0.4953125 0.21328125 0.20703125
1 0.3703125 0.33046875 0.03984375 0.08515625
1 0.38515625 0.3 0.0625 0.1
1 0.44140625 0.265625 0.02421875 0.075
2 0.47734375 0.3046875 0.03671875 0.06015625
4 0.4640625 0.2828125 0.02890625 0.04140625
4 0.46796875 0.26796875 0.02421875 0.03671875
2 0.5140625 0.2921875 0.021875 0.0484375
0 0.50078125 0.2640625 0.02890625 0.0546875
4 0.909375 0.71484375 0.18125 0.303125
4 0.5796875 0.240625 0.01796875 0.03515625
1 0.5921875 0.28203125 0.034375 0.053125
1 0.84609375 0.4703125 0.115625 0.13359375
1 0.66171875 0.28515625 0.04453125 0.06328125
1 0.63984375 0.26328125 0.0234375 0.04296875