3 0.7 0.51640625 0.065625 0.13359375
3 0.64921875 0.3609375 0.0296875 0.08203125
3 0.59453125 0.33203125 0.0453125 0.0765625
1 0.86171875 0.50546875 0.12421875 0.16796875
1 0.734375 0.37421875 0.06484375 0.08203125
1 0.57265625 0.25 0.0203125 0.0234375
1 0.49296875 0.34765625 0.0734375 0.05859375
2 0.5 0.2828125 0.05 0.04140625
1 0.35703125 0.37421875 0.0578125 0.06484375
1 0.37109375 0.34296875 0.03984375 0.04296875
3 0.271875 0.7234375 0.11640625 0.16640625
1 0.11328125 0.72578125 0.1890625 0.1984375
4 0.21484375 0.46171875 0.0921875 0.1203125