0 0.29921875 0.68203125 0.2578125 0.446875
3 0.40234375 0.425 0.0296875 0.0796875
3 0.63125 0.37265625 0.05234375 0.0984375
3 0.3375 0.37890625 0.04140625 0.06484375
3 0.296875 0.40234375 0.0265625 0.05859375
3 0.5 0.26328125 0.00546875 0.03671875
1 0.815625 0.44453125 0.10546875 0.125
1 0.884375 0.5171875 0.1125 0.121875
1 0.66484375 0.29453125 0.04375 0.0546875
1 0.5890625 0.23359375 0.0125 0.0203125
1 0.51484375 0.29140625 0.03359375 0.05
1 0.4875 0.27421875 0.02578125 0.01796875
1 0.4015625 0.32265625 0.03984375 0.03828125
1 0.371875 0.34296875 0.04140625 0.03671875
4 0.465625 0.26953125 0.0234375 0.03203125