1 0.19375 0.56015625 0.109375 0.1203125
1 0.215625 0.4859375 0.13125 0.11171875
1 0.36640625 0.34453125 0.04140625 0.075
1 0.39453125 0.315625 0.03671875 0.06484375
1 0.49296875 0.27109375 0.02421875 0.03828125
1 0.825 0.43984375 0.0890625 0.13671875
1 0.6640625 0.28984375 0.03125 0.046875
0 0.11953125 0.76875 0.2390625 0.4625
3 0.4890625 0.33046875 0.028125 0.0515625
3 0.34375 0.40078125 0.0375 0.071875
3 0.59140625 0.30390625 0.0203125 0.0546875
0 0.56796875 0.26484375 0.02421875 0.05703125
4 0.59296875 0.2609375 0.015625 0.03828125