1 0.671875 0.553125 0.0765625 0.13984375
1 0.82734375 0.4453125 0.0734375 0.0703125
1 0.88359375 0.50078125 0.1015625 0.09140625
1 0.4078125 0.7078125 0.109375 0.171875
1 0.36796875 0.34453125 0.03984375 0.04140625
1 0.3953125 0.32421875 0.034375 0.03203125
3 0.465625 0.40234375 0.02109375 0.06171875
3 0.74921875 0.51015625 0.0375 0.08671875
3 0.91171875 0.67890625 0.0625 0.121875
1 0.56640625 0.30390625 0.0265625 0.0484375
1 0.596875 0.31171875 0.0296875 0.04296875
1 0.5796875 0.278125 0.01796875 0.0265625
1 0.66484375 0.2921875 0.0265625 0.03515625
3 0.33828125 0.3890625 0.034375 0.04140625