2 0.67890625 0.55078125 0.09609375 0.140625
1 0.49296875 0.33828125 0.0328125 0.05859375
1 0.6265625 0.38046875 0.04375 0.07265625
1 0.42421875 0.4109375 0.0609375 0.0640625
1 0.4 0.32578125 0.03203125 0.02734375
1 0.37265625 0.3453125 0.02890625 0.0421875
1 0.3484375 0.3578125 0.03125 0.0375
1 0.31328125 0.39375 0.0453125 0.046875
3 0.74453125 0.51640625 0.04921875 0.11796875
3 0.5859375 0.2671875 0.0171875 0.0296875
3 0.4359375 0.3484375 0.01796875 0.0453125
3 0.48125 0.29140625 0.01015625 0.028125