1 0.45625 0.446875 0.04375 0.0703125
1 0.30703125 0.4015625 0.04453125 0.046875
1 0.34609375 0.35859375 0.0265625 0.03984375
1 0.3671875 0.3515625 0.02109375 0.0296875
1 0.4 0.32421875 0.03203125 0.03203125
1 0.46328125 0.3828125 0.03203125 0.04140625
1 0.48984375 0.3390625 0.0234375 0.04140625
1 0.5796875 0.26953125 0.02109375 0.03203125
3 0.3671875 0.56953125 0.04140625 0.10859375
3 0.4421875 0.35703125 0.01640625 0.03359375
3 0.45 0.33203125 0.02109375 0.046875
3 0.4125 0.3578125 0.015625 0.03515625
3 0.48359375 0.31015625 0.02109375 0.03671875
3 0.70234375 0.48828125 0.03671875 0.0796875
3 0.87265625 0.49140625 0.0265625 0.06640625