4 0.38671875 0.69609375 0.22265625 0.31484375
3 0.2390625 0.684375 0.07578125 0.1453125
3 0.30625 0.60078125 0.0703125 0.09140625
1 0.4578125 0.46640625 0.07890625 0.11015625
1 0.50234375 0.309375 0.0265625 0.0546875
1 0.61953125 0.478125 0.06484375 0.1203125
1 0.66640625 0.43046875 0.0734375 0.1046875
3 0.6875 0.5453125 0.046875 0.14296875
3 0.7234375 0.48359375 0.04140625 0.1234375
1 0.8578125 0.69609375 0.13984375 0.3015625
1 0.8625 0.5046875 0.13203125 0.16640625
1 0.61171875 0.33203125 0.0375 0.0796875
3 0.58125 0.2828125 0.01796875 0.03203125
1 0.4015625 0.32265625 0.04921875 0.078125
1 0.36640625 0.33984375 0.04140625 0.06015625
1 0.32578125 0.39765625 0.04453125 0.09140625
2 0.2921875 0.43359375 0.1265625 0.11015625
1 0.1671875 0.52578125 0.13046875 0.13828125