1 0.209375 0.4875 0.1390625 0.08515625
1 0.4390625 0.49765625 0.1 0.10859375
3 0.40390625 0.4734375 0.053125 0.08359375
3 0.50859375 0.315625 0.01796875 0.0546875
1 0.828125 0.4609375 0.08671875 0.125
1 0.66484375 0.29453125 0.0203125 0.0484375
5 0.609375 0.32578125 0.0359375 0.1015625
0 0.5796875 0.28203125 0.0203125 0.0765625
0 0.37734375 0.39296875 0.11328125 0.21640625
1 0.471875 0.328125 0.03203125 0.05703125
1 0.49375 0.34140625 0.0375 0.0703125
4 0.63359375 0.26640625 0.01640625 0.03359375