1 0.79765625 0.85546875 0.2921875 0.28828125
1 0.73984375 0.5984375 0.1671875 0.196875
1 0.875 0.509375 0.178125 0.16171875
3 0.69921875 0.41640625 0.03359375 0.08359375
1 0.6203125 0.3796875 0.05546875 0.06640625
1 0.61015625 0.33359375 0.02421875 0.046875
1 0.61875 0.3125 0.0296875 0.0453125
1 0.5796875 0.31328125 0.02578125 0.046875
1 0.5921875 0.29140625 0.0234375 0.03984375
0 0.58359375 0.25234375 0.01796875 0.028125
0 0.471875 0.3109375 0.03359375 0.1015625
3 0.50390625 0.28984375 0.00859375 0.03671875
4 0.41015625 0.32578125 0.0625 0.06484375
1 0.3734375 0.34921875 0.0375 0.08203125
1 0.27890625 0.4375 0.10703125 0.13515625