1 0.61015625 0.4046875 0.06484375 0.11015625
1 0.865625 0.490625 0.11484375 0.178125
1 0.73984375 0.3828125 0.0546875 0.13828125
3 0.66328125 0.35390625 0.0390625 0.06796875
1 0.5796875 0.30703125 0.02890625 0.046875
1 0.57109375 0.28046875 0.0296875 0.03828125
1 0.5765625 0.26328125 0.01875 0.0296875
1 0.48984375 0.3015625 0.0296875 0.03984375
4 0.45625 0.271875 0.03671875 0.03984375
1 0.39921875 0.3359375 0.05078125 0.05859375
1 0.37421875 0.3546875 0.03671875 0.06328125
1 0.34921875 0.37265625 0.046875 0.0953125
3 0.34609375 0.75 0.13125 0.196875