1 0.16953125 0.91484375 0.3171875 0.1703125
0 0.7015625 0.44921875 0.13203125 0.23203125
0 0.60703125 0.303125 0.06484375 0.08359375
1 0.578125 0.26171875 0.0109375 0.0296875
1 0.8765625 0.5015625 0.15703125 0.16328125
4 0.41328125 0.3265625 0.04140625 0.0734375
3 0.4234375 0.33046875 0.01875 0.03828125
3 0.48125 0.30390625 0.01015625 0.03828125
3 0.46796875 0.28828125 0.0234375 0.0203125
1 0.4984375 0.33046875 0.0234375 0.0484375
1 0.465625 0.3640625 0.04765625 0.06484375
3 0.20546875 0.784375 0.1359375 0.175