3 0.4171875 0.46171875 0.0328125 0.08515625
3 0.32421875 0.63984375 0.06953125 0.13125
3 0.459375 0.340625 0.0234375 0.06015625
3 0.88203125 0.4921875 0.04609375 0.0703125
2 0.2140625 0.48046875 0.08515625 0.109375
1 0.27890625 0.42265625 0.07265625 0.08046875
1 0.309375 0.38671875 0.05078125 0.05234375
1 0.35078125 0.3609375 0.0484375 0.0546875
1 0.37578125 0.34609375 0.03203125 0.04765625
1 0.47734375 0.4390625 0.06015625 0.07421875
1 0.84453125 0.4625 0.08203125 0.090625
1 0.4953125 0.30546875 0.0265625 0.0359375
2 0.471875 0.378125 0.04921875 0.06171875
1 0.36015625 0.4390625 0.06953125 0.07265625
1 0.63359375 0.271875 0.025 0.0265625