0 0.14296875 0.6546875 0.2859375 0.63671875
3 0.37578125 0.484375 0.0453125 0.128125
3 0.72421875 0.5578125 0.1 0.19140625
3 0.63125 0.31796875 0.05078125 0.06328125
3 0.47890625 0.28671875 0.01015625 0.03671875
3 0.3265625 0.4078125 0.01875 0.06796875
3 0.30546875 0.4015625 0.02578125 0.06015625
1 0.32890625 0.38203125 0.065625 0.11328125
1 0.36640625 0.33984375 0.046875 0.0734375
1 0.38828125 0.3109375 0.046875 0.0984375
1 0.49453125 0.30546875 0.02890625 0.0515625
1 0.47421875 0.2796875 0.02890625 0.06015625
1 0.66640625 0.28828125 0.0390625 0.103125
1 0.8515625 0.46015625 0.1734375 0.20703125
1 0.6328125 0.26640625 0.0359375 0.05703125
4 0.46328125 0.265625 0.028125 0.0484375
4 0.48359375 0.26015625 0.021875 0.046875