1 0.64765625 0.45 0.06171875 0.10859375
1 0.83203125 0.45625 0.08828125 0.09453125
1 0.365625 0.34453125 0.04609375 0.0375
1 0.42265625 0.359375 0.03125 0.034375
1 0.49296875 0.3109375 0.01796875 0.034375
1 0.453125 0.27578125 0.01953125 0.0234375
2 0.4671875 0.325 0.02421875 0.04921875
2 0.29453125 0.40390625 0.07890625 0.084375
4 0.48984375 0.359375 0.04453125 0.07109375
3 0.44453125 0.3265625 0.0125 0.03203125
3 0.3765625 0.44609375 0.02890625 0.0609375
3 0.87578125 0.49140625 0.02890625 0.075
3 0.43828125 0.31875 0.01015625 0.0234375