1 0.47734375 0.425 0.08671875 0.103125
1 0.36953125 0.34453125 0.03125 0.06796875
1 0.39453125 0.32421875 0.0296875 0.0515625
1 0.43203125 0.31484375 0.02578125 0.05
1 0.50390625 0.2765625 0.03359375 0.046875
4 0.4625 0.26015625 0.0203125 0.04296875
3 0.45234375 0.32109375 0.0203125 0.05859375
3 0.425 0.3734375 0.0296875 0.06015625
3 0.40234375 0.38984375 0.0265625 0.0796875
3 0.6 0.28828125 0.01015625 0.03359375
3 0.5859375 0.25703125 0.01796875 0.03671875
3 0.2984375 0.41171875 0.01875 0.06328125
3 0.33828125 0.39609375 0.0390625 0.071875
1 0.5953125 0.32265625 0.0375 0.05859375
1 0.82421875 0.43671875 0.1 0.15
1 0.8703125 0.4921875 0.103125 0.125
1 0.66640625 0.28828125 0.02890625 0.053125