0 0.81953125 0.678125 0.3046875 0.4703125
5 0.5703125 0.3046875 0.02578125 0.06015625
1 0.83515625 0.4578125 0.084375 0.13515625
1 0.41171875 0.5328125 0.12421875 0.178125
1 0.44453125 0.3796875 0.06328125 0.0765625
1 0.3671875 0.3578125 0.03359375 0.06796875
1 0.39140625 0.32578125 0.04453125 0.0453125
1 0.225 0.4796875 0.08984375 0.096875
1 0.096875 0.88359375 0.19375 0.2328125
3 0.3796875 0.753125 0.0703125 0.16640625
3 0.4609375 0.4453125 0.034375 0.08359375
3 0.68515625 0.43203125 0.0390625 0.09296875
3 0.60859375 0.3265625 0.02109375 0.046875
3 0.50859375 0.3015625 0.01796875 0.046875
3 0.509375 0.28203125 0.0125 0.03359375
1 0.665625 0.29765625 0.0421875 0.06484375