3 0.4796875 0.3484375 0.021875 0.0765625
3 0.41015625 0.36171875 0.03125 0.0796875
3 0.33828125 0.4 0.0421875 0.0796875
3 0.30078125 0.409375 0.0390625 0.075
1 0.4609375 0.52578125 0.11484375 0.1453125
1 0.2171875 0.49296875 0.09765625 0.13359375
1 0.36484375 0.34296875 0.04453125 0.0796875
1 0.39453125 0.31796875 0.0296875 0.06640625
1 0.46796875 0.290625 0.0453125 0.0515625
1 0.50703125 0.3078125 0.03359375 0.06484375
1 0.825 0.446875 0.09140625 0.11328125
1 0.890625 0.49609375 0.09140625 0.11796875
1 0.66015625 0.29453125 0.03671875 0.05859375
4 0.45703125 0.25859375 0.02890625 0.04296875