1 0.09140625 0.6375 0.16875 0.1046875
1 0.3421875 0.36015625 0.0203125 0.03671875
1 0.3671875 0.3359375 0.034375 0.0546875
1 0.39140625 0.31484375 0.0375 0.06640625
1 0.503125 0.325 0.04375 0.03671875
1 0.45 0.5421875 0.07265625 0.11484375
1 0.86640625 0.48984375 0.09140625 0.09296875
1 0.73671875 0.365625 0.04140625 0.05859375
3 0.4140625 0.43359375 0.02421875 0.04296875
3 0.421875 0.38515625 0.02890625 0.046875
3 0.4375 0.33671875 0.0234375 0.03671875
3 0.465625 0.3125 0.01640625 0.03203125
3 0.48046875 0.29453125 0.01328125 0.03515625
3 0.49375 0.2859375 0.0109375 0.04140625
4 0.27265625 0.8375 0.184375 0.30859375
4 0.57734375 0.259375 0.01796875 0.025