1 0.3421875 0.721875 0.1390625 0.20703125
1 0.07578125 0.6890625 0.1515625 0.2484375
1 0.19921875 0.49296875 0.13828125 0.1265625
1 0.36171875 0.3484375 0.0421875 0.0765625
1 0.39921875 0.328125 0.03125 0.05703125
1 0.46328125 0.3296875 0.03671875 0.0765625
1 0.48046875 0.284375 0.015625 0.0484375
5 0.503125 0.296875 0.04375 0.103125
1 0.57578125 0.3484375 0.0609375 0.103125
1 0.66171875 0.29296875 0.03125 0.05
1 0.84140625 0.4546875 0.0921875 0.1203125
4 0.63125 0.35390625 0.0390625 0.06484375
3 0.659375 0.49765625 0.07109375 0.16171875
3 0.5921875 0.2921875 0.01484375 0.03203125
3 0.5875 0.26953125 0.01875 0.025
3 0.33984375 0.40234375 0.03671875 0.0546875
1 0.58515625 0.2453125 0.01015625 0.0265625