3 0.878125 0.49921875 0.0390625 0.06484375
3 0.68203125 0.3359375 0.015625 0.03828125
2 0.21875 0.48203125 0.10078125 0.11953125
4 0.39140625 0.62109375 0.146875 0.2734375
3 0.57890625 0.278125 0.01484375 0.02109375
1 0.58671875 0.33515625 0.03046875 0.0515625
1 0.84140625 0.46015625 0.0953125 0.0953125
1 0.45703125 0.2890625 0.02109375 0.0265625
1 0.3734375 0.34765625 0.04375 0.04140625
1 0.359375 0.36171875 0.0421875 0.05546875
1 0.31640625 0.39296875 0.05859375 0.0578125
1 0.2859375 0.41953125 0.0625 0.08828125