3 0.78828125 0.53515625 0.04453125 0.0734375
3 0.8671875 0.49296875 0.1046875 0.11015625
2 0.60078125 0.3703125 0.0421875 0.0734375
2 0.7359375 0.3703125 0.0578125 0.0734375
1 0.390625 0.76015625 0.12578125 0.21015625
1 0.440625 0.503125 0.065625 0.103125
1 0.29453125 0.65234375 0.1203125 0.1546875
1 0.49296875 0.3328125 0.03359375 0.03828125
1 0.4546875 0.31953125 0.03359375 0.03515625
1 0.39765625 0.32421875 0.04140625 0.03203125
1 0.36875 0.34609375 0.03203125 0.03828125
1 0.48984375 0.2984375 0.02578125 0.03671875
3 0.59765625 0.3078125 0.01640625 0.03515625
1 0.3734375 0.3828125 0.03984375 0.0453125
3 0.2640625 0.82734375 0.0609375 0.13515625