0 0.66484375 0.38359375 0.09375 0.16015625
1 0.68359375 0.590625 0.13046875 0.1984375
1 0.83203125 0.44921875 0.0859375 0.128125
1 0.66953125 0.30390625 0.0375 0.0453125
1 0.6359375 0.265625 0.0421875 0.03828125
1 0.57109375 0.28828125 0.0296875 0.03671875
0 0.58515625 0.23671875 0.02109375 0.0265625
0 0.48203125 0.2640625 0.01640625 0.03828125
3 0.4875 0.30703125 0.0296875 0.04296875
1 0.40859375 0.33046875 0.05859375 0.05859375
1 0.365625 0.35703125 0.0578125 0.0703125
1 0.3265625 0.3875 0.08359375 0.08515625
3 0.309375 0.40703125 0.03203125 0.053125
1 0.16328125 0.5375 0.17890625 0.21171875