3 0.86640625 0.63828125 0.10703125 0.1796875
1 0.8640625 0.51796875 0.14453125 0.1765625
3 0.7421875 0.5203125 0.0609375 0.13671875
3 0.68828125 0.4703125 0.02890625 0.11640625
5 0.6296875 0.4671875 0.10546875 0.228125
0 0.6359375 0.34453125 0.0609375 0.1046875
3 0.596875 0.32109375 0.02109375 0.03828125
4 0.5953125 0.28671875 0.015625 0.03671875
1 0.7390625 0.38203125 0.05703125 0.1
5 0.584375 0.25546875 0.01875 0.04140625
1 0.56796875 0.25859375 0.01640625 0.03671875
3 0.5984375 0.25390625 0.00859375 0.03828125
4 0.4640625 0.26640625 0.03125 0.046875
1 0.4046875 0.3359375 0.05078125 0.06796875
1 0.36640625 0.35703125 0.05234375 0.0796875
1 0.1015625 0.5921875 0.203125 0.125
1 0.06484375 0.82265625 0.12890625 0.3546875