3 0.465625 0.3171875 0.015625 0.05859375
3 0.3390625 0.39765625 0.06484375 0.06796875
3 0.2984375 0.39765625 0.04375 0.0515625
1 0.42421875 0.57890625 0.11640625 0.21171875
1 0.2078125 0.478125 0.09765625 0.1296875
1 0.365625 0.34140625 0.0375 0.0796875
1 0.39140625 0.31171875 0.03125 0.08359375
1 0.4984375 0.28984375 0.02109375 0.046875
1 0.50078125 0.25546875 0.01015625 0.028125
1 0.828125 0.446875 0.1125 0.13671875
1 0.8921875 0.5109375 0.0921875 0.1453125
1 0.6703125 0.29609375 0.03203125 0.0484375
4 0.45859375 0.271875 0.02578125 0.06015625