1 0.81953125 0.440625 0.1265625 0.16171875
1 0.67109375 0.2984375 0.04765625 0.06015625
1 0.57578125 0.26796875 0.02890625 0.06015625
1 0.6390625 0.27265625 0.0234375 0.0546875
1 0.4546875 0.54453125 0.1 0.128125
1 0.1578125 0.53984375 0.13984375 0.13671875
1 0.33359375 0.378125 0.0578125 0.08984375
1 0.36171875 0.33984375 0.034375 0.0703125
1 0.44609375 0.28515625 0.0265625 0.046875
1 0.5 0.26953125 0.02109375 0.03828125
0 0.515625 0.25859375 0.0359375 0.08671875
2 0.41171875 0.4375 0.0921875 0.10859375
1 0.47578125 0.39140625 0.05546875 0.0796875
1 0.46953125 0.3390625 0.04375 0.06484375
4 0.46328125 0.271875 0.0234375 0.05
3 0.34296875 0.4359375 0.0234375 0.1015625
3 0.36953125 0.425 0.0421875 0.11328125
3 0.8796875 0.67890625 0.1046875 0.175