4 0.46328125 0.2703125 0.01875 0.0734375
3 0.74140625 0.5109375 0.065625 0.13828125
3 0.41171875 0.46171875 0.09140625 0.10703125
3 0.34609375 0.8140625 0.1265625 0.19140625
3 0.67421875 0.4203125 0.05 0.06640625
3 0.6375 0.353125 0.03671875 0.053125
3 0.60546875 0.3203125 0.028125 0.03359375
3 0.50703125 0.315625 0.021875 0.0453125
3 0.45703125 0.359375 0.0421875 0.0484375
3 0.5078125 0.2875 0.01875 0.04140625
3 0.4859375 0.30078125 0.03125 0.04140625
1 0.87578125 0.446875 0.18828125 0.16640625
1 0.64921875 0.465625 0.1265625 0.121875
1 0.62421875 0.38359375 0.08671875 0.096875
1 0.58046875 0.3078125 0.0421875 0.06484375
1 0.58046875 0.28515625 0.03984375 0.06015625
1 0.5734375 0.25234375 0.02109375 0.0484375
1 0.6640625 0.30703125 0.0578125 0.06640625
1 0.646875 0.27421875 0.04921875 0.05859375
1 0.4828125 0.2640625 0.03125 0.03515625
1 0.5078125 0.3375 0.05859375 0.075
1 0.41015625 0.3390625 0.078125 0.078125
1 0.36875 0.3390625 0.04765625 0.06796875
1 0.32890625 0.3953125 0.0546875 0.11640625
1 0.14921875 0.5578125 0.14765625 0.221875