1 0.4203125 0.59921875 0.0890625 0.171875
3 0.28671875 0.6109375 0.06328125 0.13515625
3 0.23828125 0.790625 0.084375 0.178125
3 0.11015625 0.9109375 0.1234375 0.1484375
1 0.1640625 0.525 0.13046875 0.08984375
1 0.32421875 0.4015625 0.065625 0.08359375
2 0.4453125 0.428125 0.08359375 0.11015625
1 0.4890625 0.34296875 0.04453125 0.06015625
3 0.4359375 0.3625 0.02421875 0.0453125
1 0.403125 0.32265625 0.03984375 0.0453125
3 0.42109375 0.30078125 0.01796875 0.0484375
3 0.4578125 0.31953125 0.01796875 0.028125
3 0.4875 0.303125 0.01015625 0.03359375
1 0.59921875 0.49296875 0.07578125 0.11015625
0 0.72578125 0.50703125 0.17109375 0.25703125
5 0.9203125 0.82109375 0.159375 0.3578125
3 0.97265625 0.63203125 0.0546875 0.13984375
1 0.62734375 0.275 0.02578125 0.04296875