0 0.16015625 0.77109375 0.3203125 0.4578125
2 0.29765625 0.4234375 0.12890625 0.11328125
1 0.36328125 0.34609375 0.03984375 0.06484375
4 0.41171875 0.31484375 0.06640625 0.06484375
1 0.7296875 0.65546875 0.12421875 0.23203125
1 0.8765625 0.49609375 0.128125 0.13828125
3 0.75234375 0.52265625 0.034375 0.1046875
4 0.6953125 0.47578125 0.08125 0.14140625
1 0.63046875 0.4046875 0.04453125 0.0796875
1 0.62421875 0.321875 0.02578125 0.053125
1 0.6125 0.3171875 0.00546875 0.0015625
4 0.59765625 0.30703125 0.02109375 0.03984375
1 0.5703125 0.29453125 0.034375 0.04140625