1 0.828125 0.46015625 0.096875 0.1296875
1 0.66015625 0.28671875 0.034375 0.046875
1 0.57578125 0.271875 0.01328125 0.0265625
1 0.56484375 0.2671875 0.01796875 0.025
1 0.47109375 0.3078125 0.03671875 0.0546875
1 0.396875 0.3171875 0.03984375 0.06171875
1 0.3578125 0.3359375 0.0609375 0.06796875
1 0.29609375 0.43671875 0.06484375 0.11015625
1 0.21328125 0.4765625 0.084375 0.1
1 0.1546875 0.53515625 0.13359375 0.08984375
0 0.6 0.27890625 0.03203125 0.1015625
4 0.75625 0.36953125 0.07578125 0.1046875
4 0.6359375 0.2625 0.02578125 0.03203125
4 0.465625 0.271875 0.0296875 0.0296875
3 0.8875 0.8546875 0.09765625 0.25703125
3 0.70546875 0.50234375 0.06796875 0.1515625
3 0.6734375 0.396875 0.034375 0.0765625
3 0.63203125 0.31328125 0.0234375 0.06328125
3 0.5703125 0.31484375 0.01796875 0.03984375
3 0.34609375 0.39765625 0.04453125 0.071875