2 0.28125 0.4421875 0.1046875 0.11484375
3 0.60390625 0.2734375 0.021875 0.03671875
3 0.39375 0.41171875 0.02890625 0.0796875
3 0.4359375 0.346875 0.015625 0.046875
3 0.44765625 0.32578125 0.01640625 0.0453125
3 0.4546875 0.35546875 0.01796875 0.03203125
3 0.465625 0.3046875 0.0109375 0.03359375
3 0.4984375 0.290625 0.01484375 0.021875
3 0.5140625 0.26640625 0.015625 0.0203125
1 0.88125 0.5171875 0.14375 0.175
1 0.78203125 0.409375 0.103125 0.10859375
1 0.628125 0.27578125 0.0265625 0.0484375
1 0.4625 0.50703125 0.11328125 0.16328125
1 0.39453125 0.509375 0.1109375 0.1453125
1 0.43125 0.40234375 0.053125 0.09140625
1 0.46953125 0.37578125 0.04921875 0.08515625
1 0.49453125 0.35 0.0453125 0.0703125
1 0.4015625 0.31796875 0.03984375 0.06328125
1 0.3734375 0.35234375 0.0734375 0.06796875
1 0.32421875 0.38515625 0.07890625 0.08359375
1 0.15546875 0.53359375 0.14140625 0.1703125
1 0.32265625 0.85859375 0.2859375 0.2828125
1 0.57734375 0.2375 0.021875 0.03203125