1 0.13515625 0.5234375 0.18125 0.16640625
1 0.69375 0.67109375 0.1546875 0.23828125
1 0.8484375 0.73984375 0.23359375 0.3203125
1 0.77578125 0.88828125 0.3125 0.2234375
1 0.66171875 0.51796875 0.07578125 0.13671875
1 0.68359375 0.434375 0.07578125 0.128125
1 0.82890625 0.45078125 0.0921875 0.1015625
1 0.6359375 0.26953125 0.04375 0.0484375
1 0.4078125 0.3171875 0.05546875 0.06484375
1 0.3671875 0.33359375 0.0390625 0.06015625
1 0.48359375 0.2671875 0.0203125 0.0484375
0 0.57421875 0.23515625 0.02578125 0.03359375
0 0.9171875 0.63671875 0.165625 0.48671875
2 0.61484375 0.42265625 0.06015625 0.1015625
2 0.59296875 0.37421875 0.04765625 0.078125
3 0.31640625 0.4296875 0.04375 0.1
3 0.45390625 0.35546875 0.028125 0.075
3 0.49453125 0.32265625 0.0234375 0.06171875
3 0.434375 0.30234375 0.01640625 0.0515625
3 0.496875 0.26484375 0.0109375 0.0296875
3 0.58046875 0.2828125 0.02421875 0.03828125
3 0.7390625 0.475 0.0703125 0.1296875
3 0.7890625 0.58203125 0.06796875 0.14296875
5 0.34140625 0.38203125 0.0953125 0.1703125
4 0.4671875 0.26953125 0.01953125 0.04140625
3 0.50859375 0.26484375 0.0109375 0.03828125
3 0.59609375 0.2515625 0.00625 0.02578125