0 0.58515625 0.2484375 0.02421875 0.03359375
0 0.72109375 0.39609375 0.13046875 0.21796875
0 0.49453125 0.2484375 0.01875 0.0234375
3 0.3453125 0.38203125 0.04140625 0.053125
3 0.3671875 0.4296875 0.034375 0.0703125
3 0.43828125 0.31328125 0.00703125 0.0296875
3 0.45390625 0.32265625 0.0109375 0.03515625
3 0.46328125 0.2953125 0.0125 0.03359375
3 0.61875 0.28046875 0.01484375 0.03515625
3 0.86484375 0.50078125 0.04140625 0.08515625
2 0.6375 0.5625 0.096875 0.178125
1 0.45625 0.528125 0.096875 0.146875
1 0.4953125 0.384375 0.0546875 0.0953125
1 0.46328125 0.33828125 0.034375 0.05703125
1 0.36484375 0.340625 0.0359375 0.06796875
1 0.3890625 0.309375 0.0421875 0.09140625
4 0.49453125 0.29609375 0.028125 0.0515625
4 0.92265625 0.86015625 0.1546875 0.2796875
1 0.709375 0.80390625 0.13984375 0.29140625
1 0.79375 0.7078125 0.1265625 0.2484375
1 0.8734375 0.6453125 0.1390625 0.19296875
1 0.9171875 0.53203125 0.11640625 0.153125
1 0.6296875 0.39140625 0.0296875 0.0703125
1 0.615625 0.36171875 0.03671875 0.053125
1 0.653125 0.3359375 0.03359375 0.0515625
1 0.61171875 0.32421875 0.03125 0.0515625
1 0.6265625 0.31171875 0.0296875 0.03359375
1 0.5828125 0.40078125 0.03125 0.0546875
1 0.603125 0.45234375 0.04765625 0.05859375
1 0.5796875 0.365625 0.028125 0.0453125
1 0.58125 0.340625 0.0265625 0.03828125
1 0.5765625 0.31796875 0.0234375 0.0296875
1 0.571875 0.3015625 0.0203125 0.0296875
1 0.575 0.2828125 0.01796875 0.03203125
1 0.59140625 0.27578125 0.021875 0.03515625