1 0.84453125 0.46484375 0.08046875 0.08125
1 0.64453125 0.43828125 0.065625 0.0828125
1 0.61015625 0.271875 0.0234375 0.0359375
1 0.58984375 0.2625 0.0171875 0.0234375
1 0.38046875 0.44765625 0.0625 0.075
1 0.465625 0.34921875 0.03671875 0.04765625
1 0.49140625 0.2859375 0.0203125 0.03125
1 0.503125 0.321875 0.028125 0.0375
1 0.51328125 0.29375 0.0203125 0.03359375
1 0.37265625 0.34453125 0.03359375 0.034375
1 0.35625 0.3609375 0.0359375 0.046875
1 0.3171875 0.3953125 0.05546875 0.04609375
1 0.28671875 0.42109375 0.065625 0.07109375
1 0.2578125 0.5140625 0.084375 0.10390625
1 0.33515625 0.56328125 0.08671875 0.11171875
2 0.43515625 0.5328125 0.07109375 0.14453125
2 0.2203125 0.4796875 0.09296875 0.115625
3 0.84609375 0.73359375 0.07421875 0.15546875
3 0.69453125 0.73125 0.06328125 0.1546875
3 0.65078125 0.37421875 0.028125 0.0640625
3 0.69375 0.35546875 0.02578125 0.04375