2 0.146875 0.5671875 0.26015625 0.16171875
2 0.3765625 0.72421875 0.18984375 0.321875
1 0.7921875 0.6421875 0.209375 0.31796875
1 0.8140625 0.42421875 0.1265625 0.10859375
1 0.9015625 0.49765625 0.09453125 0.1484375
1 0.67734375 0.30234375 0.05078125 0.06796875
1 0.63046875 0.29296875 0.0421875 0.053125
1 0.51015625 0.30390625 0.03125 0.03828125
1 0.50234375 0.2765625 0.02421875 0.03671875
1 0.39765625 0.3234375 0.04375 0.05703125
1 0.3640625 0.33046875 0.05703125 0.06796875
3 0.375 0.43828125 0.0734375 0.08359375
3 0.66953125 0.41640625 0.03359375 0.09296875
3 0.50234375 0.35078125 0.0359375 0.0546875
3 0.4984375 0.40859375 0.034375 0.0765625
3 0.21328125 0.79453125 0.109375 0.19140625
3 0.41953125 0.34140625 0.0234375 0.05703125
3 0.48984375 0.30703125 0.02109375 0.046875
0 0.4671875 0.31484375 0.0625 0.153125
1 0.4734375 0.3625 0.046875 0.06796875
1 0.578125 0.2484375 0.02109375 0.03359375