1 0.7125 0.7171875 0.1421875 0.29140625
1 0.87734375 0.48671875 0.12890625 0.11328125
4 0.69296875 0.37265625 0.06015625 0.0984375
4 0.815625 0.6171875 0.16328125 0.271875
1 0.5796875 0.325 0.04375 0.06640625
1 0.590625 0.28359375 0.0203125 0.03984375
1 0.57890625 0.278125 0.02578125 0.0234375
1 0.4 0.31953125 0.034375 0.04140625
1 0.365625 0.340625 0.04140625 0.03828125
1 0.35078125 0.35859375 0.04375 0.05
3 0.44453125 0.31484375 0.01796875 0.04296875
3 0.165625 0.58203125 0.07109375 0.13984375
3 0.6171875 0.35234375 0.01796875 0.08203125
3 0.6296875 0.3078125 0.01015625 0.0453125
3 0.61796875 0.3 0.01015625 0.0234375
3 0.61796875 0.28046875 0.00703125 0.025
3 0.60390625 0.28203125 0.0109375 0.0296875
1 0.58203125 0.24921875 0.0234375 0.03828125