3 0.46015625 0.475 0.0609375 0.15
3 0.6578125 0.8109375 0.1125 0.2546875
3 0.5796875 0.5 0.0453125 0.1203125
3 0.56953125 0.434375 0.03125 0.08515625
3 0.6921875 0.4796875 0.04765625 0.10703125
3 0.79296875 0.42109375 0.02890625 0.075
3 0.7671875 0.403125 0.02890625 0.06640625
3 0.634375 0.31640625 0.02578125 0.05703125
3 0.6203125 0.2921875 0.02421875 0.0546875
3 0.49375 0.2640625 0.01796875 0.03515625
4 0.46015625 0.26796875 0.02890625 0.05703125
4 0.56484375 0.28359375 0.02890625 0.06015625
1 0.50703125 0.26875 0.01484375 0.046875
1 0.51171875 0.271875 0.0234375 0.0390625
1 0.62265625 0.25859375 0.0203125 0.03203125
1 0.66640625 0.2859375 0.0265625 0.03125
1 0.6046875 0.28828125 0.02734375 0.0296875
1 0.578125 0.25703125 0.0171875 0.0234375
1 0.5859375 0.35 0.034375 0.05546875
1 0.72421875 0.37578125 0.0515625 0.084375
1 0.79453125 0.45546875 0.05625 0.0953125
1 0.878125 0.47578125 0.1078125 0.1
1 0.80859375 0.5796875 0.12265625 0.1359375
1 0.72109375 0.5515625 0.0953125 0.134375
1 0.63125 0.521875 0.078125 0.12109375
1 0.6171875 0.434375 0.06484375 0.10703125
1 0.60390625 0.38359375 0.0515625 0.06640625
1 0.3578125 0.46640625 0.1046875 0.13984375
1 0.35234375 0.36171875 0.046875 0.0921875
1 0.3625 0.33828125 0.04375 0.07890625
1 0.39140625 0.3203125 0.05625 0.07421875
3 0.33828125 0.3859375 0.04609375 0.0609375
2 0.640625 0.3578125 0.04609375 0.0890625
4 0.61015625 0.31796875 0.034375 0.0734375
0 0.68125 0.37578125 0.0703125 0.15234375
4 0.74765625 0.4625 0.0921875 0.165625
2 0.90078125 0.56640625 0.13828125 0.20078125
4 0.784375 0.6859375 0.1765625 0.22890625
1 0.94609375 0.83203125 0.1078125 0.30703125
1 0.8828125 0.89296875 0.234375 0.2140625
1 0.75078125 0.92265625 0.26328125 0.1546875
1 0.66015625 0.65390625 0.1484375 0.196875
1 0.58203125 0.2453125 0.01875 0.02421875
1 0.46875 0.26640625 0.01796875 0.04296875