3 0.32890625 0.53046875 0.0796875 0.1453125
3 0.5890625 0.2890625 0.0359375 0.071875
3 0.4078125 0.37890625 0.03984375 0.08515625
3 0.3421875 0.39921875 0.05703125 0.08828125
3 0.4828125 0.27109375 0.0203125 0.03828125
3 0.49296875 0.25703125 0.01875 0.0296875
4 0.47109375 0.30078125 0.0390625 0.08515625
4 0.4609375 0.25703125 0.0234375 0.04296875
1 0.21640625 0.4984375 0.11640625 0.16640625
1 0.42890625 0.44765625 0.1015625 0.11796875
1 0.5140625 0.3078125 0.04453125 0.071875
1 0.81875 0.42109375 0.09765625 0.1484375
1 0.8859375 0.4859375 0.103125 0.1453125
1 0.66328125 0.29296875 0.0453125 0.053125
1 0.39921875 0.325 0.06875 0.0765625
1 0.36328125 0.3359375 0.05703125 0.05859375