1 0.16875 0.52265625 0.115625 0.13828125
3 0.3671875 0.43984375 0.03125 0.0796875
1 0.32421875 0.3921875 0.06796875 0.071875
1 0.35625 0.34921875 0.04765625 0.06171875
1 0.40234375 0.31796875 0.034375 0.05
1 0.59375 0.4515625 0.0578125 0.11328125
1 0.64375 0.58046875 0.0734375 0.1515625
1 0.6703125 0.7453125 0.1578125 0.21640625
1 0.7359375 0.915625 0.20703125 0.16796875
0 0.7203125 0.49609375 0.165625 0.2515625
0 0.85703125 0.4953125 0.1921875 0.23359375
0 0.8765625 0.7828125 0.24375 0.434375
1 0.63359375 0.275 0.0359375 0.04296875
1 0.51953125 0.28671875 0.01796875 0.04296875