3 0.334375 0.38671875 0.04453125 0.06640625
3 0.640625 0.3078125 0.02890625 0.03828125
3 0.615625 0.278125 0.0234375 0.04296875
3 0.96015625 0.66328125 0.07890625 0.15703125
3 0.59296875 0.26171875 0.01015625 0.03671875
1 0.884375 0.5 0.1015625 0.1234375
1 0.80625 0.4265625 0.09140625 0.08984375
1 0.7046875 0.40234375 0.0734375 0.1046875
1 0.703125 0.69921875 0.209375 0.31796875
1 0.88046875 0.8 0.2390625 0.353125
1 0.7828125 0.91796875 0.2515625 0.16328125
1 0.46015625 0.4078125 0.06640625 0.078125
1 0.42421875 0.36484375 0.0609375 0.046875
1 0.39453125 0.32109375 0.04765625 0.04140625
1 0.35859375 0.33984375 0.06328125 0.046875
1 0.4984375 0.3078125 0.04765625 0.04140625
1 0.4625 0.26015625 0.0359375 0.05703125
1 0.66640625 0.296875 0.03203125 0.04296875
1 0.5875 0.28671875 0.034375 0.03984375
3 0.18046875 0.5484375 0.07890625 0.11640625