3 0.41015625 0.465625 0.06796875 0.121875
3 0.62890625 0.33671875 0.02578125 0.096875
3 0.45859375 0.31484375 0.01875 0.0703125
3 0.465625 0.2890625 0.01328125 0.05859375
3 0.3453125 0.39609375 0.05 0.0984375
1 0.215625 0.4796875 0.1 0.103125
1 0.3625 0.35 0.053125 0.09296875
1 0.39375 0.3203125 0.0625 0.0765625
1 0.48125 0.3015625 0.0359375 0.06640625
1 0.4640625 0.265625 0.0234375 0.0484375
4 0.503125 0.27265625 0.034375 0.06484375
4 0.3171875 0.559375 0.1578125 0.275
1 0.6625 0.29296875 0.04453125 0.05703125
1 0.8171875 0.4296875 0.13046875 0.1234375
1 0.890625 0.5 0.09375 0.146875