3 0.45546875 0.56015625 0.0625 0.171875
3 0.5296875 0.503125 0.06953125 0.17734375
3 0.51015625 0.365625 0.04453125 0.115625
3 0.78984375 0.51796875 0.05859375 0.19921875
1 0.53125 0.79296875 0.20234375 0.41328125
1 0.2046875 0.85546875 0.28125 0.28828125
1 0.259375 0.54609375 0.19296875 0.309375
4 0.41015625 0.24296875 0.16171875 0.30625
2 0.425 0.05703125 0.0734375 0.0984375
2 0.79140625 0.13359375 0.1 0.1453125
1 0.528125 0.10078125 0.06875 0.08046875
1 0.5328125 0.21875 0.0921875 0.13828125
0 0.665625 0.35859375 0.18671875 0.48046875