3 0.2265625 0.61640625 0.1 0.146875
3 0.34765625 0.40390625 0.065625 0.0953125
3 0.303125 0.40859375 0.0390625 0.0796875
3 0.59296875 0.2921875 0.02578125 0.0515625
3 0.4734375 0.28359375 0.01484375 0.03984375
4 0.46171875 0.25703125 0.021875 0.0296875
1 0.5125 0.30859375 0.03203125 0.046875
1 0.496875 0.33828125 0.0390625 0.06328125
1 0.8296875 0.45390625 0.10703125 0.14140625
1 0.490625 0.2828125 0.01796875 0.03828125
1 0.40859375 0.31796875 0.065625 0.03984375
1 0.37109375 0.34765625 0.04140625 0.05859375
1 0.2078125 0.47578125 0.084375 0.125
1 0.8921875 0.51171875 0.096875 0.16015625
1 0.67734375 0.2890625 0.06640625 0.0484375