0 0.28515625 0.49921875 0.18046875 0.24765625
3 0.05859375 0.81328125 0.0921875 0.13125
3 0.32421875 0.81953125 0.0734375 0.14375
3 0.6296875 0.2828125 0.0140625 0.04453125
1 0.3671875 0.34296875 0.04609375 0.04453125
1 0.50859375 0.27265625 0.01640625 0.03125
1 0.48828125 0.31875 0.02578125 0.0421875
1 0.44765625 0.41328125 0.0609375 0.0859375
1 0.43203125 0.540625 0.0796875 0.12734375
1 0.21015625 0.79921875 0.17578125 0.23671875
1 0.8953125 0.84921875 0.196875 0.30078125
2 0.74765625 0.61484375 0.13203125 0.209375
2 0.61484375 0.4859375 0.075 0.13125
2 0.5921875 0.41640625 0.05625 0.075
1 0.61640625 0.32265625 0.03359375 0.04453125
1 0.59140625 0.328125 0.03984375 0.03203125
1 0.6203125 0.37578125 0.04375 0.0671875
1 0.65 0.40625 0.046875 0.084375
1 0.63671875 0.62734375 0.09140625 0.16953125
1 0.7 0.4828125 0.08984375 0.125
0 0.73203125 0.37890625 0.11328125 0.21328125
0 0.89765625 0.64140625 0.2046875 0.44453125
0 0.6609375 0.31484375 0.0421875 0.0875