0 0.86796875 0.73046875 0.2640625 0.53828125
0 0.58125 0.284375 0.03203125 0.0546875
0 0.57890625 0.23828125 0.028125 0.05703125
3 0.73125 0.4734375 0.03671875 0.11640625
3 0.578125 0.33828125 0.01796875 0.046875
3 0.4359375 0.340625 0.01796875 0.0484375
1 0.87265625 0.48671875 0.13046875 0.16015625
1 0.0625 0.65234375 0.125 0.1921875
1 0.3671875 0.40546875 0.07109375 0.06796875
2 0.4890625 0.3453125 0.03984375 0.08359375
1 0.35078125 0.3609375 0.05859375 0.03828125
1 0.3671875 0.340625 0.034375 0.03828125
1 0.39375 0.31953125 0.03125 0.0546875
0 0.46796875 0.29453125 0.0390625 0.06484375
5 0.6203125 0.29296875 0.03203125 0.05703125
1 0.6625 0.4453125 0.0875 0.10703125
1 0.60703125 0.3828125 0.05703125 0.0546875