3 0.0890625 0.7421875 0.0890625 0.19140625
3 0.334375 0.3859375 0.034375 0.071875
3 0.3015625 0.41171875 0.03359375 0.0734375
3 0.40703125 0.37578125 0.02421875 0.0546875
3 0.421875 0.3421875 0.02421875 0.0515625
1 0.33671875 0.87109375 0.2765625 0.2578125
1 0.4734375 0.359375 0.06484375 0.06796875
1 0.36171875 0.346875 0.0375 0.0765625
1 0.3921875 0.3140625 0.0390625 0.03828125
1 0.42890625 0.30546875 0.0296875 0.06171875
1 0.475 0.30546875 0.021875 0.0546875
1 0.50390625 0.31484375 0.03125 0.0296875
0 0.5140625 0.28984375 0.02109375 0.03359375
1 0.66484375 0.33515625 0.04453125 0.06328125
1 0.66484375 0.2921875 0.028125 0.025
1 0.81875 0.43515625 0.084375 0.09296875
0 0.88828125 0.50703125 0.1234375 0.146875
0 0.490625 0.271875 0.03984375 0.06328125
2 0.44609375 0.44296875 0.07109375 0.13359375