1 0.36875 0.33984375 0.04140625 0.0703125
1 0.39609375 0.32734375 0.04921875 0.06796875
1 0.81875 0.4390625 0.10546875 0.1484375
1 0.88359375 0.50234375 0.10546875 0.13203125
1 0.66875 0.2984375 0.0421875 0.06328125
1 0.56328125 0.26640625 0.01875 0.04296875
1 0.57421875 0.25 0.0234375 0.03359375
1 0.4703125 0.26484375 0.0265625 0.0296875
3 0.4484375 0.340625 0.0234375 0.075
3 0.33671875 0.37734375 0.03359375 0.0984375
3 0.62890625 0.31015625 0.03203125 0.06640625
3 0.5046875 0.259375 0.021875 0.028125