1 0.1484375 0.528125 0.18984375 0.16328125
1 0.31640625 0.390625 0.04765625 0.071875
1 0.4640625 0.51015625 0.0609375 0.1296875
1 0.48671875 0.40234375 0.04921875 0.078125
1 0.84765625 0.4390625 0.12109375 0.13515625
1 0.67421875 0.31015625 0.04375 0.0734375
1 0.63828125 0.26640625 0.0265625 0.03359375
4 0.634375 0.25859375 0.04140625 0.053125
4 0.48984375 0.2953125 0.0234375 0.06328125
3 0.26796875 0.61640625 0.06875 0.1796875
3 0.4 0.46796875 0.02421875 0.09296875
3 0.42890625 0.4078125 0.0234375 0.06484375
3 0.30625 0.40546875 0.0234375 0.06796875
3 0.5046875 0.32265625 0.02421875 0.071875
1 0.51640625 0.284375 0.01875 0.05859375
0 0.45 0.32421875 0.1015625 0.16171875
0 0.37421875 0.3765625 0.09921875 0.15703125