3 0.31796875 0.53359375 0.04609375 0.08984375
3 0.43203125 0.46484375 0.02734375 0.06171875
3 0.42265625 0.34765625 0.0125 0.03984375
3 0.49140625 0.35390625 0.01875 0.046875
3 0.45859375 0.31796875 0.0140625 0.04140625
3 0.43359375 0.3609375 0.01640625 0.0390625
3 0.4875 0.2921875 0.01171875 0.0328125
3 0.5 0.31015625 0.00859375 0.034375
3 0.628125 0.325 0.01875 0.03984375
3 0.6 0.296875 0.015625 0.02578125
3 0.61328125 0.2921875 0.01484375 0.01640625
1 0.7109375 0.61171875 0.12734375 0.17890625
1 0.33828125 0.85078125 0.18125 0.29765625
1 0.3546875 0.3578125 0.04140625 0.040625
1 0.36953125 0.33828125 0.03984375 0.0421875
1 0.45625 0.284375 0.02734375 0.034375
1 0.58046875 0.29921875 0.028125 0.046875
4 0.66953125 0.39453125 0.0453125 0.08515625