1 0.57578125 0.2859375 0.0171875 0.025
1 0.58515625 0.275 0.02109375 0.02578125
3 0.60625 0.275 0.01171875 0.0296875
0 0.49921875 0.2671875 0.021875 0.03515625
1 0.39921875 0.32734375 0.034375 0.03828125
1 0.35 0.36484375 0.0375 0.02890625
1 0.31328125 0.39296875 0.04765625 0.04453125
1 0.37109375 0.34296875 0.025 0.0265625
1 0.47421875 0.284375 0.01796875 0.02109375
1 0.45078125 0.28671875 0.02109375 0.0203125
4 0.62421875 0.2640625 0.0109375 0.01796875
3 0.64375 0.41796875 0.028125 0.05546875
3 0.5671875 0.29609375 0.00859375 0.0359375
1 0.82578125 0.73359375 0.19765625 0.21015625
3 0.87265625 0.50390625 0.03671875 0.0703125