0 0.15 0.68671875 0.3 0.6265625
0 0.7015625 0.403125 0.128125 0.1734375
1 0.834375 0.45 0.1046875 0.15
1 0.7296875 0.6359375 0.178125 0.275
1 0.61328125 0.31796875 0.0453125 0.05
1 0.56796875 0.3203125 0.05859375 0.046875
1 0.58203125 0.275 0.0203125 0.0234375
1 0.58671875 0.259375 0.015625 0.021875
1 0.6359375 0.27109375 0.02109375 0.028125
3 0.62265625 0.35234375 0.01875 0.0546875
3 0.6234375 0.29453125 0.01796875 0.0515625
3 0.5640625 0.28046875 0.00859375 0.04140625
1 0.3640625 0.33828125 0.04921875 0.0796875
1 0.4015625 0.32421875 0.04765625 0.06484375
1 0.46328125 0.27578125 0.02421875 0.0546875
1 0.48125 0.2640625 0.0125 0.0453125
3 0.50625 0.2546875 0.00859375 0.0265625