1 0.93046875 0.88125 0.1390625 0.2375
1 0.8296875 0.45703125 0.084375 0.0828125
1 0.48984375 0.353125 0.040625 0.0546875
2 0.29296875 0.4125 0.0578125 0.0671875
1 0.36796875 0.35 0.040625 0.0421875
0 0.4390625 0.29921875 0.05859375 0.13359375
3 0.86875 0.49140625 0.04921875 0.06484375
3 0.73515625 0.47109375 0.0265625 0.06484375
3 0.66953125 0.41796875 0.01875 0.0421875
3 0.62265625 0.41484375 0.025 0.03828125
3 0.56796875 0.34296875 0.01796875 0.02109375
3 0.63046875 0.37109375 0.01484375 0.03125
3 0.62734375 0.30703125 0.0125 0.02265625
3 0.61328125 0.3328125 0.02421875 0.02421875
3 0.59921875 0.3125 0.01484375 0.0203125
0 0.58046875 0.23046875 0.0171875 0.0328125