3 0.63203125 0.47578125 0.0390625 0.08828125
3 0.82421875 0.5375 0.06640625 0.1015625
3 0.45234375 0.475 0.034375 0.1296875
3 0.27890625 0.67109375 0.096875 0.1453125
3 0.33515625 0.4046875 0.03203125 0.053125
3 0.30625 0.4125 0.02109375 0.0546875
1 0.146875 0.55 0.1515625 0.15703125
1 0.33828125 0.38046875 0.065625 0.0546875
1 0.3671875 0.346875 0.04140625 0.0734375
1 0.39296875 0.32578125 0.05 0.06171875
1 0.5046875 0.315625 0.0359375 0.0484375
1 0.515625 0.29453125 0.02890625 0.0453125
1 0.48515625 0.34609375 0.05234375 0.05859375
1 0.48671875 0.38046875 0.0578125 0.075
1 0.371875 0.40546875 0.0453125 0.08515625
1 0.33671875 0.50078125 0.11484375 0.128125
1 0.38359375 0.60078125 0.115625 0.16484375
4 0.46171875 0.26640625 0.01640625 0.03671875
4 0.62578125 0.25234375 0.0265625 0.0453125
4 0.4953125 0.26015625 0.0125 0.0234375
0 0.5125 0.26015625 0.0265625 0.06015625
0 0.475 0.29453125 0.0359375 0.075
1 0.6390625 0.2625 0.0234375 0.04140625
1 0.66953125 0.29921875 0.03359375 0.03828125
1 0.828125 0.4375 0.11484375 0.128125
1 0.6125 0.415625 0.07578125 0.0953125