1 0.78984375 0.88125 0.1921875 0.2375
1 0.8265625 0.459375 0.0796875 0.0953125
4 0.75078125 0.38359375 0.04921875 0.0703125
2 0.61640625 0.3765625 0.053125 0.08671875
2 0.14921875 0.54140625 0.11328125 0.10703125
1 0.21796875 0.484375 0.06640625 0.078125
1 0.36640625 0.346875 0.0296875 0.03984375
1 0.3953125 0.32734375 0.0234375 0.03515625
1 0.471875 0.334375 0.02421875 0.028125
1 0.47578125 0.30546875 0.0203125 0.025
1 0.5734375 0.2859375 0.01640625 0.028125
1 0.603125 0.27421875 0.01328125 0.01796875
1 0.571875 0.2640625 0.015625 0.01796875
1 0.66484375 0.29296875 0.01640625 0.03359375
3 0.34921875 0.44609375 0.02421875 0.05859375
3 0.47265625 0.36171875 0.015625 0.03671875
1 0.57890625 0.31328125 0.0234375 0.0296875
2 0.63515625 0.26953125 0.015625 0.028125
3 0.45234375 0.3015625 0.0078125 0.0234375