1 0.4328125 0.5359375 0.07421875 0.128125
1 0.340625 0.35546875 0.02421875 0.0515625
1 0.36484375 0.340625 0.0203125 0.01484375
1 0.38984375 0.321875 0.0234375 0.03984375
1 0.4578125 0.37578125 0.034375 0.0453125
1 0.44453125 0.33359375 0.0265625 0.03359375
1 0.4921875 0.32734375 0.028125 0.03203125
1 0.50078125 0.375 0.03984375 0.03671875
1 0.734375 0.37421875 0.053125 0.0953125
1 0.86328125 0.496875 0.09921875 0.10703125
1 0.58515625 0.2671875 0.021875 0.028125
3 0.33671875 0.51640625 0.03671875 0.09296875
3 0.3765625 0.38203125 0.01875 0.03984375
1 0.3125 0.87109375 0.125 0.2578125