1 0.48828125 0.3546875 0.04921875 0.0703125
1 0.48671875 0.30546875 0.03203125 0.0546875
1 0.825 0.4359375 0.0875 0.11484375
1 0.8859375 0.48984375 0.1078125 0.14296875
1 0.36484375 0.33359375 0.05078125 0.0734375
1 0.3890625 0.3125 0.0390625 0.06796875
3 0.39609375 0.4234375 0.06875 0.11328125
3 0.31328125 0.66640625 0.103125 0.21328125
3 0.21875 0.67421875 0.0890625 0.1984375
3 0.61796875 0.32109375 0.0234375 0.06484375
3 0.5796875 0.28359375 0.0234375 0.05703125
3 0.58671875 0.24765625 0.0078125 0.03203125