3 0.875 0.50390625 0.04375 0.06484375
3 0.621875 0.31953125 0.02109375 0.03203125
3 0.615625 0.29296875 0.01875 0.03984375
3 0.63984375 0.3078125 0.015625 0.028125
1 0.31484375 0.39609375 0.04921875 0.05859375
1 0.3421875 0.33984375 0.03125 0.0734375
1 0.3671875 0.34609375 0.0421875 0.0453125
1 0.396875 0.32109375 0.02421875 0.0546875
1 0.46953125 0.3140625 0.0359375 0.0453125
1 0.5875 0.40078125 0.0453125 0.1015625
1 0.578125 0.33203125 0.03671875 0.03671875
1 0.57421875 0.29296875 0.02109375 0.03359375
1 0.7328125 0.80390625 0.16484375 0.24140625
0 0.7125 0.428125 0.12109375 0.2234375