3 0.3234375 0.5875 0.084375 0.1484375
3 0.34453125 0.3828125 0.05859375 0.071875
3 0.634375 0.30546875 0.02109375 0.0546875
3 0.559375 0.290625 0.015625 0.0453125
1 0.8296875 0.45703125 0.08203125 0.1203125
1 0.65859375 0.5375 0.08359375 0.13828125
1 0.66796875 0.28671875 0.0390625 0.05
1 0.59296875 0.290625 0.0203125 0.0484375
1 0.5765625 0.2828125 0.01640625 0.028125
0 0.60078125 0.26640625 0.02578125 0.05
1 0.4578125 0.4328125 0.0609375 0.11171875
1 0.496875 0.34453125 0.0375 0.06171875
1 0.50859375 0.28984375 0.02578125 0.03359375
1 0.3984375 0.32890625 0.04140625 0.0484375
1 0.3734375 0.35 0.05546875 0.0796875
1 0.28828125 0.43984375 0.05546875 0.10703125
1 0.21875 0.47265625 0.078125 0.1015625
1 0.146875 0.503125 0.1515625 0.1296875
1 0.1609375 0.6015625 0.215625 0.146875
4 0.75546875 0.390625 0.08671875 0.10859375
4 0.6328125 0.265625 0.0265625 0.0453125