3 0.6140625 0.55 0.0546875 0.13984375
3 0.625 0.45 0.04453125 0.11015625
3 0.62578125 0.36796875 0.0296875 0.08984375
3 0.6296875 0.3328125 0.028125 0.08203125
3 0.60859375 0.3234375 0.028125 0.08359375
3 0.60703125 0.2796875 0.01484375 0.03984375
3 0.5 0.38515625 0.028125 0.06640625
3 0.50078125 0.30390625 0.03125 0.05859375
3 0.32890625 0.39609375 0.034375 0.075
3 0.3078125 0.3953125 0.03671875 0.103125
3 0.496875 0.26484375 0.02109375 0.04296875
0 0.57890625 0.265625 0.0234375 0.078125
0 0.44921875 0.3046875 0.0625 0.1265625
1 0.80625 0.76484375 0.2203125 0.39296875
1 0.84921875 0.46953125 0.16328125 0.16796875