0 0.290625 0.4796875 0.13828125 0.196875
0 0.596875 0.2953125 0.02421875 0.04296875
5 0.575 0.32890625 0.03125 0.0515625
4 0.72890625 0.546875 0.11640625 0.2203125
1 0.471875 0.41484375 0.04140625 0.05703125
1 0.496875 0.3140625 0.015625 0.025
1 0.36171875 0.34609375 0.02421875 0.03515625
1 0.821875 0.45703125 0.07109375 0.0734375
3 0.621875 0.465625 0.0296875 0.09140625
3 0.30625 0.66640625 0.04375 0.10703125
3 0.6375 0.3296875 0.01796875 0.03671875
3 0.66640625 0.34296875 0.02109375 0.04296875
3 0.61875 0.32109375 0.0078125 0.03203125
3 0.36796875 0.54765625 0.0375 0.08515625