1 0.84609375 0.45390625 0.08359375 0.09375
1 0.58984375 0.31640625 0.01953125 0.00859375
1 0.28515625 0.421875 0.0703125 0.075
1 0.31328125 0.3921875 0.05234375 0.05703125
1 0.35546875 0.3578125 0.0390625 0.05078125
1 0.36875 0.34140625 0.046875 0.0546875
1 0.440625 0.29765625 0.02578125 0.0265625
1 0.51953125 0.28515625 0.01953125 0.04609375
1 0.48125 0.284375 0.0203125 0.03046875
2 0.409375 0.51953125 0.090625 0.134375
1 0.290625 0.86328125 0.2265625 0.27265625
1 0.6 0.3390625 0.03984375 0.0640625
3 0.67578125 0.33671875 0.02578125 0.05625
3 0.878125 0.490625 0.0296875 0.0703125
3 0.56796875 0.30546875 0.0140625 0.0234375
3 0.3515625 0.3984375 0.03671875 0.040625
3 0.42890625 0.36953125 0.02578125 0.0390625