1 0.334375 0.45078125 0.1109375 0.08203125
1 0.29765625 0.43828125 0.0921875 0.08359375
1 0.21640625 0.46640625 0.0765625 0.1
1 0.134375 0.52578125 0.1265625 0.11171875
1 0.359375 0.3484375 0.0390625 0.08671875
1 0.390625 0.32578125 0.03125 0.05859375
1 0.5171875 0.27890625 0.0265625 0.03515625
1 0.58359375 0.32421875 0.03125 0.06796875
1 0.61328125 0.33203125 0.028125 0.053125
1 0.834375 0.4578125 0.0859375 0.1046875
1 0.828125 0.86640625 0.2515625 0.26640625
4 0.76484375 0.56015625 0.11640625 0.1734375
4 0.75546875 0.37890625 0.0734375 0.08515625
4 0.63203125 0.26796875 0.01796875 0.046875
1 0.66875 0.296875 0.02578125 0.0296875
3 0.65078125 0.34140625 0.0296875 0.06015625
3 0.63203125 0.3125 0.00859375 0.0546875
3 0.61953125 0.3015625 0.02421875 0.05
3 0.59609375 0.259375 0.0109375 0.03203125
3 0.4875 0.3 0.02578125 0.053125
1 0.57421875 0.26015625 0.02421875 0.05703125