1 0.31171875 0.396875 0.05859375 0.06640625
1 0.3484375 0.359375 0.03203125 0.03828125
1 0.42578125 0.36953125 0.0359375 0.0515625
1 0.50859375 0.31015625 0.02578125 0.03671875
1 0.48671875 0.32578125 0.04140625 0.03515625
1 0.48203125 0.37265625 0.03671875 0.03515625
1 0.3671875 0.34609375 0.0234375 0.01171875
0 0.65703125 0.3984375 0.09140625 0.13359375
3 0.88046875 0.5125 0.05 0.1046875
3 0.44453125 0.3859375 0.01796875 0.075
1 0.5953125 0.271875 0.015625 0.03359375
1 0.56796875 0.2625 0.01875 0.021875