0 0.73671875 0.4421875 0.1546875 0.21171875
0 0.12734375 0.703125 0.2546875 0.59296875
0 0.5828125 0.23359375 0.021875 0.0765625
1 0.62265625 0.47578125 0.0796875 0.1546875
1 0.23046875 0.46171875 0.10234375 0.11015625
1 0.36171875 0.35390625 0.0578125 0.09140625
1 0.371875 0.33515625 0.04375 0.06640625
1 0.38671875 0.3296875 0.04375 0.0734375
1 0.3984375 0.3109375 0.05546875 0.06484375
1 0.446875 0.2875 0.02890625 0.0453125
1 0.62109375 0.29609375 0.034375 0.0453125
1 0.59296875 0.30390625 0.02421875 0.03515625
1 0.57109375 0.29296875 0.028125 0.0296875
1 0.628125 0.265625 0.01484375 0.028125
1 0.57734375 0.25390625 0.0203125 0.01796875
4 0.58515625 0.278125 0.028125 0.05703125
3 0.6390625 0.33984375 0.028125 0.06640625
3 0.6046875 0.26015625 0.021875 0.03671875