1 0.840625 0.45234375 0.11328125 0.11484375
1 0.75546875 0.6359375 0.15 0.21171875
1 0.646875 0.51171875 0.0890625 0.13984375
1 0.6484375 0.4296875 0.07578125 0.11640625
1 0.62578125 0.35234375 0.0546875 0.09140625
1 0.6765625 0.3078125 0.04765625 0.078125
1 0.640625 0.26640625 0.02421875 0.03359375
1 0.56796875 0.27109375 0.01328125 0.04140625
1 0.57578125 0.25234375 0.01875 0.025
4 0.62734375 0.2578125 0.02421875 0.028125
4 0.46171875 0.26328125 0.0234375 0.03984375
1 0.1546875 0.53828125 0.14921875 0.1734375
1 0.21328125 0.4765625 0.096875 0.11640625
1 0.3640625 0.3421875 0.0390625 0.06484375
1 0.3921875 0.32265625 0.0359375 0.0546875
4 0.75 0.37734375 0.0703125 0.09140625
0 0.4 0.478125 0.14140625 0.3
0 0.47734375 0.3109375 0.05546875 0.1015625
0 0.4984375 0.2640625 0.0375 0.05859375
3 0.23828125 0.534375 0.0765625 0.1015625
3 0.74140625 0.4671875 0.05 0.13203125