1 0.6671875 0.7078125 0.1109375 0.2015625
1 0.84765625 0.79296875 0.17109375 0.24296875
1 0.74140625 0.5984375 0.1078125 0.14296875
1 0.621875 0.54140625 0.07578125 0.1234375
1 0.74453125 0.90859375 0.1765625 0.1828125
1 0.596875 0.43828125 0.05703125 0.0765625
1 0.58125 0.37578125 0.03359375 0.05859375
1 0.6203125 0.3296875 0.0296875 0.03984375
1 0.6296875 0.36796875 0.0390625 0.046875
1 0.65703125 0.4109375 0.05 0.06796875
1 0.67890625 0.48359375 0.07421875 0.096875
1 0.7890625 0.5328125 0.08984375 0.121875
1 0.73671875 0.4625 0.065625 0.078125
1 0.453125 0.340625 0.03203125 0.03828125
1 0.36796875 0.34296875 0.03984375 0.03359375
1 0.39921875 0.3203125 0.02890625 0.03671875
4 0.584375 0.3390625 0.03203125 0.0484375
2 0.6875 0.3625 0.053125 0.06484375
2 0.89609375 0.63046875 0.14375 0.21171875
1 0.8859375 0.49765625 0.09921875 0.08828125
3 0.47109375 0.4078125 0.02578125 0.0546875
3 0.3640625 0.57421875 0.028125 0.0953125
3 0.4359375 0.3625 0.01796875 0.04140625
3 0.4046875 0.35390625 0.0203125 0.04140625
3 0.578125 0.278125 0.0109375 0.0296875
0 0.6640625 0.31015625 0.05546875 0.0796875
0 0.34375 0.43984375 0.115625 0.16640625
3 0.8015625 0.4578125 0.02890625 0.06171875