1 0.6625 0.28984375 0.05 0.04296875
1 0.82265625 0.43984375 0.08203125 0.10703125
1 0.88828125 0.5015625 0.1078125 0.10703125
1 0.73125 0.5375 0.1125 0.178125
1 0.59453125 0.321875 0.04375 0.053125
1 0.59296875 0.27109375 0.034375 0.03828125
1 0.57265625 0.2625 0.021875 0.03828125
1 0.4 0.315625 0.0453125 0.08515625
1 0.36796875 0.33671875 0.04921875 0.0703125
3 0.33671875 0.38984375 0.05 0.06328125
3 0.42578125 0.46796875 0.1203125 0.1734375
3 0.4984375 0.2796875 0.02421875 0.04296875
3 0.6359375 0.32890625 0.02890625 0.071875
3 0.67578125 0.3765625 0.0359375 0.0703125
3 0.74375 0.45859375 0.04453125 0.09296875
3 0.96328125 0.71015625 0.0734375 0.1734375
1 0.46640625 0.2671875 0.04375 0.025