1 0.73046875 0.7234375 0.13359375 0.21328125
1 0.73671875 0.5421875 0.0859375 0.1140625
1 0.83203125 0.45078125 0.07734375 0.078125
2 0.6203125 0.4390625 0.059375 0.09453125
2 0.653125 0.5375 0.08828125 0.1609375
3 0.91171875 0.8828125 0.0953125 0.16796875
3 0.63671875 0.37421875 0.025 0.03984375
4 0.3484375 0.3609375 0.065625 0.0890625
1 0.39609375 0.32109375 0.03359375 0.03359375
4 0.62109375 0.28671875 0.01953125 0.03984375
0 0.57578125 0.25859375 0.02265625 0.04765625
0 0.928125 0.675 0.14375 0.40546875
1 0.14609375 0.5390625 0.1109375 0.10546875