3 0.72109375 0.52265625 0.05234375 0.125
3 0.6 0.425 0.0546875 0.0734375
3 0.5984375 0.371875 0.04453125 0.046875
3 0.603125 0.315625 0.03203125 0.028125
3 0.59453125 0.29609375 0.03671875 0.03203125
3 0.578125 0.27265625 0.02109375 0.03515625
3 0.328125 0.39609375 0.05078125 0.06171875
1 0.14765625 0.5359375 0.12890625 0.1546875
1 0.28984375 0.603125 0.2328125 0.1734375
1 0.44375 0.4875 0.1265625 0.121875
1 0.47578125 0.4046875 0.06875 0.08671875
1 0.83203125 0.446875 0.1046875 0.1
3 0.96796875 0.6390625 0.06328125 0.1515625
1 0.5078125 0.29765625 0.04375 0.0484375
1 0.49296875 0.275 0.03203125 0.0265625
1 0.5171875 0.26796875 0.02890625 0.04296875
1 0.48046875 0.26328125 0.03125 0.03359375
0 0.4671875 0.28984375 0.053125 0.06640625
1 0.6640625 0.29453125 0.03359375 0.06171875
1 0.63359375 0.265625 0.02421875 0.03828125
1 0.375 0.3453125 0.06875 0.0734375
1 0.40234375 0.32109375 0.06015625 0.05859375