4 0.70625 0.55390625 0.13359375 0.278125
4 0.49453125 0.37578125 0.05234375 0.08828125
4 0.64921875 0.3875 0.06640625 0.08828125
4 0.75078125 0.365625 0.05546875 0.08515625
1 0.15234375 0.5453125 0.13125 0.153125
1 0.3921875 0.48203125 0.0859375 0.13671875
1 0.41875 0.39296875 0.05703125 0.08984375
1 0.3171875 0.4015625 0.09375 0.10703125
1 0.36953125 0.35234375 0.0375 0.06796875
1 0.39375 0.3234375 0.02421875 0.06328125
1 0.83359375 0.45703125 0.08359375 0.1265625
1 0.6671875 0.29453125 0.03359375 0.05859375
0 0.42890625 0.36171875 0.07109375 0.14296875
3 0.72109375 0.40546875 0.028125 0.08828125
3 0.6546875 0.35078125 0.02890625 0.05859375
3 0.63359375 0.346875 0.0265625 0.05703125
3 0.48359375 0.26953125 0.00859375 0.03828125
3 0.496875 0.2765625 0.01015625 0.0296875
3 0.465625 0.28359375 0.02109375 0.04296875