4 0.4640625 0.27421875 0.02421875 0.0484375
3 0.3234375 0.38984375 0.0265625 0.06328125
3 0.30546875 0.3984375 0.0359375 0.05703125
3 0.6171875 0.29453125 0.02421875 0.04140625
3 0.67734375 0.33515625 0.0265625 0.053125
1 0.82734375 0.45078125 0.16015625 0.14140625
1 0.74609375 0.50390625 0.1625 0.16171875
1 0.68984375 0.64296875 0.1671875 0.26015625
1 0.66640625 0.29609375 0.0359375 0.078125
1 0.64140625 0.271875 0.034375 0.053125
1 0.57890625 0.23828125 0.01640625 0.0296875
1 0.484375 0.25859375 0.034375 0.05
1 0.4 0.32265625 0.05078125 0.06484375
1 0.365625 0.33515625 0.07890625 0.08359375
1 0.33359375 0.38359375 0.084375 0.1265625
1 0.13515625 0.51796875 0.20546875 0.21015625