3 0.45390625 0.50703125 0.03671875 0.08671875
3 0.31640625 0.865625 0.08359375 0.18203125
3 0.34453125 0.3984375 0.028125 0.05
3 0.45234375 0.3265625 0.0234375 0.0265625
1 0.82421875 0.45390625 0.08203125 0.08203125
1 0.2109375 0.47734375 0.0890625 0.1046875
1 0.37109375 0.35546875 0.04140625 0.03515625
1 0.396875 0.31796875 0.0265625 0.04296875
1 0.4765625 0.33359375 0.034375 0.03984375
1 0.50234375 0.309375 0.0265625 0.0484375
1 0.51015625 0.27421875 0.028125 0.03203125
0 0.571875 0.25703125 0.01796875 0.03359375
3 0.578125 0.34609375 0.02890625 0.06171875