1 0.36875 0.346875 0.03671875 0.05703125
1 0.3921875 0.3265625 0.04375 0.05
1 0.4265625 0.3265625 0.034375 0.05
3 0.42265625 0.36171875 0.03984375 0.0703125
1 0.4640625 0.33671875 0.0296875 0.053125
3 0.465625 0.3953125 0.03125 0.053125
1 0.50546875 0.34140625 0.04140625 0.053125
1 0.503125 0.3125 0.028125 0.03828125
1 0.4859375 0.28203125 0.021875 0.03671875
1 0.5140625 0.26484375 0.03359375 0.06015625
3 0.62734375 0.3765625 0.0578125 0.08359375
3 0.71640625 0.57265625 0.11328125 0.16171875
1 0.86875 0.50859375 0.12890625 0.16328125
1 0.73046875 0.365625 0.09765625 0.08828125
3 0.603125 0.271875 0.01796875 0.0296875