1 0.83359375 0.45390625 0.08984375 0.0953125
1 0.4953125 0.28984375 0.02578125 0.03671875
1 0.21875 0.48203125 0.11015625 0.08984375
1 0.07890625 0.66640625 0.1578125 0.16015625
1 0.43046875 0.40390625 0.05078125 0.08828125
1 0.3671875 0.34765625 0.03671875 0.0546875
1 0.4 0.328125 0.04375 0.06015625
0 0.58984375 0.275 0.0296875 0.06015625
0 0.6484375 0.32421875 0.06484375 0.1484375
4 0.74921875 0.36953125 0.04453125 0.06796875
3 0.69609375 0.37265625 0.0265625 0.071875
3 0.434375 0.34609375 0.02109375 0.03828125
3 0.465625 0.325 0.01015625 0.03671875
3 0.4734375 0.309375 0.00859375 0.03828125
3 0.503125 0.2578125 0.0125 0.03203125
3 0.3390625 0.38828125 0.0265625 0.06328125
4 0.65859375 0.428125 0.08359375 0.14296875