1 0.42421875 0.60546875 0.13203125 0.20859375
1 0.3671875 0.39609375 0.05234375 0.071875
1 0.34375 0.3640625 0.05546875 0.08203125
1 0.37109375 0.3546875 0.0453125 0.06015625
1 0.475 0.33984375 0.03984375 0.06015625
1 0.5828125 0.34296875 0.053125 0.0703125
1 0.6546875 0.40234375 0.06640625 0.075
1 0.871875 0.5 0.13984375 0.146875
1 0.6703125 0.58359375 0.12578125 0.18671875
4 0.62578125 0.2609375 0.02578125 0.05859375
4 0.221875 0.4546875 0.1234375 0.1
3 0.64921875 0.44140625 0.03984375 0.103125
3 0.646875 0.353125 0.03671875 0.06640625
1 0.58515625 0.23515625 0.01328125 0.03359375
0 0.1859375 0.69140625 0.284375 0.453125