3 0.40859375 0.7140625 0.06796875 0.1296875
3 0.88359375 0.4921875 0.03515625 0.05703125
3 0.74375 0.3984375 0.028125 0.0453125
3 0.4296875 0.371875 0.03125 0.04921875
3 0.38359375 0.40078125 0.02734375 0.03984375
3 0.225 0.59140625 0.05390625 0.08125
3 0.31484375 0.58046875 0.05234375 0.0609375
3 0.59609375 0.2796875 0.01328125 0.02421875
1 0.49765625 0.328125 0.02890625 0.04140625
1 0.28359375 0.4234375 0.05546875 0.06171875
1 0.315625 0.3921875 0.04296875 0.059375
1 0.35234375 0.35703125 0.03046875 0.05390625
1 0.36875 0.34375 0.03359375 0.046875
1 0.4984375 0.2890625 0.02109375 0.02734375
1 0.11953125 0.77109375 0.1421875 0.2046875
2 0.21328125 0.475 0.0859375 0.1015625
2 0.2953125 0.73515625 0.1296875 0.1796875
3 0.1609375 0.8328125 0.1125 0.1671875
1 0.85 0.459375 0.07109375 0.1015625