1 0.83046875 0.4484375 0.08203125 0.1265625
1 0.47578125 0.3 0.02890625 0.06015625
1 0.39765625 0.32421875 0.034375 0.06484375
1 0.365625 0.346875 0.04921875 0.09296875
1 0.14765625 0.52734375 0.1359375 0.13828125
1 0.57265625 0.303125 0.0265625 0.03984375
1 0.5734375 0.271875 0.02109375 0.03984375
1 0.5703125 0.25546875 0.0203125 0.04140625
1 0.66484375 0.29296875 0.03203125 0.03984375
4 0.753125 0.37734375 0.06875 0.08203125
0 0.6140625 0.27734375 0.03359375 0.1015625
3 0.6453125 0.353125 0.03125 0.08359375