3 0.634375 0.525 0.0703125 0.1796875
3 0.74375 0.5390625 0.065625 0.19140625
3 0.63203125 0.35546875 0.0625 0.09140625
3 0.5953125 0.2953125 0.02890625 0.06015625
3 0.58515625 0.2515625 0.01640625 0.04296875
3 0.4234375 0.36015625 0.03671875 0.06015625
3 0.33046875 0.39765625 0.02421875 0.06796875
1 0.159375 0.51484375 0.1453125 0.146875
1 0.35703125 0.56953125 0.11328125 0.19140625
1 0.50625 0.34765625 0.046875 0.071875
1 0.45390625 0.34453125 0.03359375 0.071875
1 0.50390625 0.30390625 0.0375 0.05859375
0 0.48828125 0.26328125 0.04453125 0.06640625
4 0.46484375 0.26328125 0.01796875 0.053125
1 0.39921875 0.32109375 0.046875 0.03515625
1 0.3703125 0.34453125 0.0578125 0.0546875
1 0.33203125 0.375 0.0921875 0.0734375
1 0.828125 0.46171875 0.08671875 0.13984375
1 0.67734375 0.296875 0.0578125 0.0703125
1 0.63359375 0.2609375 0.02890625 0.06171875
1 0.30390625 0.875 0.29921875 0.25
4 0.4328125 0.4453125 0.0953125 0.153125