3 0.29921875 0.40234375 0.0421875 0.08515625
3 0.334375 0.3953125 0.0265625 0.06640625
3 0.45078125 0.3046875 0.03359375 0.053125
3 0.6375 0.3734375 0.0453125 0.08671875
1 0.84140625 0.47265625 0.09921875 0.2015625
1 0.671875 0.29453125 0.04375 0.06484375
1 0.63828125 0.2625 0.0359375 0.0453125
1 0.60078125 0.25390625 0.05078125 0.03515625
1 0.4828125 0.2640625 0.0265625 0.04140625
1 0.39921875 0.32421875 0.0578125 0.0484375
1 0.3671875 0.33671875 0.04765625 0.06328125
1 0.32734375 0.365625 0.1 0.08515625
1 0.153125 0.52421875 0.184375 0.16484375
0 0.5171875 0.234375 0.0203125 0.078125
4 0.65234375 0.47265625 0.0859375 0.15859375
1 0.775 0.55859375 0.1265625 0.16640625