0 0.6359375 0.4421875 0.128125 0.2953125
3 0.728125 0.47890625 0.05 0.0984375
3 0.8234375 0.56953125 0.06796875 0.1484375
1 0.86796875 0.49609375 0.10546875 0.15859375
3 0.8 0.915625 0.13203125 0.16796875
1 0.3359375 0.5390625 0.1515625 0.14140625
1 0.34921875 0.36796875 0.053125 0.06015625
1 0.36953125 0.3421875 0.03359375 0.05859375
1 0.39453125 0.32890625 0.046875 0.06796875
3 0.48046875 0.31484375 0.03359375 0.04296875
4 0.4640625 0.28046875 0.0265625 0.04140625
1 0.57578125 0.2609375 0.02109375 0.03203125
3 0.60234375 0.29609375 0.02109375 0.04140625
3 0.61796875 0.28203125 0.02109375 0.03671875
4 0.578125 0.3515625 0.0296875 0.096875