1 0.759375 0.6265625 0.13046875 0.20625
1 0.82734375 0.4515625 0.07890625 0.10234375
1 0.35078125 0.80703125 0.15390625 0.2421875
1 0.390625 0.47890625 0.0734375 0.08359375
1 0.3875 0.4140625 0.0578125 0.0734375
2 0.29765625 0.41015625 0.06796875 0.07265625
1 0.36640625 0.34765625 0.03359375 0.04375
1 0.44140625 0.34140625 0.03046875 0.04765625
1 0.49609375 0.365625 0.03046875 0.053125
4 0.50625 0.321875 0.02421875 0.04921875
4 0.653125 0.52734375 0.0375 0.0734375
4 0.63984375 0.41796875 0.0296875 0.0515625