1 0.4640625 0.4609375 0.053125 0.1015625
1 0.4796875 0.38203125 0.03359375 0.05
1 0.6453125 0.5015625 0.06875 0.11640625
1 0.78984375 0.4515625 0.04140625 0.0703125
1 0.8703125 0.4875 0.08359375 0.0953125
1 0.36640625 0.340625 0.034375 0.0453125
1 0.4 0.31484375 0.03125 0.046875
1 0.16640625 0.5328125 0.0921875 0.0984375
3 0.37734375 0.384375 0.02578125 0.0515625
3 0.45234375 0.3296875 0.021875 0.053125
3 0.484375 0.32421875 0.01640625 0.05859375
3 0.58203125 0.3421875 0.01640625 0.0484375
3 0.61796875 0.34765625 0.01796875 0.03828125
2 0.2796875 0.43515625 0.0765625 0.11015625