1 0.10546875 0.628125 0.18046875 0.153125
1 0.2015625 0.48046875 0.1421875 0.071875
1 0.36015625 0.34453125 0.0359375 0.05859375
1 0.39453125 0.3234375 0.0296875 0.053125
1 0.66640625 0.28984375 0.0296875 0.05
1 0.84375 0.446875 0.103125 0.10703125
4 0.5859375 0.26484375 0.01796875 0.0265625
1 0.575 0.24921875 0.0265625 0.025
5 0.221875 0.80703125 0.4125 0.3859375
3 0.49375 0.2765625 0.01328125 0.03359375
3 0.4859375 0.265625 0.00859375 0.028125
3 0.50625 0.2734375 0.01328125 0.046875
3 0.33984375 0.40546875 0.034375 0.08828125