1 0.45078125 0.39609375 0.0625 0.0953125
1 0.3671875 0.3453125 0.06796875 0.06015625
1 0.3890625 0.31953125 0.034375 0.0515625
1 0.48046875 0.2859375 0.02890625 0.04140625
2 0.42734375 0.346875 0.0578125 0.0765625
2 0.50625 0.284375 0.02578125 0.0546875
0 0.515625 0.24765625 0.01328125 0.06796875
0 0.5765625 0.24921875 0.0296875 0.0515625
3 0.57734375 0.27421875 0.01796875 0.04140625
3 0.5875 0.278125 0.00859375 0.03359375
3 0.5984375 0.29765625 0.00859375 0.03828125
3 0.77265625 0.521875 0.07421875 0.203125
1 0.81796875 0.42890625 0.1078125 0.178125
1 0.896875 0.4890625 0.1390625 0.128125
1 0.671875 0.296875 0.0796875 0.06640625
1 0.6296875 0.278125 0.034375 0.05703125
2 0.50703125 0.27578125 0.02421875 0.05859375