3 0.11640625 0.8453125 0.1046875 0.1734375
3 0.30703125 0.92890625 0.0703125 0.1421875
3 0.73125 0.5390625 0.0375 0.10625
3 0.8734375 0.49609375 0.0421875 0.078125
3 0.5609375 0.33203125 0.01484375 0.0328125
3 0.45078125 0.3109375 0.015625 0.028125
2 0.29375 0.4078125 0.05546875 0.075
2 0.47578125 0.3390625 0.03046875 0.04609375
2 0.5765625 0.30625 0.025 0.040625
1 0.56875 0.26640625 0.0265625 0.03828125
1 0.49921875 0.30859375 0.028125 0.03984375
1 0.40390625 0.75859375 0.13125 0.20625
1 0.396875 0.53125 0.090625 0.09453125
1 0.82734375 0.45390625 0.07890625 0.10390625
0 0.61875 0.31015625 0.0671875 0.13203125
0 0.3609375 0.390625 0.1421875 0.20390625