2 0.16484375 0.5265625 0.20234375 0.1703125
0 0.3234375 0.43359375 0.22890625 0.26015625
1 0.6203125 0.56484375 0.103125 0.2265625
1 0.79921875 0.72421875 0.19765625 0.33203125
1 0.83828125 0.4609375 0.1015625 0.15859375
1 0.62421875 0.37421875 0.05078125 0.078125
1 0.6125 0.3140625 0.0421875 0.0515625
1 0.59609375 0.30078125 0.03125 0.04140625
1 0.596875 0.278125 0.028125 0.03359375
1 0.57890625 0.27265625 0.0234375 0.025
1 0.5890625 0.2578125 0.01640625 0.03515625
1 0.578125 0.253125 0.0109375 0.0203125
0 0.5828125 0.23671875 0.015625 0.03359375
3 0.7859375 0.4796875 0.084375 0.1734375
3 0.9578125 0.62890625 0.084375 0.21796875
3 0.58125 0.38984375 0.04921875 0.08984375
1 0.3890625 0.309375 0.04453125 0.06484375
4 0.63515625 0.2703125 0.01640625 0.04140625
4 0.6265625 0.25625 0.015625 0.03203125
1 0.4828125 0.27109375 0.021875 0.0359375
4 0.46015625 0.265625 0.02578125 0.03359375
3 0.43203125 0.30078125 0.01640625 0.0390625