0 0.41953125 0.390625 0.10703125 0.14140625
2 0.26875 0.4234375 0.07890625 0.11640625
1 0.3671875 0.34140625 0.05 0.06328125
4 0.41171875 0.3171875 0.06328125 0.0453125
3 0.48671875 0.378125 0.03671875 0.08359375
1 0.6859375 0.64453125 0.134375 0.2515625
1 0.8671875 0.5109375 0.153125 0.2015625
4 0.671875 0.43515625 0.084375 0.11015625
1 0.590625 0.38046875 0.06640625 0.1046875
1 0.61640625 0.3390625 0.0359375 0.05859375
1 0.58359375 0.29140625 0.02421875 0.03671875
3 0.61171875 0.29765625 0.015625 0.03203125
1 0.89140625 0.8890625 0.2171875 0.221875
1 0.60078125 0.26796875 0.02109375 0.0234375