1 0.14140625 0.5375 0.1265625 0.171875
1 0.33359375 0.40703125 0.0953125 0.14296875
1 0.3671875 0.35703125 0.04921875 0.08359375
1 0.3921875 0.3296875 0.03984375 0.1
1 0.48359375 0.3890625 0.0609375 0.08203125
1 0.4796875 0.3046875 0.0265625 0.04296875
1 0.503125 0.2921875 0.02109375 0.0515625
1 0.85078125 0.46796875 0.1578125 0.18984375
1 0.66484375 0.2953125 0.034375 0.03984375
1 0.44921875 0.265625 0.03125 0.0484375
4 0.46484375 0.25859375 0.02890625 0.03359375
4 0.5015625 0.24765625 0.0203125 0.03515625
3 0.4640625 0.3375 0.0203125 0.06484375
3 0.3046875 0.5140625 0.08203125 0.11796875
1 0.634375 0.27265625 0.02109375 0.0546875