1 0.6859375 0.46171875 0.065625 0.08359375
1 0.35859375 0.765625 0.1453125 0.2515625
1 0.2828125 0.4265625 0.05078125 0.0703125
1 0.31015625 0.3921875 0.04453125 0.071875
1 0.35078125 0.36015625 0.0296875 0.046875
1 0.365625 0.33671875 0.03125 0.03671875
1 0.490625 0.28515625 0.02109375 0.053125
1 0.5234375 0.30390625 0.0234375 0.028125
1 0.83515625 0.4609375 0.078125 0.078125
3 0.875 0.50234375 0.03203125 0.0546875
3 0.42734375 0.39765625 0.0203125 0.05859375
3 0.4328125 0.33984375 0.0203125 0.06328125
3 0.47109375 0.40703125 0.028125 0.06328125
3 0.43515625 0.3109375 0.028125 0.0515625
3 0.59921875 0.296875 0.01328125 0.046875
2 0.221875 0.47734375 0.09921875 0.0953125