3 0.703125 0.51640625 0.07421875 0.18984375
3 0.34453125 0.421875 0.06640625 0.11015625
1 0.28046875 0.52265625 0.146875 0.1515625
1 0.19921875 0.47265625 0.08203125 0.121875
1 0.36796875 0.346875 0.053125 0.103125
1 0.39296875 0.32421875 0.04765625 0.06796875
1 0.48515625 0.309375 0.0296875 0.071875
1 0.51171875 0.30234375 0.03125 0.06171875
1 0.58359375 0.29296875 0.0375 0.05703125
1 0.57109375 0.33359375 0.0546875 0.08359375
1 0.840625 0.4453125 0.115625 0.153125
1 0.6703125 0.29921875 0.0421875 0.06171875
1 0.58125 0.23828125 0.01484375 0.0265625
4 0.46640625 0.26953125 0.04375 0.0484375
4 0.6390625 0.35703125 0.0546875 0.11015625
0 0.45078125 0.31484375 0.06875 0.11640625