1 0.59921875 0.44296875 0.05 0.08984375
1 0.69765625 0.50390625 0.0765625 0.0953125
1 0.6609375 0.59609375 0.09765625 0.18203125
1 0.79375 0.69609375 0.13671875 0.178125
1 0.828125 0.6078125 0.14375 0.13828125
1 0.884375 0.5 0.1 0.09296875
1 0.66640625 0.29453125 0.0265625 0.03515625
1 0.39609375 0.32578125 0.0359375 0.03828125
1 0.42890625 0.30859375 0.034375 0.03359375
1 0.36796875 0.3421875 0.03359375 0.03828125
1 0.35390625 0.80390625 0.16328125 0.26484375
3 0.33828125 0.39453125 0.03671875 0.03203125
3 0.37265625 0.4328125 0.021875 0.05859375
3 0.70703125 0.41484375 0.02890625 0.05
0 0.63046875 0.3109375 0.053125 0.09140625
4 0.7296875 0.8296875 0.1671875 0.33984375
1 0.90703125 0.878125 0.1859375 0.24296875
0 0.95234375 0.69765625 0.09453125 0.3515625