1 0.88828125 0.5109375 0.16015625 0.16796875
1 0.73046875 0.37578125 0.07109375 0.10859375
1 0.57890625 0.259375 0.034375 0.06171875
3 0.30859375 0.78984375 0.08125 0.2
3 0.21328125 0.7234375 0.084375 0.16328125
3 0.33515625 0.56640625 0.04140625 0.096875
3 0.4140625 0.440625 0.0375 0.08515625
3 0.45078125 0.43359375 0.02578125 0.08359375
3 0.4296875 0.39609375 0.02109375 0.071875
3 0.45078125 0.39296875 0.0203125 0.06015625
1 0.49140625 0.39765625 0.0421875 0.09140625
1 0.4484375 0.33203125 0.0359375 0.06640625
3 0.46953125 0.340625 0.01875 0.05859375
3 0.50859375 0.33984375 0.028125 0.05703125
3 0.47265625 0.3015625 0.01796875 0.04296875
1 0.50078125 0.321875 0.02109375 0.05
3 0.5125 0.309375 0.021875 0.0484375
3 0.496875 0.28046875 0.0125 0.03828125
4 0.21796875 0.46328125 0.09375 0.1203125
1 0.39296875 0.3890625 0.0703125 0.06171875
1 0.34453125 0.35859375 0.04375 0.053125
1 0.36640625 0.34140625 0.04140625 0.046875
1 0.39453125 0.325 0.0421875 0.053125