3 0.65078125 0.42734375 0.06015625 0.1046875
3 0.7875 0.59921875 0.08203125 0.13828125
3 0.703125 0.69921875 0.12890625 0.23828125
3 0.5875 0.3 0.02578125 0.053125
1 0.16640625 0.5453125 0.18125 0.15703125
1 0.31875 0.390625 0.0546875 0.08515625
1 0.3640625 0.35 0.0453125 0.0734375
1 0.39921875 0.32265625 0.0359375 0.0546875
1 0.48359375 0.26640625 0.0203125 0.03984375
1 0.58046875 0.24140625 0.0109375 0.0296875
1 0.6375 0.2640625 0.03203125 0.03828125
1 0.66484375 0.296875 0.03984375 0.053125
1 0.82734375 0.45078125 0.12890625 0.11484375
2 0.27421875 0.79453125 0.2921875 0.4109375