1 0.16640625 0.528125 0.14140625 0.09296875
2 0.28125 0.4328125 0.0890625 0.09140625
1 0.33046875 0.3984375 0.05859375 0.06328125
1 0.35703125 0.36171875 0.0421875 0.05
0 0.42890625 0.33671875 0.096875 0.1765625
3 0.47734375 0.31328125 0.03125 0.0703125
2 0.5046875 0.29453125 0.0265625 0.06796875
1 0.41953125 0.6328125 0.1203125 0.19140625
3 0.29453125 0.6703125 0.0859375 0.1703125
3 0.82265625 0.634375 0.12421875 0.18515625
3 0.653125 0.36796875 0.02109375 0.053125
3 0.6 0.3328125 0.0234375 0.06171875
1 0.628125 0.26796875 0.02109375 0.04296875