1 0.153125 0.52578125 0.1703125 0.16484375
1 0.32109375 0.41171875 0.0890625 0.1203125
1 0.35390625 0.359375 0.05078125 0.06796875
1 0.371875 0.3375 0.0609375 0.071875
1 0.39609375 0.3140625 0.0453125 0.06796875
1 0.45078125 0.3625 0.05078125 0.071875
1 0.440625 0.3140625 0.0359375 0.0546875
1 0.45 0.28203125 0.04375 0.06640625
1 0.51015625 0.2625 0.021875 0.04140625
1 0.56640625 0.27265625 0.02109375 0.0515625
1 0.63125 0.26953125 0.02109375 0.0453125
1 0.63359375 0.5515625 0.0875 0.16328125
1 0.64921875 0.7234375 0.13046875 0.23671875
1 0.728125 0.8984375 0.18828125 0.203125
0 0.8734375 0.7625 0.25234375 0.421875
0 0.959375 0.6109375 0.08125 0.21484375
0 0.87265625 0.5 0.21796875 0.246875
0 0.7109375 0.46328125 0.15546875 0.203125
4 0.63984375 0.4109375 0.04921875 0.10859375
4 0.5875 0.271875 0.0234375 0.06328125
3 0.66640625 0.3390625 0.0375 0.075
3 0.60078125 0.265625 0.021875 0.0453125
3 0.6078125 0.25390625 0.01015625 0.03515625