1 0.415625 0.38671875 0.04765625 0.06640625
1 0.48515625 0.3875 0.0390625 0.05859375
1 0.46484375 0.3109375 0.021875 0.03203125
1 0.35234375 0.3609375 0.028125 0.03515625
1 0.3734375 0.33828125 0.02421875 0.046875
1 0.603125 0.3421875 0.03671875 0.03515625
1 0.57578125 0.2921875 0.01796875 0.025
1 0.60390625 0.30703125 0.01796875 0.0296875
1 0.696875 0.44453125 0.05859375 0.071875
1 0.64453125 0.525 0.06328125 0.096875
3 0.653125 0.37109375 0.02578125 0.0515625
3 0.87890625 0.496875 0.034375 0.0703125
3 0.678125 0.34453125 0.01875 0.04140625
1 0.58828125 0.271875 0.015625 0.01640625