4 0.21015625 0.45390625 0.11796875 0.11171875
1 0.66796875 0.44609375 0.08359375 0.14140625
1 0.87265625 0.4953125 0.15234375 0.1765625
1 0.3671875 0.340625 0.06796875 0.08828125
1 0.39296875 0.3109375 0.034375 0.06171875
1 0.4140625 0.29921875 0.03125 0.0484375
1 0.4953125 0.2765625 0.01875 0.03359375
1 0.51640625 0.29609375 0.02109375 0.03828125
1 0.4875 0.30546875 0.0296875 0.0453125
2 0.60625 0.31484375 0.03984375 0.0765625
3 0.4265625 0.621875 0.09921875 0.1796875
3 0.4203125 0.37265625 0.021875 0.06328125
3 0.453125 0.3453125 0.02890625 0.05234375
3 0.43671875 0.32265625 0.01640625 0.0453125
3 0.459375 0.30859375 0.0265625 0.0359375
3 0.48515625 0.2765625 0.01171875 0.0265625
3 0.50703125 0.2734375 0.015625 0.03125
3 0.5140625 0.26484375 0.00859375 0.0296875
3 0.50859375 0.253125 0.009375 0.02421875
4 0.62578125 0.26171875 0.021875 0.03203125