1 0.87890625 0.50703125 0.1265625 0.16640625
1 0.4 0.60546875 0.12109375 0.178125
1 0.15703125 0.7953125 0.234375 0.2203125
1 0.471875 0.328125 0.0421875 0.06328125
1 0.6203125 0.37578125 0.0734375 0.08203125
1 0.7375 0.38046875 0.07265625 0.1046875
3 0.4171875 0.34296875 0.01796875 0.05
3 0.43515625 0.3578125 0.021875 0.06796875
1 0.35625 0.3671875 0.046875 0.0484375
1 0.36640625 0.3453125 0.0390625 0.05
1 0.40234375 0.3265625 0.04375 0.04296875
4 0.21640625 0.4453125 0.11015625 0.15703125
1 0.49921875 0.25703125 0.02890625 0.0296875
1 0.5796875 0.26484375 0.02890625 0.0296875