1 0.428125 0.4171875 0.06484375 0.1046875
1 0.3484375 0.36171875 0.04453125 0.08671875
1 0.36875 0.3359375 0.03671875 0.078125
1 0.4 0.32109375 0.03203125 0.06484375
1 0.4546875 0.309375 0.0265625 0.05859375
4 0.46015625 0.2734375 0.02578125 0.046875
1 0.48828125 0.3140625 0.02421875 0.06484375
1 0.5046875 0.284375 0.0421875 0.0453125
0 0.66640625 0.42734375 0.1078125 0.275
1 0.60390625 0.378125 0.0359375 0.0703125
4 0.603125 0.3234375 0.03359375 0.0734375
1 0.58125 0.3109375 0.03359375 0.0484375
1 0.5703125 0.26171875 0.01328125 0.04296875
1 0.8765625 0.49296875 0.1421875 0.1796875
1 0.73828125 0.3765625 0.05078125 0.11015625