1 0.828125 0.4546875 0.13671875 0.18671875
1 0.12734375 0.521875 0.13671875 0.2
1 0.37578125 0.35546875 0.06640625 0.10859375
1 0.396875 0.31796875 0.0359375 0.08359375
1 0.45390625 0.36015625 0.0546875 0.09296875
4 0.46953125 0.2703125 0.015625 0.053125
4 0.634375 0.2625 0.03203125 0.0453125
0 0.4859375 0.26953125 0.05546875 0.06796875
2 0.4296875 0.42109375 0.06328125 0.10859375
3 0.6703125 0.46328125 0.06796875 0.15703125
3 0.51015625 0.26796875 0.01796875 0.03671875
3 0.4328125 0.296875 0.021875 0.03359375