3 0.428125 0.6375 0.0890625 0.171875
3 0.11640625 0.7984375 0.13671875 0.23359375
3 0.4453125 0.45078125 0.04140625 0.0984375
3 0.68359375 0.4265625 0.0625 0.08671875
3 0.5875 0.28203125 0.0234375 0.03671875
3 0.59375 0.26015625 0.0203125 0.03984375
3 0.4578125 0.30546875 0.02109375 0.03828125
3 0.4890625 0.2734375 0.0109375 0.03359375
3 0.50078125 0.27578125 0.00859375 0.0484375
1 0.6203125 0.2796875 0.02109375 0.05703125
1 0.66484375 0.296875 0.04453125 0.0734375
1 0.8234375 0.44140625 0.1015625 0.146875
1 0.88828125 0.4828125 0.12265625 0.14140625
1 0.475 0.41171875 0.0578125 0.0765625
1 0.496875 0.33671875 0.03125 0.06328125
1 0.42890625 0.3625 0.05703125 0.08515625
1 0.340625 0.7015625 0.19375 0.20703125
0 0.3484375 0.459375 0.19609375 0.34140625
2 0.65546875 0.475 0.08984375 0.19296875
5 0.89140625 0.75 0.2171875 0.5
1 0.61171875 0.32265625 0.046875 0.08828125
4 0.515625 0.29609375 0.0453125 0.0953125