1 0.4140625 0.60859375 0.09140625 0.16015625
0 0.1703125 0.69609375 0.340625 0.421875
4 0.21953125 0.44765625 0.12109375 0.11484375
1 0.36796875 0.396875 0.05546875 0.06015625
1 0.35234375 0.36328125 0.0453125 0.04296875
1 0.4875 0.34765625 0.04765625 0.06796875
3 0.46015625 0.30078125 0.02109375 0.03828125
1 0.3671875 0.3375 0.03359375 0.0546875
1 0.6625 0.57890625 0.103125 0.1984375
1 0.8765625 0.49765625 0.14140625 0.1515625
3 0.83046875 0.49921875 0.04453125 0.11484375
3 0.64375 0.43984375 0.03125 0.0734375
1 0.6609375 0.41953125 0.05546875 0.0984375
3 0.64296875 0.3515625 0.0359375 0.06328125
1 0.58125 0.34140625 0.03984375 0.08359375