4 0.703125 0.47109375 0.0875 0.11796875
1 0.6828125 0.57578125 0.18046875 0.18515625
1 0.88359375 0.5234375 0.15 0.20703125
3 0.9015625 0.5390625 0.0578125 0.11796875
2 0.27578125 0.4296875 0.0953125 0.11328125
1 0.365625 0.3453125 0.0390625 0.05703125
4 0.4125 0.32265625 0.05078125 0.0546875
1 0.46875 0.371875 0.05859375 0.0734375
1 0.47578125 0.33203125 0.0421875 0.0703125
3 0.64921875 0.3953125 0.05 0.08984375
3 0.60859375 0.32109375 0.01796875 0.0453125
3 0.62890625 0.315625 0.02109375 0.0515625
1 0.57578125 0.28515625 0.02578125 0.03984375