1 0.075 0.67890625 0.15 0.1984375
1 0.365625 0.3515625 0.04765625 0.06328125
1 0.390625 0.3078125 0.05234375 0.05859375
1 0.46484375 0.26953125 0.02421875 0.025
0 0.4921875 0.26015625 0.04140625 0.09296875
0 0.5890625 0.3015625 0.0625 0.1234375
3 0.6390625 0.32265625 0.01640625 0.0546875
3 0.3421875 0.3921875 0.05546875 0.0515625
3 0.40703125 0.34609375 0.02890625 0.0546875
3 0.86640625 0.71171875 0.1109375 0.21015625
3 0.81953125 0.559375 0.06640625 0.121875
1 0.8828125 0.5140625 0.1109375 0.1515625
1 0.82265625 0.43203125 0.103125 0.1265625
1 0.66875 0.29765625 0.04453125 0.071875
1 0.58125 0.24765625 0.0265625 0.0484375