1 0.82890625 0.46015625 0.1078125 0.18671875
1 0.66796875 0.29296875 0.0390625 0.053125
1 0.6375 0.2671875 0.03203125 0.03203125
4 0.62421875 0.2546875 0.03671875 0.03984375
4 0.459375 0.271875 0.02421875 0.04296875
0 0.48046875 0.26171875 0.0203125 0.03984375
1 0.50234375 0.246875 0.034375 0.0734375
4 0.59453125 0.3109375 0.04375 0.08828125
1 0.4015625 0.3375 0.05546875 0.075
1 0.36953125 0.33828125 0.06484375 0.05
1 0.315625 0.37421875 0.08984375 0.075
3 0.32578125 0.40546875 0.0421875 0.06796875
3 0.3046875 0.396875 0.04453125 0.06015625
3 0.38984375 0.40234375 0.04375 0.09140625
1 0.14296875 0.54140625 0.17265625 0.196875