3 0.46484375 0.39609375 0.04921875 0.121875
3 0.3296875 0.3515625 0.00078125 0.0234375
3 0.3421875 0.39921875 0.0578125 0.0984375
3 0.49375 0.2953125 0.0421875 0.0703125
3 0.74140625 0.5 0.08125 0.13359375
3 0.90703125 0.65546875 0.128125 0.1953125
1 0.8828125 0.51328125 0.11015625 0.14296875
1 0.82578125 0.44296875 0.0765625 0.146875
1 0.66484375 0.29140625 0.0703125 0.0734375
1 0.60234375 0.309375 0.04765625 0.0453125
1 0.57890625 0.2796875 0.03203125 0.03359375
1 0.5625 0.30390625 0.0359375 0.0453125
1 0.4 0.71484375 0.2125 0.21640625
1 0.36484375 0.35 0.05078125 0.05703125
1 0.38671875 0.3125 0.04375 0.06171875
1 0.465625 0.265625 0.02421875 0.0484375