1 0.18671875 0.68515625 0.16875 0.18359375
1 0.1734375 0.53046875 0.1578125 0.125
2 0.2765625 0.440625 0.0921875 0.121875
1 0.3171875 0.390625 0.05859375 0.08828125
1 0.37109375 0.346875 0.04921875 0.06640625
1 0.4015625 0.31796875 0.0375 0.06328125
3 0.4046875 0.334375 0.02890625 0.0484375
1 0.45234375 0.46171875 0.08671875 0.1265625
3 0.61171875 0.4265625 0.02890625 0.0734375
3 0.57421875 0.3703125 0.0234375 0.06328125
2 0.596875 0.32734375 0.03125 0.06484375
3 0.6140625 0.31484375 0.01484375 0.04296875
3 0.64140625 0.3390625 0.01484375 0.06484375
3 0.68984375 0.40703125 0.02578125 0.0796875
1 0.85546875 0.478125 0.0921875 0.1203125
1 0.9234375 0.5609375 0.15234375 0.1484375
1 0.5671875 0.27265625 0.021875 0.04140625
1 0.5125 0.29453125 0.0296875 0.028125
1 0.48671875 0.29296875 0.02421875 0.053125
3 0.60078125 0.27734375 0.01328125 0.03515625