1 0.78828125 0.4421875 0.05859375 0.11171875
1 0.86640625 0.503125 0.1046875 0.16015625
2 0.6375 0.38984375 0.078125 0.103125
3 0.62421875 0.3015625 0.01484375 0.03984375
3 0.5828125 0.28515625 0.00859375 0.046875
1 0.5734375 0.2578125 0.0125 0.0515625
1 0.4890625 0.371875 0.0546875 0.06640625
1 0.43515625 0.47578125 0.0921875 0.13515625
3 0.49375 0.31953125 0.0109375 0.0484375
3 0.47578125 0.3234375 0.015625 0.03359375
1 0.46953125 0.30390625 0.04375 0.04140625
3 0.44765625 0.303125 0.0234375 0.0265625
1 0.36953125 0.3515625 0.04453125 0.05703125
1 0.40703125 0.3296875 0.05078125 0.053125
2 0.28046875 0.4390625 0.08984375 0.08828125
1 0.325 0.40859375 0.0453125 0.08984375
1 0.15703125 0.51640625 0.12578125 0.16015625
3 0.6453125 0.3 0.0234375 0.053125