1 0.4046875 0.58984375 0.13984375 0.1765625
1 0.43671875 0.40546875 0.06875 0.08515625
1 0.84375 0.453125 0.1109375 0.1265625
1 0.88359375 0.50234375 0.128125 0.13828125
1 0.66640625 0.2984375 0.03671875 0.05703125
3 0.590625 0.26015625 0.02421875 0.0265625
3 0.33046875 0.38671875 0.046875 0.06328125
3 0.30390625 0.40859375 0.04375 0.046875
1 0.36484375 0.3515625 0.0359375 0.06328125
1 0.38828125 0.3203125 0.0359375 0.06015625
1 0.5078125 0.29921875 0.0296875 0.0515625
2 0.45625 0.2984375 0.0296875 0.053125
4 0.46796875 0.265625 0.0296875 0.03203125