0 0.32109375 0.4875 0.21484375 0.2546875
4 0.478125 0.38046875 0.07109375 0.0984375
1 0.490625 0.33515625 0.04453125 0.05703125
1 0.4015625 0.3171875 0.05078125 0.05859375
1 0.35 0.33984375 0.08125 0.0796875
1 0.59375 0.34921875 0.04921875 0.075
1 0.65546875 0.39140625 0.0703125 0.11015625
1 0.628125 0.465625 0.07890625 0.1046875
1 0.815625 0.4390625 0.096875 0.14140625
1 0.890625 0.509375 0.1125 0.13515625
1 0.67265625 0.3046875 0.0625 0.05
3 0.596875 0.2609375 0.0234375 0.0453125
3 0.584375 0.246875 0.01484375 0.0296875
3 0.4953125 0.28671875 0.04765625 0.04296875
3 0.33046875 0.371875 0.04453125 0.046875