1 0.16484375 0.525 0.134375 0.1296875
2 0.27890625 0.43359375 0.0859375 0.1296875
1 0.325 0.396875 0.06328125 0.08671875
1 0.3578125 0.3625 0.0546875 0.0515625
1 0.39765625 0.31796875 0.034375 0.03671875
0 0.43046875 0.325 0.06484375 0.10703125
3 0.4796875 0.33671875 0.01796875 0.03671875
3 0.4671875 0.32578125 0.01328125 0.0484375
0 0.496875 0.30078125 0.046875 0.09140625
0 0.50703125 0.25390625 0.02421875 0.06796875
1 0.6046875 0.32890625 0.05 0.078125
3 0.75859375 0.42578125 0.0375 0.08515625