3 0.2765625 0.57265625 0.05703125 0.10859375
3 0.64453125 0.61796875 0.05234375 0.1734375
3 0.7015625 0.59140625 0.04765625 0.1765625
3 0.9484375 0.740625 0.10234375 0.23828125
3 0.5046875 0.29765625 0.02109375 0.0515625
3 0.596875 0.2765625 0.01640625 0.03359375
3 0.6546875 0.32890625 0.02109375 0.0484375
3 0.33359375 0.390625 0.0375 0.05859375
1 0.2109375 0.47109375 0.10703125 0.0953125
1 0.3671875 0.34296875 0.046875 0.06328125
1 0.3921875 0.3203125 0.03203125 0.0734375
1 0.5796875 0.35546875 0.05078125 0.08828125
1 0.59375 0.30234375 0.02890625 0.0484375
1 0.82578125 0.45234375 0.10546875 0.1515625
2 0.759375 0.5265625 0.1234375 0.1703125
1 0.66484375 0.296875 0.03125 0.046875