3 0.29921875 0.87890625 0.078125 0.1546875
3 0.31171875 0.496875 0.0359375 0.0796875
3 0.66875 0.4109375 0.0390625 0.071875
3 0.6609375 0.3390625 0.02109375 0.04140625
3 0.471875 0.3234375 0.02890625 0.03671875
3 0.4828125 0.29765625 0.02890625 0.03828125
1 0.36328125 0.328125 0.0453125 0.06640625
1 0.390625 0.309375 0.04375 0.05859375
1 0.8109375 0.434375 0.03984375 0.04140625
1 0.89140625 0.4984375 0.11640625 0.11640625
2 0.3921875 0.6796875 0.103125 0.28359375
0 0.1375 0.68828125 0.26328125 0.4765625