1 0.17265625 0.5359375 0.1546875 0.13515625
1 0.31328125 0.3984375 0.07265625 0.08359375
1 0.35390625 0.36484375 0.0453125 0.08984375
1 0.3703125 0.3453125 0.04453125 0.0734375
1 0.40390625 0.3234375 0.0546875 0.0734375
1 0.49453125 0.3328125 0.0453125 0.06796875
1 0.49453125 0.30546875 0.028125 0.0515625
1 0.48671875 0.275 0.02421875 0.03984375
1 0.609375 0.3203125 0.0265625 0.06015625
1 0.63046875 0.26796875 0.02421875 0.04296875
1 0.35078125 0.83515625 0.17890625 0.3296875
1 0.6640625 0.74296875 0.11328125 0.26015625
1 0.72734375 0.89765625 0.2109375 0.2046875
1 0.64140625 0.590625 0.08984375 0.1453125
1 0.58671875 0.45546875 0.05859375 0.1453125
1 0.59140625 0.24453125 0.0203125 0.028125
3 0.68359375 0.34453125 0.03671875 0.05859375
4 0.64765625 0.44140625 0.0453125 0.1203125
4 0.7015625 0.3796875 0.06484375 0.08359375
0 0.72421875 0.48203125 0.1578125 0.28984375
0 0.85078125 0.4734375 0.19375 0.25
0 0.86640625 0.76953125 0.2671875 0.43828125
0 0.9484375 0.62578125 0.10234375 0.26796875
3 0.515625 0.2875 0.01015625 0.04140625
1 0.6203125 0.2546875 0.0140625 0.028125
3 0.66171875 0.29609375 0.01171875 0.03671875