1 0.41328125 0.41640625 0.07265625 0.08671875
2 0.31875 0.4140625 0.07890625 0.11484375
4 0.23046875 0.46953125 0.09140625 0.10859375
1 0.35390625 0.36484375 0.0421875 0.04296875
1 0.37265625 0.34765625 0.046875 0.0453125
1 0.4203125 0.325 0.03984375 0.053125
3 0.6453125 0.39296875 0.0359375 0.0796875
1 0.8765625 0.49921875 0.1421875 0.16484375
1 0.65078125 0.32109375 0.04765625 0.06171875
3 0.57578125 0.29609375 0.0125 0.03515625
3 0.590625 0.2859375 0.01796875 0.03515625
3 0.5890625 0.26328125 0.0109375 0.0296875
1 0.57421875 0.2578125 0.01484375 0.025
0 0.57578125 0.23828125 0.01484375 0.03671875