1 0.04921875 0.890625 0.0984375 0.215625
1 0.165625 0.53203125 0.18203125 0.16640625
1 0.45859375 0.46875 0.1078125 0.1234375
1 0.32734375 0.38125 0.09921875 0.0984375
1 0.3640625 0.34453125 0.05078125 0.06796875
1 0.40234375 0.32265625 0.053125 0.06015625
1 0.459375 0.2921875 0.0265625 0.03203125
1 0.5109375 0.32421875 0.0375 0.06171875
1 0.48359375 0.2703125 0.021875 0.03984375
1 0.6015625 0.32890625 0.04921875 0.09140625
1 0.64296875 0.27734375 0.03359375 0.0484375
1 0.6703125 0.2953125 0.034375 0.03671875
2 0.48046875 0.32109375 0.03125 0.06796875
4 0.4625 0.26484375 0.03359375 0.04296875
3 0.303125 0.4109375 0.02578125 0.08203125
3 0.3296875 0.38828125 0.028125 0.06015625
3 0.44296875 0.3203125 0.015625 0.053125
3 0.48828125 0.290625 0.015625 0.028125
3 0.7109375 0.50703125 0.0734375 0.146875
1 0.83046875 0.43671875 0.109375 0.1296875
1 0.57578125 0.24609375 0.0234375 0.03828125