4 0.73515625 0.5953125 0.08671875 0.13359375
4 0.8671875 0.5453125 0.1015625 0.10703125
4 0.7484375 0.45859375 0.08203125 0.13671875
0 0.68046875 0.3828125 0.06875 0.13203125
4 0.94375 0.86640625 0.1125 0.26640625
1 0.79765625 0.74296875 0.128125 0.2296875
1 0.6984375 0.79765625 0.1515625 0.23203125
1 0.7375 0.95390625 0.153125 0.09140625
1 0.9796875 0.70703125 0.040625 0.10703125
1 0.875 0.4828125 0.0890625 0.0984375
1 0.7875 0.56171875 0.10703125 0.1203125
1 0.696875 0.50078125 0.08125 0.09140625
1 0.64921875 0.60859375 0.08984375 0.16328125
1 0.6265625 0.5109375 0.0703125 0.08828125
1 0.61640625 0.46171875 0.06015625 0.08671875
1 0.60859375 0.41171875 0.0359375 0.06640625
1 0.59609375 0.37890625 0.0375 0.075
1 0.628125 0.2984375 0.028125 0.03984375
1 0.6671875 0.2890625 0.03125 0.03203125
1 0.57890625 0.31171875 0.03203125 0.03984375
1 0.43984375 0.38984375 0.05703125 0.08671875
1 0.4484375 0.340625 0.0578125 0.06171875
1 0.396875 0.325 0.03125 0.05
1 0.371875 0.33359375 0.028125 0.05
1 0.3484375 0.35 0.0421875 0.06015625
1 0.0453125 0.6453125 0.08984375 0.15
3 0.34921875 0.4015625 0.0375 0.1
3 0.45703125 0.29296875 0.021875 0.03671875
3 0.56328125 0.375 0.01640625 0.04296875
3 0.571875 0.43359375 0.02421875 0.06328125
3 0.6109375 0.675 0.05078125 0.14296875
3 0.64765625 0.41484375 0.02421875 0.08671875
3 0.6078125 0.27890625 0.0203125 0.028125
2 0.88671875 0.665625 0.16484375 0.23515625