3 0.5859375 0.346875 0.0375 0.06015625
3 0.6203125 0.34296875 0.0359375 0.0796875
1 0.653125 0.4859375 0.07890625 0.16796875
1 0.7859375 0.446875 0.0609375 0.1265625
1 0.86875 0.50234375 0.10703125 0.1453125
1 0.4890625 0.3859375 0.053125 0.06484375
1 0.46953125 0.45078125 0.09375 0.0984375
3 0.4890625 0.32734375 0.0265625 0.0453125
3 0.3828125 0.38828125 0.03203125 0.05703125
2 0.28671875 0.4390625 0.084375 0.11171875
1 0.32734375 0.40078125 0.06015625 0.08515625
1 0.36015625 0.34765625 0.0625 0.06484375
1 0.3984375 0.31171875 0.05 0.05703125
1 0.1609375 0.528125 0.11640625 0.11640625
1 0.5 0.26171875 0.0125 0.0296875
1 0.5875 0.2546875 0.015625 0.0265625