1 0.2484375 0.83515625 0.18125 0.28671875
3 0.396875 0.94765625 0.1109375 0.1046875
1 0.03984375 0.90390625 0.0796875 0.19140625
1 0.58984375 0.37578125 0.0453125 0.078125
5 0.6109375 0.31171875 0.03671875 0.0765625
1 0.634375 0.571875 0.0875 0.1296875
1 0.66328125 0.73828125 0.1234375 0.2296875
1 0.73125 0.92109375 0.171875 0.1578125
0 0.87734375 0.784375 0.24453125 0.43046875
0 0.71875 0.4875 0.15234375 0.228125
0 0.8609375 0.48671875 0.196875 0.2265625
0 0.9515625 0.63203125 0.096875 0.1890625
3 0.6703125 0.33984375 0.02421875 0.05
1 0.3265625 0.40546875 0.07421875 0.06484375
1 0.35703125 0.3625 0.04453125 0.0453125
1 0.40390625 0.32265625 0.05234375 0.0546875
1 0.496875 0.26640625 0.021875 0.0296875
1 0.57109375 0.253125 0.01640625 0.0203125