3 0.88125 0.5 0.0296875 0.08671875
3 0.28125 0.53828125 0.053125 0.10703125
1 0.603125 0.33828125 0.03671875 0.06640625
1 0.2953125 0.8796875 0.134375 0.196875
1 0.44140625 0.5046875 0.06875 0.13671875
1 0.28203125 0.42421875 0.04765625 0.078125
1 0.3109375 0.37734375 0.028125 0.075
1 0.35 0.3546875 0.0203125 0.05703125
1 0.37265625 0.3296875 0.02890625 0.0703125
1 0.44140625 0.33984375 0.02421875 0.046875
1 0.496875 0.34609375 0.0359375 0.06171875
1 0.51484375 0.3140625 0.01328125 0.03828125
1 0.47734375 0.31484375 0.0203125 0.04296875
1 0.84375 0.4640625 0.05859375 0.08515625
0 0.45078125 0.28828125 0.04453125 0.08359375
2 0.21484375 0.47265625 0.11015625 0.1015625