1 0.83828125 0.459375 0.09375 0.125
1 0.66640625 0.29453125 0.0296875 0.05859375
1 0.64140625 0.2703125 0.0375 0.03984375
1 0.49296875 0.31484375 0.03203125 0.053125
1 0.44609375 0.3 0.03125 0.053125
1 0.32421875 0.3828125 0.04375 0.071875
1 0.36015625 0.32890625 0.03359375 0.08203125
1 0.396875 0.3265625 0.0265625 0.0765625
1 0.1453125 0.53828125 0.17578125 0.13671875
2 0.378125 0.45546875 0.1 0.14140625
4 0.4640625 0.43671875 0.09765625 0.13671875
4 0.74765625 0.37734375 0.07265625 0.0984375
4 0.5953125 0.2921875 0.02421875 0.0453125
0 0.496875 0.2625 0.0375 0.0515625
3 0.415625 0.34453125 0.03125 0.08203125
3 0.6484375 0.33671875 0.03125 0.053125
3 0.5796875 0.24609375 0.01640625 0.03203125