4 0.64921875 0.50546875 0.078125 0.175
3 0.75546875 0.50390625 0.03984375 0.11484375
3 0.79453125 0.46796875 0.04375 0.1203125
1 0.865625 0.49609375 0.1125 0.1484375
3 0.6703125 0.3890625 0.0359375 0.06484375
3 0.63125 0.32578125 0.028125 0.0453125
3 0.60859375 0.31015625 0.01328125 0.03359375
2 0.60703125 0.34296875 0.05859375 0.0703125
1 0.4609375 0.3859375 0.05859375 0.06171875
3 0.4953125 0.396875 0.0234375 0.096875
3 0.390625 0.46484375 0.0609375 0.09296875
3 0.39453125 0.68515625 0.0734375 0.13359375
3 0.2671875 0.72578125 0.0796875 0.1515625
3 0.12734375 0.865625 0.11015625 0.19140625
1 0.15703125 0.53046875 0.1390625 0.11171875
2 0.278125 0.4375 0.1 0.11484375
1 0.32421875 0.40703125 0.04375 0.1
1 0.3671875 0.353125 0.05234375 0.05703125