2 0.1453125 0.5359375 0.1109375 0.08203125
1 0.365625 0.3484375 0.03671875 0.03984375
1 0.48984375 0.371875 0.0453125 0.03671875
1 0.478125 0.3296875 0.02890625 0.03359375
1 0.83203125 0.45 0.07421875 0.06640625
1 0.39609375 0.31796875 0.021875 0.0296875
3 0.4328125 0.51640625 0.04375 0.0765625
3 0.24765625 0.63515625 0.053125 0.09296875
3 0.32109375 0.49765625 0.03984375 0.06484375
3 0.42890625 0.3703125 0.01875 0.0265625
3 0.45546875 0.35703125 0.01875 0.03671875
3 0.446875 0.32421875 0.01796875 0.01796875
3 0.45078125 0.30078125 0.0109375 0.025