1 0.32734375 0.39296875 0.053125 0.06015625
1 0.36640625 0.3421875 0.034375 0.05859375
1 0.39296875 0.32421875 0.028125 0.0515625
1 0.60546875 0.32890625 0.028125 0.03828125
1 0.63359375 0.26640625 0.03203125 0.03359375
1 0.66875 0.29765625 0.028125 0.03203125
1 0.8296875 0.4578125 0.06875 0.0953125
2 0.146875 0.5390625 0.13828125 0.11171875
3 0.3421875 0.46328125 0.034375 0.0796875
3 0.33046875 0.3921875 0.021875 0.0484375
3 0.59140625 0.30078125 0.0109375 0.028125
1 0.4984375 0.31484375 0.02109375 0.04296875