1 0.153125 0.54453125 0.184375 0.1453125
1 0.32734375 0.384375 0.065625 0.071875
1 0.36328125 0.33671875 0.04375 0.06015625
1 0.39140625 0.3140625 0.0359375 0.0484375
1 0.50859375 0.3078125 0.03203125 0.06484375
1 0.571875 0.26640625 0.0234375 0.03671875
1 0.83828125 0.45703125 0.12109375 0.13984375
1 0.67421875 0.30234375 0.04765625 0.06484375
1 0.63984375 0.27109375 0.0265625 0.0515625
1 0.45078125 0.28828125 0.03359375 0.05703125
4 0.4609375 0.26015625 0.01875 0.03671875
3 0.61171875 0.32109375 0.0359375 0.06484375