1 0.0953125 0.91171875 0.190625 0.17578125
1 0.31484375 0.7765625 0.1328125 0.22578125
1 0.83671875 0.4609375 0.0671875 0.08125
1 0.45703125 0.5421875 0.08125 0.13046875
1 0.284375 0.41796875 0.0671875 0.06171875
1 0.3171875 0.39296875 0.0421875 0.0484375
1 0.35234375 0.36171875 0.034375 0.046875
1 0.36640625 0.34296875 0.03828125 0.0421875
1 0.4734375 0.35078125 0.025 0.03984375
0 0.478125 0.2953125 0.04140625 0.0796875
2 0.21484375 0.4765625 0.090625 0.10546875
3 0.8765625 0.4921875 0.040625 0.06640625
3 0.71875 0.4390625 0.03359375 0.05390625
3 0.63359375 0.36484375 0.0265625 0.0421875