1 0.38828125 0.78203125 0.1578125 0.26015625
1 0.07265625 0.77578125 0.14453125 0.21484375
1 0.43828125 0.396875 0.05546875 0.08671875
1 0.46796875 0.35234375 0.04375 0.06484375
1 0.4953125 0.32734375 0.0296875 0.0546875
1 0.46796875 0.309375 0.02578125 0.0484375
1 0.4890625 0.28671875 0.0265625 0.03359375
1 0.5046875 0.30859375 0.0203125 0.0296875
1 0.5890625 0.3015625 0.02421875 0.03984375
1 0.56953125 0.26953125 0.0203125 0.03203125
1 0.58125 0.25859375 0.01328125 0.0203125
1 0.8578125 0.4765625 0.11328125 0.16015625
1 0.73828125 0.3859375 0.06484375 0.10859375
3 0.565625 0.29609375 0.02578125 0.03203125
3 0.21484375 0.66953125 0.0625 0.1453125
3 0.365625 0.44921875 0.04453125 0.09140625
3 0.48125 0.4296875 0.04140625 0.0765625
3 0.425 0.35703125 0.03359375 0.06015625
3 0.44375 0.31953125 0.0359375 0.0484375
1 0.39296875 0.3390625 0.0390625 0.06171875
1 0.46875 0.26953125 0.01640625 0.025
1 0.36796875 0.334375 0.03984375 0.0453125
1 0.34375 0.3703125 0.06015625 0.06015625