1 0.359375 0.34140625 0.028125 0.046875
1 0.3921875 0.3171875 0.028125 0.04140625
1 0.47265625 0.28828125 0.02421875 0.0234375
1 0.4328125 0.33984375 0.028125 0.0296875
1 0.49921875 0.31640625 0.02890625 0.03671875
1 0.50390625 0.29609375 0.0265625 0.03203125
1 0.43203125 0.40234375 0.04140625 0.0484375
1 0.4734375 0.421875 0.0453125 0.053125
1 0.834375 0.4625 0.06875 0.075
4 0.35234375 0.7125 0.15703125 0.278125
2 0.14296875 0.51796875 0.1125 0.16015625
1 0.38203125 0.4890625 0.07890625 0.125
3 0.38671875 0.3796875 0.02578125 0.06328125