1 0.36640625 0.346875 0.0296875 0.03359375
1 0.3921875 0.325 0.0359375 0.03671875
1 0.44609375 0.396875 0.02890625 0.0765625
1 0.4953125 0.2953125 0.01875 0.03359375
1 0.5046875 0.2765625 0.01875 0.046875
1 0.315625 0.48671875 0.09765625 0.103125
1 0.6375 0.48828125 0.05859375 0.08671875
1 0.753125 0.60390625 0.1109375 0.21171875
1 0.86875 0.4984375 0.0890625 0.11640625
1 0.74140625 0.3671875 0.0578125 0.075
3 0.66015625 0.3828125 0.02109375 0.06484375
3 0.621875 0.35546875 0.015625 0.075
3 0.2875 0.640625 0.0546875 0.1484375