1 0.8671875 0.49140625 0.13359375 0.1765625
1 0.6234375 0.27578125 0.028125 0.0515625
1 0.60859375 0.3515625 0.046875 0.0765625
1 0.56640625 0.2640625 0.01640625 0.03828125
1 0.57578125 0.25703125 0.01484375 0.0234375
1 0.5765625 0.246875 0.0125 0.0265625
1 0.596875 0.265625 0.02109375 0.03828125
2 0.2953125 0.44140625 0.10546875 0.146875
1 0.36328125 0.34453125 0.06015625 0.05859375
1 0.3921875 0.31796875 0.01796875 0.0796875
0 0.50703125 0.25390625 0.03125 0.04140625
3 0.51015625 0.28828125 0.01796875 0.03671875
3 0.465625 0.3234375 0.02890625 0.05
4 0.415625 0.3265625 0.046875 0.0703125
4 0.6296875 0.2546875 0.021875 0.04296875