3 0.14609375 0.9328125 0.11171875 0.134375
3 0.225 0.68359375 0.0765625 0.159375
3 0.878125 0.49765625 0.05 0.07109375
3 0.4921875 0.29453125 0.01640625 0.03203125
3 0.56484375 0.29921875 0.01328125 0.03125
3 0.5890625 0.28046875 0.009375 0.02578125
2 0.21640625 0.4765625 0.0984375 0.12578125
2 0.46328125 0.36796875 0.03984375 0.07109375
1 0.284375 0.4296875 0.0609375 0.0578125
1 0.31640625 0.40078125 0.0421875 0.0640625
1 0.3546875 0.365625 0.0421875 0.04375
1 0.37265625 0.34921875 0.03359375 0.0578125
1 0.45546875 0.28515625 0.02734375 0.02890625
1 0.59609375 0.3328125 0.034375 0.04453125
1 0.590625 0.30234375 0.01875 0.03046875
1 0.84453125 0.465625 0.07109375 0.0796875