1 0.37734375 0.55078125 0.096875 0.1546875
1 0.471875 0.49140625 0.08359375 0.1265625
1 0.4921875 0.38203125 0.0390625 0.08984375
1 0.81484375 0.428125 0.0890625 0.1234375
1 0.88828125 0.4953125 0.09921875 0.13984375
1 0.66484375 0.28828125 0.0375 0.04296875
3 0.71640625 0.37265625 0.05234375 0.08203125
3 0.49296875 0.2859375 0.01015625 0.04140625
3 0.45 0.29609375 0.01484375 0.03203125
3 0.46640625 0.35859375 0.01640625 0.053125
3 0.334375 0.38515625 0.028125 0.05703125
3 0.3 0.40703125 0.028125 0.05703125
0 0.39375 0.39921875 0.12265625 0.128125
1 0.50546875 0.2984375 0.0234375 0.05
1 0.509375 0.2640625 0.01796875 0.028125
1 0.42578125 0.30078125 0.02890625 0.05859375
1 0.3984375 0.3109375 0.0375 0.0453125
1 0.35625 0.33359375 0.0390625 0.06015625
4 0.4609375 0.26640625 0.01640625 0.03671875
1 0.1453125 0.91796875 0.290625 0.16328125