1 0.8 0.85390625 0.2703125 0.29140625
1 0.221875 0.93203125 0.234375 0.1359375
1 0.028125 0.63203125 0.05625 0.1546875
1 0.33515625 0.46328125 0.10546875 0.13671875
3 0.44296875 0.43828125 0.09765625 0.10703125
1 0.35625 0.34921875 0.0703125 0.0515625
1 0.39296875 0.31640625 0.06328125 0.046875
1 0.48125 0.3171875 0.021875 0.06484375
3 0.459375 0.309375 0.03125 0.06796875
1 0.7265625 0.36796875 0.08359375 0.1203125
1 0.86015625 0.50390625 0.1015625 0.2046875
3 0.6109375 0.29453125 0.01875 0.0515625
1 0.578125 0.2453125 0.0203125 0.04296875