1 0.21640625 0.48359375 0.08125 0.0703125
1 0.884375 0.49609375 0.0921875 0.1015625
1 0.828125 0.45 0.07265625 0.08359375
1 0.60703125 0.36953125 0.04375 0.0515625
1 0.575 0.29453125 0.0203125 0.03203125
1 0.66640625 0.28828125 0.02421875 0.0296875
1 0.3953125 0.32109375 0.03203125 0.03203125
1 0.36796875 0.3421875 0.03359375 0.03828125
3 0.340625 0.40234375 0.034375 0.03828125
3 0.67421875 0.45546875 0.028125 0.06796875
3 0.74765625 0.578125 0.04921875 0.08359375
3 0.8046875 0.54921875 0.05234375 0.071875
4 0.628125 0.28203125 0.021875 0.03984375
0 0.4484375 0.31015625 0.06328125 0.1265625
3 0.50625 0.34453125 0.015625 0.0484375