3 0.8125 0.553125 0.040625 0.065625
3 0.6671875 0.359375 0.021875 0.04375
3 0.62421875 0.309375 0.009375 0.025
3 0.28203125 0.7953125 0.0515625 0.1453125
3 0.2421875 0.690625 0.04453125 0.1140625
3 0.37578125 0.4796875 0.03046875 0.075
3 0.34375 0.46640625 0.01796875 0.06484375
3 0.42578125 0.37734375 0.02109375 0.046875
3 0.43984375 0.328125 0.009375 0.028125
3 0.57890625 0.27734375 0.01328125 0.02421875
1 0.41328125 0.665625 0.11484375 0.196875
1 0.15390625 0.52109375 0.09765625 0.11328125
1 0.4265625 0.43671875 0.05546875 0.065625
1 0.48046875 0.38046875 0.034375 0.05234375
1 0.4640625 0.33046875 0.03046875 0.05
1 0.36640625 0.346875 0.0421875 0.04609375
1 0.5078125 0.32734375 0.028125 0.04375
1 0.86875 0.4875 0.09765625 0.10703125
1 0.79296875 0.44609375 0.06640625 0.084375
1 0.478125 0.29453125 0.0203125 0.028125
1 0.4984375 0.29453125 0.0203125 0.03203125
1 0.4015625 0.3140625 0.03671875 0.04296875
1 0.3203125 0.39921875 0.04140625 0.05703125
4 0.275 0.4390625 0.09140625 0.08671875