1 0.1078125 0.85 0.21328125 0.29921875
1 0.82890625 0.45703125 0.08203125 0.0890625
1 0.4671875 0.434375 0.05703125 0.0703125
1 0.48828125 0.37421875 0.0390625 0.0578125
1 0.39609375 0.3234375 0.03125 0.0453125
1 0.365625 0.35078125 0.034375 0.03671875
2 0.29609375 0.4078125 0.06171875 0.084375
3 0.3421875 0.3703125 0.01796875 0.03671875
3 0.8671875 0.615625 0.0734375 0.11640625
3 0.6265625 0.3859375 0.0375 0.046875
3 0.4359375 0.32265625 0.03046875 0.02109375
1 0.478125 0.29765625 0.0296875 0.04375