1 0.471875 0.3703125 0.03671875 0.046875
1 0.15234375 0.58515625 0.0734375 0.103125
1 0.31328125 0.39140625 0.08359375 0.06328125
1 0.340625 0.35546875 0.03203125 0.0515625
1 0.36953125 0.34296875 0.02578125 0.0703125
1 0.403125 0.31796875 0.0234375 0.03359375
1 0.4578125 0.2796875 0.0296875 0.0203125
1 0.578125 0.28359375 0.02109375 0.03671875
1 0.615625 0.28046875 0.02109375 0.028125
1 0.575 0.25078125 0.0109375 0.021875
3 0.875 0.50078125 0.03359375 0.0546875
3 0.43125 0.3359375 0.01640625 0.05859375
3 0.578125 0.2953125 0.01484375 0.03984375