1 0.2421875 0.559375 0.1734375 0.10859375
1 0.3609375 0.4484375 0.0921875 0.09296875
1 0.35234375 0.36171875 0.04453125 0.05703125
1 0.64140625 0.60078125 0.096875 0.16171875
1 0.684375 0.79921875 0.1390625 0.271875
1 0.790625 0.7609375 0.13828125 0.26171875
1 0.61953125 0.51015625 0.07578125 0.1
1 0.61015625 0.4234375 0.05703125 0.08984375
1 0.58359375 0.34765625 0.034375 0.0453125
2 0.61640625 0.3203125 0.034375 0.06015625
0 0.66171875 0.3515625 0.0578125 0.11328125
1 0.675 0.465625 0.0625 0.0953125
4 0.70703125 0.54609375 0.07578125 0.13203125
4 0.73984375 0.44296875 0.0859375 0.13671875
1 0.7921875 0.5671875 0.09765625 0.14140625
4 0.84375 0.52421875 0.084375 0.1015625
2 0.80546875 0.45390625 0.06640625 0.08828125
1 0.88046875 0.4890625 0.0953125 0.10859375
2 0.890625 0.68046875 0.15 0.221875
1 0.95078125 0.653125 0.0984375 0.16015625
1 0.94375 0.86171875 0.1125 0.2765625
3 0.41796875 0.3375 0.01875 0.03515625
3 0.6203125 0.3578125 0.01484375 0.0453125
3 0.5609375 0.3453125 0.01640625 0.05