1 0.40234375 0.703125 0.14765625 0.21328125
1 0.23671875 0.51953125 0.11328125 0.08203125
4 0.221875 0.4640625 0.09453125 0.08515625
1 0.35 0.36640625 0.0546875 0.046875
1 0.3671875 0.34453125 0.0359375 0.0453125
1 0.503125 0.26171875 0.02578125 0.0234375
1 0.86171875 0.50390625 0.14453125 0.13203125
3 0.73515625 0.403125 0.0265625 0.09296875
1 0.60859375 0.31171875 0.028125 0.046875
1 0.57734375 0.315625 0.03359375 0.0484375
1 0.5703125 0.2703125 0.02109375 0.046875
3 0.5984375 0.2828125 0.00859375 0.03203125
3 0.58359375 0.3 0.01328125 0.03671875
0 0.1515625 0.78984375 0.30234375 0.4203125