0 0.12734375 0.7671875 0.2546875 0.4625
1 0.83359375 0.45 0.0890625 0.11171875
1 0.3640625 0.346875 0.0375 0.04609375
1 0.3984375 0.32265625 0.040625 0.03828125
1 0.590625 0.27578125 0.02265625 0.0234375
1 0.57734375 0.2625 0.01796875 0.0234375
2 0.2953125 0.41171875 0.071875 0.071875
3 0.746875 0.44140625 0.0390625 0.06171875
3 0.66640625 0.415625 0.03359375 0.04609375
3 0.58984375 0.3 0.01796875 0.0328125
3 0.57109375 0.275 0.009375 0.02265625
3 0.48984375 0.29453125 0.00703125 0.03046875
3 0.51484375 0.296875 0.015625 0.03515625