1 0.8484375 0.46171875 0.12421875 0.146875
1 0.67109375 0.303125 0.0453125 0.06015625
1 0.64140625 0.27109375 0.0296875 0.0453125
1 0.14765625 0.53515625 0.1578125 0.15703125
1 0.3328125 0.38515625 0.0734375 0.053125
1 0.3703125 0.34609375 0.07109375 0.0515625
1 0.475 0.35 0.05546875 0.06640625
1 0.50390625 0.328125 0.04453125 0.04296875
1 0.4484375 0.28203125 0.03125 0.046875
4 0.4640625 0.26640625 0.02578125 0.046875
4 0.57734375 0.234375 0.015625 0.025
3 0.3953125 0.44140625 0.0390625 0.103125
3 0.44140625 0.396875 0.0375 0.096875
3 0.45234375 0.56796875 0.05859375 0.13359375
3 0.365625 0.5390625 0.07265625 0.075
3 0.3828125 0.61796875 0.06328125 0.1234375
3 0.25625 0.74453125 0.1015625 0.1953125
3 0.103125 0.81640625 0.14453125 0.1703125
3 0.478125 0.321875 0.0203125 0.053125
3 0.4984375 0.26953125 0.01796875 0.0546875
3 0.509375 0.259375 0.00859375 0.04140625
3 0.5890625 0.25546875 0.015625 0.03203125