4 0.7203125 0.81328125 0.228125 0.3734375
4 0.49296875 0.26328125 0.02890625 0.04296875
0 0.884375 0.5703125 0.23125 0.4125
0 0.5890625 0.26171875 0.0234375 0.06640625
0 0.5 0.25 0.01484375 0.03671875
0 0.51171875 0.23359375 0.015625 0.05
1 0.77265625 0.64453125 0.14375 0.1984375
1 0.89375 0.83359375 0.203125 0.3328125
1 0.73359375 0.5046875 0.08359375 0.11015625
1 0.665625 0.43671875 0.1015625 0.15
1 0.6078125 0.40390625 0.065625 0.10859375
1 0.603125 0.34453125 0.05859375 0.08203125
3 0.60625 0.30234375 0.03359375 0.03203125
3 0.33359375 0.3765625 0.0265625 0.06640625
3 0.4703125 0.32109375 0.015625 0.04140625
3 0.4953125 0.30390625 0.0234375 0.03828125
3 0.6125 0.26328125 0.01640625 0.0265625
3 0.734375 0.39921875 0.03125 0.075
1 0.36953125 0.34765625 0.04765625 0.06484375
1 0.39453125 0.32109375 0.0375 0.0515625
1 0.43125 0.31953125 0.0453125 0.06796875
1 0.465625 0.2703125 0.0234375 0.04296875