3 0.4328125 0.471875 0.028125 0.06015625
3 0.7046875 0.47109375 0.03203125 0.071875
3 0.6703125 0.38359375 0.02109375 0.046875
3 0.6234375 0.3109375 0.01640625 0.03203125
3 0.47734375 0.34453125 0.0125 0.03828125
1 0.2140625 0.48203125 0.0859375 0.0765625
1 0.37109375 0.41015625 0.0578125 0.06328125
1 0.365625 0.34140625 0.04375 0.03671875
1 0.3953125 0.3203125 0.028125 0.03359375
1 0.82265625 0.44765625 0.07578125 0.08203125
1 0.88515625 0.49609375 0.0953125 0.1015625
3 0.4546875 0.33828125 0.0203125 0.03984375