1 0.42890625 0.64296875 0.08125 0.153125
1 0.36328125 0.54453125 0.07890625 0.1015625
1 0.465625 0.48203125 0.06484375 0.08359375
1 0.4421875 0.36953125 0.0390625 0.0515625
1 0.14765625 0.5359375 0.12109375 0.11171875
1 0.83125 0.4546875 0.07890625 0.08671875
1 0.66484375 0.29296875 0.021875 0.0265625
1 0.50390625 0.3234375 0.03125 0.03671875
2 0.48359375 0.296875 0.0234375 0.03671875
2 0.58984375 0.3109375 0.02578125 0.0515625
1 0.39609375 0.3234375 0.03125 0.03984375
1 0.36953125 0.34609375 0.0375 0.04140625
1 0.32890625 0.3875 0.05078125 0.04140625
3 0.465625 0.32578125 0.01796875 0.03828125
0 0.09375 0.79453125 0.18671875 0.3984375