3 0.4421875 0.6671875 0.05703125 0.20859375
3 0.3671875 0.88359375 0.115625 0.2328125
3 0.45078125 0.39609375 0.0546875 0.0953125
3 0.46796875 0.31796875 0.01796875 0.06328125
3 0.46015625 0.2953125 0.0125 0.03359375
3 0.465625 0.290625 0.00859375 0.03515625
3 0.490625 0.28203125 0.01484375 0.03984375
3 0.4953125 0.26796875 0.0125 0.03671875
0 0.265625 0.6796875 0.3328125 0.5265625
0 0.575 0.228125 0.015625 0.05
4 0.58515625 0.24921875 0.02890625 0.0453125
4 0.465625 0.2671875 0.01796875 0.03828125
1 0.8265625 0.4484375 0.1046875 0.1765625
1 0.62421875 0.4265625 0.07109375 0.146875
1 0.86875 0.7765625 0.2359375 0.3265625
1 0.57578125 0.28828125 0.028125 0.06328125
4 0.60625 0.29296875 0.0265625 0.0765625
1 0.6375 0.2640625 0.034375 0.03828125
1 0.6765625 0.296875 0.04140625 0.08359375
1 0.4 0.346875 0.034375 0.09296875
1 0.37109375 0.3390625 0.0390625 0.05859375
1 0.3359375 0.38671875 0.0734375 0.0765625
1 0.1484375 0.52109375 0.18125 0.13828125
1 0.51796875 0.25234375 0.0234375 0.03515625
1 0.51328125 0.28515625 0.0390625 0.0265625