4 0.75625 0.5546875 0.109375 0.14296875
2 0.33515625 0.4578125 0.0875 0.1015625
1 0.15 0.53671875 0.12421875 0.11015625
1 0.21328125 0.471875 0.09140625 0.08671875
1 0.2890625 0.42578125 0.05078125 0.071875
1 0.85390625 0.87421875 0.2265625 0.2515625
1 0.83046875 0.45859375 0.08984375 0.103125
4 0.74921875 0.37578125 0.05546875 0.08828125
1 0.615625 0.3328125 0.0296875 0.05859375
2 0.58203125 0.321875 0.034375 0.06328125
1 0.37109375 0.34296875 0.04375 0.04296875
1 0.39609375 0.32421875 0.0453125 0.04140625
3 0.65703125 0.3359375 0.0234375 0.0546875