1 0.1609375 0.534375 0.18984375 0.221875
1 0.32578125 0.38984375 0.0734375 0.08359375
1 0.39140625 0.31328125 0.0359375 0.05
1 0.3671875 0.3390625 0.034375 0.06796875
1 0.45 0.2796875 0.0234375 0.04296875
1 0.83984375 0.4453125 0.109375 0.13359375
1 0.66953125 0.2953125 0.03125 0.05
1 0.634375 0.26640625 0.02109375 0.0265625
1 0.58359375 0.253125 0.021875 0.03984375
4 0.753125 0.45 0.0953125 0.1203125
4 0.4671875 0.4046875 0.0796875 0.08671875
2 0.4390625 0.37265625 0.0578125 0.09140625
3 0.509375 0.29609375 0.03984375 0.06171875
0 0.4921875 0.3015625 0.0859375 0.10703125
3 0.62734375 0.29453125 0.0421875 0.0515625
3 0.659375 0.31328125 0.02890625 0.06328125