3 0.87578125 0.65234375 0.08203125 0.1609375
3 0.68515625 0.37421875 0.02421875 0.04765625
3 0.16328125 0.8828125 0.07421875 0.20390625
3 0.4515625 0.40390625 0.0265625 0.06015625
3 0.4171875 0.34375 0.015625 0.04609375
3 0.384375 0.38046875 0.0234375 0.040625
3 0.440625 0.3453125 0.01484375 0.04375
3 0.50078125 0.3171875 0.01796875 0.0265625
4 0.490625 0.37421875 0.04140625 0.0734375
1 0.3765625 0.4296875 0.059375 0.07109375
1 0.2859375 0.42421875 0.059375 0.07109375
1 0.3140625 0.39140625 0.053125 0.0625
1 0.353125 0.36171875 0.03828125 0.04609375
1 0.375 0.34140625 0.03046875 0.04921875
2 0.21171875 0.4703125 0.0875 0.10390625
1 0.84375 0.459375 0.0796875 0.0875
3 0.8765625 0.49765625 0.040625 0.06640625
1 0.3359375 0.784375 0.2640625 0.43125