3 0.62734375 0.75 0.08515625 0.3
3 0.33046875 0.84609375 0.13046875 0.278125
3 0.3875 0.61015625 0.0875 0.23359375
3 0.62578125 0.5046875 0.06953125 0.171875
3 0.71328125 0.2515625 0.04296875 0.11875
1 0.3328125 0.39140625 0.12265625 0.21484375
2 0.37421875 0.2546875 0.12734375 0.1953125
1 0.4484375 0.171875 0.10078125 0.146875
2 0.4484375 0.0703125 0.09296875 0.090625
2 0.5171875 0.053125 0.03515625 0.09609375
3 0.50859375 0.159375 0.03515625 0.11875
3 0.434375 0.48046875 0.0875 0.15625
0 0.59375 0.21328125 0.1375 0.2625
3 0.66875 0.165625 0.02890625 0.1125