1 0.84453125 0.4671875 0.12578125 0.16484375
1 0.68125 0.45 0.0703125 0.1765625
1 0.5875 0.38046875 0.05546875 0.1046875
1 0.66640625 0.29765625 0.028125 0.05859375
1 0.6359375 0.27109375 0.0234375 0.03203125
1 0.578125 0.259375 0.01640625 0.0453125
3 0.6015625 0.3109375 0.0203125 0.075
4 0.628125 0.26640625 0.02578125 0.05
3 0.315625 0.47734375 0.04453125 0.078125
3 0.37265625 0.42421875 0.021875 0.08203125
3 0.33046875 0.4 0.0359375 0.06015625
4 0.4671875 0.265625 0.021875 0.04140625
1 0.48671875 0.26171875 0.021875 0.03984375
1 0.4484375 0.353125 0.0765625 0.06328125
1 0.39609375 0.328125 0.04921875 0.053125
1 0.37109375 0.34609375 0.06484375 0.0546875
1 0.4375 0.5421875 0.1015625 0.128125
1 0.13515625 0.5390625 0.14765625 0.20859375
2 0.415625 0.4203125 0.084375 0.1234375