3 0.66875 0.36484375 0.01484375 0.046875
3 0.6453125 0.35 0.01796875 0.03671875
3 0.88046875 0.4890625 0.04453125 0.075
1 0.6140625 0.37109375 0.05703125 0.08203125
1 0.3546875 0.365625 0.03984375 0.0546875
1 0.36953125 0.3421875 0.03359375 0.0546875
1 0.45234375 0.28359375 0.034375 0.0203125
1 0.80625 0.875 0.19765625 0.25
1 0.72421875 0.4890625 0.09765625 0.175
1 0.5703125 0.2453125 0.00859375 0.01640625
1 0.5796875 0.26640625 0.0203125 0.0234375
1 0.61953125 0.27265625 0.015625 0.025
3 0.67890625 0.31484375 0.02578125 0.0234375