3 0.1625 0.765625 0.10234375 0.171875
3 0.2171875 0.62734375 0.0609375 0.14140625
3 0.3328125 0.47890625 0.04921875 0.071875
3 0.31328125 0.415625 0.0265625 0.0953125
3 0.33046875 0.39921875 0.021875 0.08515625
3 0.459375 0.35546875 0.03125 0.08515625
3 0.47578125 0.31171875 0.028125 0.04296875
3 0.64296875 0.3390625 0.03359375 0.06484375
1 0.66953125 0.2953125 0.04921875 0.06640625
1 0.80703125 0.44765625 0.11796875 0.14140625
1 0.634375 0.2640625 0.02578125 0.04140625
3 0.5828125 0.23828125 0.00859375 0.0203125
0 0.49296875 0.26640625 0.03125 0.05703125
1 0.51171875 0.27734375 0.02890625 0.03203125
1 0.51015625 0.30234375 0.03671875 0.0515625
1 0.48046875 0.31953125 0.02890625 0.03203125
1 0.48515625 0.36796875 0.053125 0.06328125
1 0.47890625 0.4484375 0.07890625 0.09296875
1 0.39765625 0.4375 0.09453125 0.1015625
1 0.14296875 0.54296875 0.14375 0.13671875
1 0.19921875 0.8984375 0.18046875 0.203125
1 0.41640625 0.83046875 0.259375 0.3203125
1 0.3734375 0.34921875 0.05546875 0.075
1 0.39453125 0.328125 0.04921875 0.06640625
4 0.4671875 0.27265625 0.0375 0.0484375
4 0.31640625 0.53671875 0.11015625 0.21328125
1 0.440625 0.33671875 0.06328125 0.06328125