3 0.30546875 0.51796875 0.04765625 0.1265625
3 0.3484375 0.54296875 0.0546875 0.10703125
3 0.38671875 0.43046875 0.02890625 0.06796875
3 0.3828125 0.3859375 0.02109375 0.0515625
3 0.43671875 0.4390625 0.0375 0.078125
3 0.43125 0.38671875 0.028125 0.06640625
3 0.45234375 0.38828125 0.0359375 0.08671875
3 0.46484375 0.31171875 0.015625 0.053125
3 0.4796875 0.31640625 0.01484375 0.05703125
3 0.49765625 0.321875 0.02109375 0.06640625
3 0.5 0.28828125 0.0125 0.04296875
3 0.51015625 0.26171875 0.0203125 0.05
3 0.60703125 0.275 0.02109375 0.05703125
3 0.8671875 0.8796875 0.1125 0.23984375
1 0.36171875 0.34765625 0.04453125 0.08828125
1 0.39765625 0.32265625 0.03203125 0.078125
1 0.81796875 0.440625 0.12578125 0.178125
1 0.88671875 0.49765625 0.09140625 0.16171875
1 0.66640625 0.29921875 0.03125 0.071875
1 0.6171875 0.25546875 0.03359375 0.0484375
1 0.4796875 0.26015625 0.0234375 0.03671875
4 0.4625 0.26796875 0.0265625 0.053125