3 0.9609375 0.86796875 0.078125 0.253125
1 0.71484375 0.7234375 0.13359375 0.2796875
1 0.87890625 0.5109375 0.146875 0.1515625
3 0.63359375 0.38359375 0.0203125 0.0734375
3 0.68046875 0.38515625 0.0265625 0.06640625
3 0.5953125 0.3421875 0.03125 0.075
3 0.60703125 0.3171875 0.01875 0.0515625
3 0.63359375 0.33203125 0.0203125 0.06015625
3 0.58828125 0.28984375 0.00859375 0.0265625
3 0.6046875 0.29453125 0.01484375 0.03515625
1 0.58125 0.278125 0.01328125 0.03359375
3 0.57421875 0.26328125 0.021875 0.0265625
0 0.4328125 0.35 0.0625 0.1
1 0.46640625 0.31953125 0.02578125 0.05859375
3 0.48515625 0.3109375 0.01796875 0.05859375
4 0.50078125 0.3328125 0.028125 0.08515625
1 0.36171875 0.34765625 0.05234375 0.0515625
1 0.3171875 0.3953125 0.06640625 0.0703125
2 0.26875 0.4203125 0.1046875 0.08671875
1 0.2203125 0.4953125 0.11328125 0.09296875