1 0.14921875 0.5953125 0.22109375 0.153125
1 0.35078125 0.359375 0.0453125 0.04140625
1 0.36953125 0.34609375 0.034375 0.04140625
1 0.396875 0.3265625 0.0375 0.03984375
1 0.45546875 0.33984375 0.04375 0.05
1 0.50625 0.27265625 0.0234375 0.025
3 0.4734375 0.296875 0.015625 0.03671875
3 0.34765625 0.3921875 0.03203125 0.0515625
3 0.56015625 0.2859375 0.0125 0.021875
3 0.571875 0.28984375 0.0125 0.01328125
3 0.5859375 0.3078125 0.0203125 0.0546875
3 0.61015625 0.65703125 0.0359375 0.16328125
1 0.6890625 0.7875 0.13203125 0.3015625
1 0.77890625 0.725 0.128125 0.21328125
1 0.740625 0.95859375 0.184375 0.0828125
1 0.784375 0.55703125 0.1 0.10703125
1 0.8703125 0.48984375 0.08984375 0.11015625
1 0.66484375 0.35234375 0.0421875 0.06171875
1 0.6546875 0.409375 0.05703125 0.071875
1 0.61015625 0.4296875 0.05546875 0.06328125
1 0.59375 0.37265625 0.05546875 0.06484375
1 0.58671875 0.33515625 0.0390625 0.04296875
0 0.62734375 0.30234375 0.03125 0.08203125
4 0.69375 0.49609375 0.07890625 0.11484375
4 0.7375 0.4484375 0.0734375 0.1234375
4 0.83203125 0.5171875 0.084375 0.09140625
2 0.80625 0.45703125 0.0734375 0.10703125
1 0.66953125 0.2953125 0.0359375 0.0296875