2 0.22265625 0.46171875 0.09375 0.11328125
1 0.27734375 0.41171875 0.05234375 0.06640625
1 0.30078125 0.3875 0.0546875 0.0515625
1 0.3421875 0.34453125 0.03671875 0.0515625
1 0.36171875 0.32578125 0.04140625 0.071875
1 0.459375 0.2875 0.0203125 0.03203125
1 0.6296875 0.459375 0.046875 0.08515625
1 0.840625 0.46640625 0.0578125 0.0703125
4 0.62109375 0.3640625 0.04765625 0.06171875
0 0.58125 0.2875 0.03125 0.06796875
3 0.61953125 0.31015625 0.0265625 0.0296875
3 0.87578125 0.4890625 0.04140625 0.078125