1 0.16015625 0.5359375 0.0953125 0.0953125
1 0.3234375 0.40546875 0.0453125 0.04140625
1 0.359375 0.36015625 0.03359375 0.03671875
1 0.37109375 0.34296875 0.021875 0.03671875
1 0.7203125 0.875 0.18828125 0.25
1 0.33515625 0.91640625 0.1765625 0.16640625
0 0.74765625 0.5546875 0.18125 0.31328125
4 0.6484375 0.46953125 0.03125 0.0953125
1 0.62578125 0.2671875 0.0109375 0.021875
1 0.4984375 0.33671875 0.021875 0.03359375
2 0.5 0.303125 0.02109375 0.03671875
2 0.40234375 0.31796875 0.0296875 0.03671875