4 0.46328125 0.26484375 0.028125 0.03359375
3 0.30625 0.39765625 0.05703125 0.075
3 0.34609375 0.38515625 0.03125 0.06015625
3 0.37578125 0.440625 0.0421875 0.06796875
3 0.43515625 0.421875 0.0546875 0.08359375
3 0.3453125 0.7859375 0.1390625 0.1546875
3 0.22890625 0.740625 0.103125 0.171875
3 0.45390625 0.3296875 0.0296875 0.06640625
3 0.47734375 0.33046875 0.02109375 0.0546875
3 0.46953125 0.3078125 0.01640625 0.0453125
3 0.49609375 0.3234375 0.0203125 0.0734375
3 0.4890625 0.2765625 0.01484375 0.03984375
1 0.65703125 0.465625 0.11015625 0.18203125
1 0.81953125 0.43984375 0.1265625 0.146875
1 0.87578125 0.503125 0.11015625 0.13671875
1 0.56796875 0.271875 0.0203125 0.03984375
1 0.58671875 0.290625 0.028125 0.0515625
1 0.6703125 0.30703125 0.0390625 0.046875
1 0.36640625 0.3390625 0.0453125 0.06484375
1 0.39609375 0.31640625 0.03671875 0.0765625