1 0.31171875 0.5609375 0.09140625 0.128125
1 0.4140625 0.49765625 0.06875 0.1015625
1 0.3640625 0.34140625 0.03671875 0.06015625
1 0.4296875 0.31015625 0.028125 0.0265625
1 0.496875 0.29140625 0.03671875 0.046875
1 0.603125 0.35859375 0.0359375 0.053125
1 0.63125 0.33515625 0.03671875 0.05
1 0.5890625 0.28515625 0.03203125 0.03671875
1 0.86328125 0.50078125 0.08671875 0.08828125
1 0.68984375 0.59453125 0.09765625 0.15859375
3 0.4234375 0.36328125 0.0203125 0.05
4 0.40859375 0.3140625 0.03671875 0.05859375