1 0.725 0.84921875 0.18046875 0.3015625
1 0.6390625 0.6234375 0.0859375 0.16328125
1 0.6140625 0.49609375 0.06484375 0.1046875
1 0.675 0.4828125 0.07109375 0.10859375
1 0.64296875 0.43359375 0.04140625 0.0703125
1 0.5890625 0.42421875 0.0421875 0.08203125
1 0.63203125 0.3796875 0.0375 0.06015625
1 0.61875 0.34921875 0.028125 0.0484375
1 0.6265625 0.33046875 0.034375 0.03515625
1 0.61171875 0.315625 0.0265625 0.025
1 0.57421875 0.32109375 0.02421875 0.03828125
1 0.58046875 0.37421875 0.0421875 0.04140625
1 0.58125 0.3515625 0.0296875 0.03671875
1 0.5890625 0.33671875 0.021875 0.04296875
1 0.57890625 0.26328125 0.02578125 0.05
1 0.65625 0.3453125 0.03359375 0.04296875
1 0.67421875 0.36953125 0.03125 0.06171875
2 0.7109375 0.4046875 0.03984375 0.11015625
0 0.8421875 0.5796875 0.259375 0.48359375
0 0.65546875 0.31015625 0.05703125 0.10703125
4 0.58203125 0.26796875 0.01875 0.03359375
3 0.39609375 0.403125 0.02421875 0.06328125
3 0.3359375 0.39140625 0.03359375 0.0765625
3 0.4484375 0.34140625 0.03203125 0.06328125
3 0.45859375 0.3046875 0.01015625 0.05703125
3 0.465625 0.28515625 0.00703125 0.03984375
1 0.50859375 0.27578125 0.0234375 0.0484375
1 0.3953125 0.31953125 0.0390625 0.0484375
1 0.35 0.3375 0.06640625 0.06484375