1 0.36953125 0.5484375 0.08671875 0.13671875
1 0.3015625 0.91171875 0.25390625 0.1765625
1 0.49453125 0.328125 0.0390625 0.03671875
1 0.484375 0.3015625 0.0296875 0.03671875
1 0.465625 0.296875 0.0265625 0.0296875
1 0.4 0.325 0.0359375 0.03359375
1 0.3671875 0.3390625 0.0453125 0.0546875
1 0.521875 0.26640625 0.02421875 0.03359375
0 0.49296875 0.246875 0.01796875 0.03984375
0 0.703125 0.38359375 0.109375 0.2
3 0.37734375 0.42890625 0.0359375 0.078125
3 0.40703125 0.44765625 0.046875 0.08828125
3 0.33203125 0.378125 0.05234375 0.05703125
3 0.44140625 0.328125 0.021875 0.05
3 0.4640625 0.3296875 0.0234375 0.046875
3 0.87890625 0.52578125 0.03984375 0.1046875
3 0.84765625 0.4828125 0.0359375 0.09140625
3 0.8296875 0.45390625 0.03125 0.06171875
1 0.69296875 0.8453125 0.1421875 0.309375
1 0.65078125 0.60859375 0.09453125 0.1546875
1 0.71640625 0.55546875 0.1 0.16640625
1 0.79609375 0.540625 0.08359375 0.13359375
1 0.9265625 0.528125 0.12578125 0.1484375
1 0.94140625 0.72890625 0.1171875 0.23984375
4 0.8578125 0.7625 0.19921875 0.36640625
2 0.615625 0.47890625 0.0765625 0.14140625
1 0.58125 0.39765625 0.04921875 0.075
1 0.628125 0.38671875 0.0453125 0.06640625
1 0.61640625 0.35078125 0.0359375 0.0453125
1 0.5703125 0.3546875 0.034375 0.053125
1 0.56640625 0.3234375 0.021875 0.03984375
1 0.571875 0.3015625 0.0359375 0.04296875
1 0.5890625 0.27734375 0.0296875 0.04140625
1 0.6125 0.28828125 0.02421875 0.0296875
1 0.6125 0.32109375 0.03671875 0.03203125
1 0.64140625 0.3015625 0.0359375 0.04296875
1 0.56796875 0.26640625 0.01640625 0.01640625
0 0.5796875 0.2375 0.01875 0.03828125