0 0.35546875 0.3703125 0.10546875 0.17890625
0 0.4796875 0.3328125 0.0515625 0.1046875
1 0.57890625 0.27421875 0.0203125 0.028125
1 0.6125 0.42265625 0.05859375 0.090625
1 0.47578125 0.42890625 0.05703125 0.07265625
1 0.34140625 0.54375 0.08671875 0.1390625
3 0.428125 0.38203125 0.0234375 0.0421875
3 0.1109375 0.753125 0.10546875 0.21796875
3 0.64453125 0.353125 0.025 0.04609375
3 0.878125 0.48984375 0.025 0.06484375
3 0.503125 0.31796875 0.009375 0.0296875
3 0.49921875 0.28671875 0.0078125 0.02109375
3 0.475 0.284375 0.009375 0.02265625
3 0.50546875 0.2796875 0.00703125 0.0171875
1 0.45546875 0.28359375 0.01796875 0.0203125