3 0.43046875 0.5765625 0.03984375 0.1203125
3 0.67890625 0.52890625 0.07890625 0.128125
3 0.6140625 0.321875 0.028125 0.05
3 0.60703125 0.30078125 0.0109375 0.04140625
3 0.59453125 0.29296875 0.0078125 0.03359375
3 0.5890625 0.2734375 0.00703125 0.0265625
3 0.48359375 0.42109375 0.0359375 0.1015625
3 0.440625 0.41953125 0.05703125 0.11796875
3 0.3171875 0.67578125 0.0796875 0.128125
3 0.30859375 0.40390625 0.0390625 0.04140625
3 0.51015625 0.26015625 0.0203125 0.0296875
1 0.57734375 0.2390625 0.01796875 0.03203125
1 0.56640625 0.25546875 0.0203125 0.025
1 0.5625 0.27578125 0.0375 0.0484375
1 0.57578125 0.303125 0.02890625 0.05703125
1 0.66484375 0.31953125 0.053125 0.06171875
1 0.63984375 0.27265625 0.04375 0.0453125
1 0.8265625 0.4578125 0.11640625 0.14140625
1 0.4890625 0.26484375 0.03671875 0.03671875
1 0.39609375 0.32421875 0.0578125 0.08203125
1 0.36171875 0.34140625 0.0921875 0.08671875
1 0.32265625 0.37890625 0.04921875 0.08515625
1 0.13203125 0.521875 0.16796875 0.2265625
1 0.37734375 0.8265625 0.259375 0.346875
4 0.46875 0.26953125 0.02578125 0.0515625