1 0.6375 0.46640625 0.06328125 0.096875
1 0.74765625 0.47421875 0.08125 0.1046875
1 0.728125 0.38203125 0.05859375 0.05703125
1 0.35546875 0.359375 0.04375 0.03828125
1 0.3890625 0.3328125 0.0390625 0.028125
1 0.228125 0.465625 0.08671875 0.071875
1 0.1609375 0.5328125 0.1078125 0.0953125
1 0.05625 0.7640625 0.1125 0.178125
4 0.83046875 0.8859375 0.234375 0.228125
1 0.9609375 0.9265625 0.078125 0.146875
1 0.51015625 0.29453125 0.02109375 0.03828125
0 0.59296875 0.278125 0.034375 0.08984375
0 0.4515625 0.31015625 0.0578125 0.11640625
3 0.6125 0.33984375 0.0203125 0.046875
3 0.6328125 0.3109375 0.015625 0.04140625