1 0.221875 0.47890625 0.11640625 0.1015625
1 0.36328125 0.3484375 0.0453125 0.06640625
1 0.39453125 0.32109375 0.04921875 0.05859375
1 0.465625 0.32734375 0.053125 0.05859375
1 0.5953125 0.3765625 0.06015625 0.0765625
1 0.83046875 0.4515625 0.07890625 0.11640625
1 0.89765625 0.503125 0.12265625 0.1296875
1 0.678125 0.578125 0.12421875 0.1796875
4 0.4640625 0.2734375 0.021875 0.04296875
0 0.51015625 0.2546875 0.03671875 0.103125
0 0.66171875 0.33359375 0.08203125 0.13671875
3 0.5703125 0.2859375 0.01796875 0.03828125
3 0.571875 0.31484375 0.02109375 0.03984375
3 0.6 0.2921875 0.01484375 0.0484375
3 0.6171875 0.2875 0.01328125 0.04140625
3 0.5890625 0.25703125 0.01015625 0.03671875
3 0.596875 0.253125 0.0078125 0.0234375
3 0.33359375 0.3921875 0.06015625 0.08203125
3 0.303125 0.4046875 0.05 0.05703125