1 0.26796875 0.790625 0.2625 0.41875
1 0.47890625 0.03125 0.07890625 0.05390625
0 0.653125 0.7796875 0.45234375 0.440625
2 0.09453125 0.24140625 0.1640625 0.2171875
2 0.8015625 0.15078125 0.1015625 0.15234375
4 0.52421875 0.2140625 0.10546875 0.26484375
4 0.3609375 0.3765625 0.16796875 0.35703125
4 0.31796875 0.2421875 0.090625 0.215625
3 0.43828125 0.153125 0.040625 0.08984375
3 0.459375 0.19140625 0.0296875 0.11015625
3 0.1890625 0.09609375 0.06640625 0.09140625
3 0.93671875 0.375 0.0578125 0.11015625