1 0.15390625 0.525 0.19921875 0.13359375
1 0.3375 0.390625 0.06796875 0.08515625
1 0.36875 0.35234375 0.0546875 0.08828125
1 0.40390625 0.3265625 0.06875 0.0765625
1 0.4859375 0.26015625 0.03359375 0.03671875
1 0.63671875 0.478125 0.1078125 0.1796875
1 0.8359375 0.4609375 0.11640625 0.1484375
1 0.67109375 0.2984375 0.05234375 0.053125
1 0.57890625 0.26328125 0.01484375 0.0265625
0 0.58515625 0.2484375 0.015625 0.05
4 0.46171875 0.271875 0.02421875 0.05
3 0.30703125 0.41484375 0.0265625 0.08671875
3 0.51015625 0.27578125 0.01328125 0.028125
1 0.6359375 0.26796875 0.01796875 0.0296875