4 0.4640625 0.26640625 0.02109375 0.06640625
1 0.48203125 0.26171875 0.0234375 0.053125
1 0.40390625 0.334375 0.05234375 0.078125
1 0.35625 0.33984375 0.07890625 0.0734375
1 0.33046875 0.3734375 0.08984375 0.0765625
1 0.23046875 0.6625 0.14921875 0.21171875
1 0.14765625 0.52578125 0.178125 0.1453125
1 0.8296875 0.43828125 0.13125 0.13984375
1 0.66953125 0.303125 0.0421875 0.06640625
1 0.64296875 0.275 0.03671875 0.053125
2 0.590625 0.28671875 0.02421875 0.046875
1 0.5703125 0.27421875 0.02109375 0.04140625
1 0.5765625 0.2390625 0.02109375 0.025
3 0.33125 0.4078125 0.02421875 0.0984375
3 0.303125 0.40859375 0.0234375 0.08984375
3 0.590625 0.26015625 0.015625 0.04296875