1 0.38359375 0.79453125 0.209375 0.2484375
1 0.39765625 0.4765625 0.06328125 0.103125
1 0.8234375 0.4265625 0.08984375 0.10703125
1 0.875 0.49921875 0.1015625 0.128125
1 0.67109375 0.31640625 0.03203125 0.046875
1 0.66328125 0.2859375 0.028125 0.03828125
1 0.43046875 0.30234375 0.02890625 0.0546875
1 0.39375 0.31171875 0.03125 0.03984375
3 0.30546875 0.5265625 0.07265625 0.11640625
3 0.221875 0.5296875 0.07890625 0.10703125
3 0.65703125 0.4125 0.03671875 0.08828125
3 0.45390625 0.35390625 0.021875 0.06484375
3 0.46640625 0.29765625 0.01875 0.0453125
4 0.465625 0.26796875 0.02578125 0.046875
4 0.49296875 0.34296875 0.04921875 0.1
0 0.39609375 0.365625 0.09921875 0.11484375
3 0.33046875 0.3828125 0.05234375 0.06171875
3 0.30390625 0.4078125 0.0296875 0.05859375
2 0.64609375 0.31796875 0.04921875 0.0703125