1 0.41328125 0.4640625 0.09453125 0.1453125
1 0.36328125 0.34140625 0.04375 0.05703125
1 0.3921875 0.31953125 0.046875 0.0453125
1 0.50546875 0.3 0.0390625 0.06640625
1 0.71796875 0.4890625 0.103125 0.1484375
1 0.82109375 0.45078125 0.08359375 0.1046875
1 0.890625 0.51171875 0.09921875 0.1234375
1 0.665625 0.31015625 0.03203125 0.0734375
3 0.71484375 0.38046875 0.053125 0.08515625
3 0.3 0.41640625 0.04140625 0.08671875
4 0.4703125 0.27890625 0.046875 0.08203125
1 0.03984375 0.78828125 0.07890625 0.18671875