1 0.80859375 0.8078125 0.2640625 0.384375
1 0.84375 0.453125 0.1046875 0.19296875
1 0.6734375 0.2984375 0.04765625 0.0796875
1 0.58515625 0.2734375 0.0390625 0.03671875
1 0.425 0.49296875 0.15 0.16640625
1 0.5046875 0.36953125 0.07890625 0.08515625
1 0.51796875 0.309375 0.04375 0.06484375
1 0.328125 0.3796875 0.09140625 0.11015625
1 0.15703125 0.528125 0.19609375 0.21015625
1 0.36171875 0.3515625 0.04921875 0.08359375
1 0.3875 0.30390625 0.04140625 0.06796875
1 0.4984375 0.25078125 0.02578125 0.03203125
4 0.484375 0.26328125 0.04375 0.03984375
4 0.4640625 0.25859375 0.02890625 0.03359375
3 0.446875 0.3828125 0.046875 0.075
3 0.4640625 0.33046875 0.053125 0.06171875
3 0.47578125 0.303125 0.03359375 0.04296875
3 0.48671875 0.284375 0.0203125 0.03515625