2 0.3375 0.5203125 0.11484375 0.11640625
4 0.375 0.4171875 0.05234375 0.1015625
1 0.46953125 0.41171875 0.06796875 0.1
1 0.4921875 0.30859375 0.02109375 0.05703125
0 0.4796875 0.265625 0.0265625 0.0484375
1 0.50390625 0.27890625 0.021875 0.028125
0 0.5046875 0.253125 0.021875 0.03671875
3 0.4578125 0.325 0.015625 0.04296875
3 0.33203125 0.378125 0.028125 0.03671875
1 0.3640625 0.34140625 0.0546875 0.05703125
1 0.39765625 0.33203125 0.0390625 0.046875
1 0.590625 0.29296875 0.02890625 0.03359375
3 0.60703125 0.2703125 0.01484375 0.03984375
3 0.61640625 0.2875 0.01484375 0.04140625
3 0.6453125 0.32421875 0.02421875 0.0546875
3 0.89375 0.71484375 0.078125 0.15
4 0.6390625 0.50234375 0.0875 0.13828125
0 0.88125 0.546875 0.23671875 0.33984375
1 0.6546875 0.6203125 0.13359375 0.2
1 0.7046875 0.4609375 0.07421875 0.11171875
1 0.72578125 0.5515625 0.0921875 0.1234375
1 0.78984375 0.6640625 0.1453125 0.2015625
1 0.70859375 0.84921875 0.18359375 0.3015625
1 0.896875 0.871875 0.20625 0.25625
2 0.9640625 0.7828125 0.07109375 0.2734375