4 0.21796875 0.45859375 0.09140625 0.1203125
1 0.459375 0.36796875 0.06875 0.11015625
1 0.3515625 0.3734375 0.04453125 0.06328125
3 0.334375 0.41328125 0.0453125 0.06328125
1 0.403125 0.3203125 0.05 0.0734375
1 0.3640625 0.3453125 0.04765625 0.05703125
1 0.5140625 0.29609375 0.03359375 0.0546875
1 0.578125 0.33515625 0.028125 0.05703125
3 0.59140625 0.3109375 0.01796875 0.0453125
5 0.625 0.321875 0.06015625 0.096875
3 0.60546875 0.2796875 0.0078125 0.03359375
0 0.57109375 0.246875 0.01640625 0.03671875
1 0.871875 0.4890625 0.1359375 0.178125
3 0.91953125 0.8140625 0.12578125 0.271875