2 0.27890625 0.434375 0.0703125 0.08828125
3 0.37421875 0.4796875 0.0296875 0.06640625
3 0.96484375 0.75859375 0.0703125 0.1328125
1 0.68203125 0.571875 0.09765625 0.14296875
1 0.86484375 0.478125 0.1 0.08984375
3 0.8484375 0.52421875 0.05546875 0.0515625
4 0.628125 0.36171875 0.0453125 0.0765625
1 0.57109375 0.3109375 0.028125 0.0546875
1 0.61015625 0.31640625 0.02421875 0.03671875
4 0.41015625 0.3234375 0.02890625 0.05
1 0.49453125 0.30546875 0.021875 0.03515625
3 0.46953125 0.3390625 0.01640625 0.025