1 0.84140625 0.45859375 0.08046875 0.0796875
1 0.45625 0.5109375 0.06875 0.1
1 0.478125 0.390625 0.04375 0.0671875
1 0.37578125 0.33828125 0.0296875 0.0453125
1 0.31484375 0.39453125 0.03984375 0.03828125
1 0.353125 0.36484375 0.0359375 0.04140625
1 0.28046875 0.4171875 0.06328125 0.05703125
1 0.45625 0.28046875 0.02734375 0.0203125
3 0.4265625 0.44765625 0.0328125 0.06796875
3 0.88125 0.49375 0.03359375 0.07890625
3 0.46328125 0.33359375 0.01796875 0.03984375
3 0.3828125 0.359375 0.02578125 0.0578125
2 0.2265625 0.83828125 0.2171875 0.32265625
2 0.21484375 0.471875 0.0859375 0.11171875
1 0.63359375 0.26953125 0.02109375 0.025