1 0.409375 0.478125 0.09375 0.16015625
1 0.153125 0.55078125 0.18125 0.171875
1 0.3328125 0.38046875 0.0625 0.0953125
1 0.365625 0.33671875 0.04453125 0.08671875
1 0.4109375 0.31953125 0.065625 0.071875
1 0.46875 0.29765625 0.0390625 0.06484375
1 0.50625 0.26171875 0.03125 0.03984375
1 0.57890625 0.2828125 0.0453125 0.0546875
1 0.66484375 0.29921875 0.04140625 0.05859375
1 0.63671875 0.2671875 0.034375 0.04140625
1 0.82734375 0.4484375 0.13125 0.18671875
3 0.609375 0.31015625 0.021875 0.0703125
3 0.33515625 0.3984375 0.034375 0.08671875
3 0.309375 0.4046875 0.03203125 0.08359375
3 0.48359375 0.29921875 0.0203125 0.05859375
3 0.5953125 0.2625 0.0109375 0.0453125
4 0.44765625 0.27265625 0.034375 0.075
4 0.46484375 0.26171875 0.03125 0.06328125