1 0.246875 0.85859375 0.16875 0.25703125
1 0.6609375 0.74296875 0.11328125 0.21328125
1 0.159375 0.534375 0.10234375 0.0953125
1 0.32890625 0.4109375 0.05078125 0.05859375
1 0.35859375 0.3609375 0.03203125 0.0453125
1 0.3734375 0.34609375 0.02109375 0.028125
2 0.40234375 0.32109375 0.02890625 0.03828125
0 0.88125 0.790625 0.23671875 0.41796875
0 0.71640625 0.5 0.14140625 0.23671875
0 0.859375 0.50234375 0.18984375 0.2015625
1 0.6375 0.5796875 0.07265625 0.1203125
1 0.7296875 0.9265625 0.1625 0.146875
0 0.95546875 0.6234375 0.0890625 0.178125
2 0.59375 0.3796875 0.046875 0.06640625
4 0.61015625 0.3125 0.03671875 0.0515625
3 0.66640625 0.33671875 0.01484375 0.0296875
1 0.03125 0.90859375 0.053125 0.1828125
4 0.63984375 0.45078125 0.01875 0.071875