1 0.146875 0.53671875 0.11328125 0.11015625
1 0.696875 0.6609375 0.1015625 0.175
1 0.84765625 0.86328125 0.18359375 0.2734375
1 0.653125 0.5359375 0.084375 0.0984375
1 0.6390625 0.46328125 0.06328125 0.0734375
1 0.6125 0.434375 0.04375 0.06484375
1 0.603125 0.3890625 0.04140625 0.03828125
1 0.5953125 0.3671875 0.0375 0.0484375
1 0.62578125 0.3546875 0.0453125 0.053125
0 0.76328125 0.4859375 0.18046875 0.23515625
0 0.92265625 0.621875 0.1546875 0.33125
0 0.76484375 0.378125 0.146875 0.1203125
1 0.36953125 0.34140625 0.03125 0.03984375
1 0.3984375 0.32421875 0.03359375 0.03203125