1 0.1578125 0.5359375 0.12265625 0.11796875
1 0.325 0.40390625 0.06875 0.05859375
1 0.3609375 0.3578125 0.04765625 0.0453125
1 0.39921875 0.3171875 0.04453125 0.06484375
1 0.51875 0.290625 0.0296875 0.0453125
3 0.49140625 0.2765625 0.00859375 0.0234375
1 0.58984375 0.45 0.06328125 0.11328125
4 0.64375 0.45390625 0.0265625 0.1015625
1 0.64375 0.58828125 0.078125 0.13984375
1 0.6703125 0.7515625 0.128125 0.23671875
1 0.74453125 0.9171875 0.19453125 0.16484375
0 0.87265625 0.78828125 0.2546875 0.4234375
0 0.71484375 0.4859375 0.14453125 0.23671875
0 0.86328125 0.5 0.203125 0.221875
0 0.95390625 0.61484375 0.0921875 0.175
1 0.5796875 0.27421875 0.01640625 0.04140625
0 0.628125 0.27109375 0.01484375 0.03203125