3 0.81015625 0.55859375 0.0546875 0.13359375
1 0.87109375 0.509375 0.10234375 0.1546875
1 0.80390625 0.45078125 0.0953125 0.11796875
3 0.62578125 0.3171875 0.0296875 0.06484375
3 0.578125 0.27265625 0.021875 0.0453125
3 0.428125 0.38828125 0.021875 0.06640625
1 0.4890625 0.39453125 0.05703125 0.08203125
1 0.46875 0.334375 0.02109375 0.0546875
3 0.4390625 0.32578125 0.015625 0.0484375
3 0.3765625 0.46953125 0.0296875 0.0953125
3 0.3421875 0.465625 0.03359375 0.0953125
3 0.2421875 0.6703125 0.05703125 0.13984375
3 0.28125 0.78046875 0.06484375 0.171875
1 0.4078125 0.66484375 0.11640625 0.21328125
1 0.15390625 0.52734375 0.15703125 0.09140625
2 0.2796875 0.43671875 0.09921875 0.103125
1 0.3296875 0.39453125 0.0703125 0.06796875
1 0.37109375 0.35078125 0.05234375 0.06796875
1 0.40390625 0.31953125 0.04765625 0.0546875
1 0.4828125 0.29765625 0.0265625 0.03828125
1 0.50625 0.296875 0.02890625 0.05703125
1 0.50703125 0.321875 0.02890625 0.05703125