3 0.2453125 0.58203125 0.04375 0.1234375
3 0.284375 0.565625 0.04453125 0.11171875
3 0.3296875 0.459375 0.03671875 0.08515625
3 0.4296875 0.3859375 0.028125 0.05859375
3 0.61015625 0.46953125 0.05703125 0.11484375
3 0.4671875 0.303125 0.015625 0.0265625
3 0.46015625 0.29140625 0.01328125 0.03671875
3 0.415625 0.3109375 0.02109375 0.04140625
1 0.05859375 0.7046875 0.1171875 0.2125
1 0.38671875 0.453125 0.065625 0.0765625
1 0.4890625 0.34921875 0.05234375 0.03828125
1 0.496875 0.30234375 0.034375 0.04140625
1 0.49375 0.2796875 0.0203125 0.03359375
1 0.63203125 0.40859375 0.0625 0.1234375
1 0.74453125 0.37734375 0.0765625 0.1015625
1 0.86171875 0.48671875 0.1265625 0.16640625
1 0.578125 0.3296875 0.03671875 0.0703125
1 0.5875 0.27421875 0.02890625 0.0484375
1 0.390625 0.32265625 0.034375 0.06484375
1 0.37109375 0.3359375 0.028125 0.0515625
1 0.34609375 0.365625 0.053125 0.08515625