3 0.36328125 0.7015625 0.07578125 0.15703125
3 0.32890625 0.38515625 0.04921875 0.0796875
3 0.515625 0.2828125 0.01640625 0.021875
3 0.5015625 0.28046875 0.0109375 0.028125
3 0.4890625 0.27578125 0.01484375 0.028125
4 0.4640625 0.27265625 0.02890625 0.0546875
1 0.39609375 0.32890625 0.053125 0.1015625
1 0.35859375 0.35 0.05703125 0.09296875
1 0.50625 0.31015625 0.03671875 0.046875
1 0.48203125 0.2765625 0.01875 0.0296875
1 0.49921875 0.2578125 0.015625 0.04140625
1 0.571875 0.2546875 0.0203125 0.03359375
1 0.56796875 0.29453125 0.02578125 0.0484375
0 0.5828125 0.23515625 0.0203125 0.046875
3 0.6046875 0.26640625 0.015625 0.0296875
1 0.6703125 0.29296875 0.04765625 0.06640625
1 0.59765625 0.30390625 0.0296875 0.0484375
3 0.67421875 0.33203125 0.01796875 0.046875
1 0.68125 0.36171875 0.04140625 0.05
1 0.72890625 0.38984375 0.0859375 0.06015625
1 0.66875 0.4125 0.053125 0.06484375
1 0.61328125 0.4203125 0.065625 0.08359375
1 0.6453125 0.50703125 0.07890625 0.11015625
1 0.70390625 0.6359375 0.13125 0.1546875
2 0.7734375 0.8265625 0.1859375 0.346875
2 0.728125 0.4875 0.09140625 0.16796875
4 0.5875 0.37109375 0.04140625 0.08828125
4 0.6421875 0.36484375 0.0546875 0.08984375
3 0.67734375 0.86015625 0.12265625 0.2734375
0 0.88125 0.63984375 0.23671875 0.4296875
1 0.86640625 0.48203125 0.109375 0.14296875
0 0.0828125 0.8625 0.165625 0.275