3 0.31953125 0.403125 0.06328125 0.15625
3 0.2484375 0.43515625 0.07265625 0.13046875
3 0.5125 0.24453125 0.04921875 0.08359375
3 0.52109375 0.1765625 0.034375 0.08984375
3 0.5375 0.1359375 0.03671875 0.08828125
3 0.565625 0.11171875 0.0296875 0.08359375
3 0.55078125 0.071875 0.025 0.0734375
3 0.4578125 0.03828125 0.03046875 0.0734375
3 0.41953125 0.08359375 0.02578125 0.06328125
3 0.4796875 0.1078125 0.03125 0.08359375
1 0.4328125 0.16328125 0.09375 0.1234375
1 0.49453125 0.3671875 0.13515625 0.18515625
1 0.209375 0.87734375 0.29609375 0.2453125
0 0.6671875 0.8828125 0.4203125 0.23359375
3 0.6515625 0.734375 0.08046875 0.1703125