2 0.2875 0.43046875 0.11015625 0.11484375
1 0.3703125 0.35078125 0.05078125 0.075
4 0.42734375 0.334375 0.08359375 0.071875
2 0.49296875 0.3015625 0.03984375 0.08359375
1 0.5703125 0.27734375 0.021875 0.03515625
0 0.61484375 0.309375 0.046875 0.078125
1 0.565625 0.3234375 0.0453125 0.053125
1 0.62265625 0.390625 0.05078125 0.06484375
3 0.60078125 0.43046875 0.046875 0.08203125
1 0.865625 0.51015625 0.13203125 0.18984375
3 0.90390625 0.5328125 0.06328125 0.0953125
3 0.92734375 0.75078125 0.0890625 0.23515625
1 0.96640625 0.5921875 0.0671875 0.1515625