1 0.19375 0.5375 0.1890625 0.13515625
1 0.2171875 0.47109375 0.10546875 0.0484375
1 0.36484375 0.3484375 0.0375 0.053125
1 0.39453125 0.32265625 0.03203125 0.05859375
1 0.5640625 0.27890625 0.02109375 0.05859375
1 0.83203125 0.4578125 0.0953125 0.1515625
1 0.66875 0.29453125 0.03671875 0.0453125
3 0.634375 0.3015625 0.02109375 0.05
3 0.3546875 0.4953125 0.0265625 0.10703125
3 0.3375 0.45703125 0.03203125 0.0796875
3 0.34140625 0.3953125 0.05078125 0.08359375
0 0.509375 0.253125 0.0203125 0.06640625