1 0.66484375 0.59140625 0.11796875 0.146875
1 0.84375 0.71484375 0.159375 0.29296875
1 0.4765625 0.37890625 0.05859375 0.08203125
1 0.47578125 0.321875 0.02578125 0.05
1 0.51015625 0.31953125 0.0265625 0.0453125
1 0.34765625 0.359375 0.0234375 0.0484375
1 0.371875 0.33828125 0.01875 0.03359375
1 0.5765625 0.2609375 0.01640625 0.025
3 0.61796875 0.32109375 0.02421875 0.03828125
3 0.146875 0.7359375 0.06484375 0.125
3 0.2421875 0.53515625 0.03359375 0.0703125
1 0.39296875 0.7859375 0.09921875 0.2484375
4 0.4171875 0.46484375 0.08671875 0.15703125
3 0.88671875 0.49453125 0.046875 0.08515625