1 0.6078125 0.46796875 0.08359375 0.16015625
1 0.86875 0.50390625 0.1203125 0.18515625
1 0.74921875 0.3703125 0.08984375 0.1
3 0.66875 0.35234375 0.015625 0.06171875
1 0.63203125 0.35703125 0.04765625 0.0734375
1 0.59921875 0.3234375 0.04765625 0.0703125
1 0.57578125 0.246875 0.0203125 0.0265625
1 0.390625 0.53203125 0.11875 0.1203125
4 0.240625 0.46640625 0.13203125 0.10703125
2 0.34375 0.403125 0.084375 0.0796875
1 0.35234375 0.35703125 0.0421875 0.053125
1 0.36875 0.3359375 0.0453125 0.0546875
0 0.51875 0.24921875 0.03203125 0.071875