1 0.28671875 0.5234375 0.1546875 0.15
1 0.15390625 0.53515625 0.134375 0.146875
1 0.31953125 0.38984375 0.08671875 0.09296875
1 0.83203125 0.47109375 0.1078125 0.13515625
1 0.6984375 0.375 0.06484375 0.0765625
1 0.578125 0.26796875 0.03671875 0.04296875
1 0.66953125 0.29296875 0.0421875 0.0765625
1 0.6375 0.271875 0.03984375 0.04296875
1 0.4359375 0.290625 0.06484375 0.03203125
1 0.39609375 0.315625 0.0546875 0.05859375
4 0.7640625 0.3734375 0.0734375 0.08359375
2 0.6171875 0.353125 0.06484375 0.09296875
0 0.4328125 0.38359375 0.13046875 0.18984375
3 0.79609375 0.59140625 0.0875 0.1734375
3 0.65078125 0.3296875 0.04140625 0.0734375