3 0.290625 0.60546875 0.05078125 0.1546875
3 0.37578125 0.546875 0.02890625 0.10703125
3 0.40703125 0.3953125 0.021875 0.06015625
3 0.42109375 0.3515625 0.02578125 0.03984375
3 0.64375 0.4015625 0.05546875 0.08359375
3 0.3421875 0.39765625 0.03359375 0.0546875
0 0.4578125 0.3140625 0.03671875 0.11484375
0 0.58984375 0.3203125 0.0453125 0.08984375
2 0.49765625 0.31171875 0.04140625 0.0796875
2 0.14765625 0.53828125 0.10546875 0.11328125
1 0.2203125 0.49140625 0.0796875 0.11015625
1 0.39453125 0.45078125 0.05703125 0.08203125
1 0.4609375 0.4640625 0.05 0.0984375
1 0.47109375 0.37421875 0.04375 0.06171875
1 0.50078125 0.32421875 0.03125 0.03515625
1 0.82109375 0.44921875 0.0796875 0.078125
1 0.36875 0.35 0.03671875 0.03359375
1 0.39453125 0.31953125 0.0375 0.03828125