1 0.63125 0.50703125 0.08359375 0.18359375
1 0.8421875 0.45703125 0.103125 0.11015625
1 0.66640625 0.2921875 0.04453125 0.0546875
1 0.59140625 0.28828125 0.0359375 0.03359375
1 0.40859375 0.37578125 0.065625 0.06484375
1 0.40390625 0.325 0.05859375 0.05
1 0.36875 0.34453125 0.04765625 0.03828125
1 0.22578125 0.48515625 0.10703125 0.11640625
1 0.16796875 0.5203125 0.16875 0.11015625
4 0.75859375 0.384375 0.0625 0.08515625
4 0.59921875 0.3203125 0.0390625 0.05
4 0.5734375 0.24296875 0.01640625 0.046875
4 0.46953125 0.2734375 0.02421875 0.03671875
3 0.34375 0.39765625 0.07578125 0.06796875
1 0.6359375 0.26796875 0.0234375 0.03359375