3 0.246875 0.7 0.1109375 0.14296875
1 0.16328125 0.52578125 0.1390625 0.13515625
2 0.28046875 0.43046875 0.09140625 0.10859375
1 0.32734375 0.40234375 0.0609375 0.0984375
1 0.36953125 0.34296875 0.04453125 0.06015625
1 0.4015625 0.31171875 0.06015625 0.06328125
3 0.49296875 0.26953125 0.01484375 0.028125
3 0.5765625 0.3234375 0.01640625 0.053125
3 0.60546875 0.3140625 0.01875 0.04140625
3 0.69140625 0.69921875 0.0734375 0.18828125
3 0.790625 0.603125 0.06015625 0.146875
1 0.8703125 0.49921875 0.12578125 0.171875
3 0.60703125 0.28046875 0.01484375 0.04140625
3 0.5875 0.2828125 0.01328125 0.03203125
3 0.60234375 0.26484375 0.0125 0.03984375
1 0.6296875 0.26953125 0.01640625 0.03828125
1 0.5875 0.25859375 0.0203125 0.0234375