3 0.6265625 0.4359375 0.04375 0.13203125
3 0.784375 0.91953125 0.06875 0.1609375
1 0.8671875 0.47890625 0.13359375 0.1984375
3 0.734375 0.41640625 0.02578125 0.0796875
1 0.7359375 0.37578125 0.053125 0.0984375
3 0.6328125 0.37578125 0.0265625 0.0515625
3 0.62109375 0.34140625 0.02578125 0.06328125
1 0.57578125 0.2609375 0.01640625 0.028125
1 0.296875 0.609375 0.13984375 0.14140625
3 0.396875 0.4921875 0.0578125 0.125
3 0.4328125 0.42109375 0.02421875 0.08828125
3 0.4796875 0.37734375 0.0234375 0.06171875
3 0.44765625 0.37265625 0.02578125 0.06171875
3 0.43203125 0.34296875 0.03671875 0.03984375
2 0.48671875 0.3359375 0.034375 0.071875
1 0.51015625 0.3 0.0234375 0.046875
3 0.46171875 0.30546875 0.028125 0.0546875
1 0.5109375 0.26796875 0.02109375 0.03671875
1 0.35234375 0.37109375 0.0421875 0.08203125
1 0.37109375 0.34140625 0.03671875 0.0734375
1 0.396875 0.3265625 0.0359375 0.06015625
4 0.215625 0.45390625 0.13359375 0.14140625
3 0.6015625 0.26796875 0.00859375 0.03671875