1 0.90546875 0.92265625 0.1890625 0.1546875
1 0.871875 0.50390625 0.1265625 0.15859375
1 0.74140625 0.37734375 0.053125 0.08203125
1 0.61953125 0.3953125 0.05078125 0.1296875
3 0.6515625 0.3671875 0.0265625 0.071875
3 0.634375 0.32890625 0.01875 0.0484375
1 0.578125 0.303125 0.021875 0.05703125
1 0.5671875 0.275 0.0203125 0.03984375
0 0.57265625 0.24609375 0.02421875 0.06484375
1 0.59921875 0.2921875 0.02890625 0.0484375
1 0.41171875 0.384375 0.05859375 0.08203125
1 0.3625 0.38203125 0.06640625 0.08984375
1 0.365625 0.34296875 0.034375 0.05
1 0.39453125 0.3265625 0.0453125 0.04296875
4 0.46171875 0.27265625 0.0203125 0.03203125
1 0.4859375 0.2765625 0.015625 0.03671875