1 0.28984375 0.521875 0.08359375 0.115625
1 0.3125 0.396875 0.05546875 0.06171875
1 0.3484375 0.3578125 0.0375 0.034375
1 0.371875 0.35 0.03203125 0.04296875
1 0.44453125 0.42578125 0.04765625 0.06640625
1 0.4796875 0.3703125 0.0375 0.06953125
1 0.49921875 0.315625 0.03046875 0.03984375
1 0.834375 0.4546875 0.08125 0.09453125
0 0.47265625 0.2828125 0.03671875 0.06171875
3 0.87890625 0.48828125 0.04453125 0.0890625
3 0.6515625 0.45703125 0.034375 0.059375
3 0.6625 0.38515625 0.02734375 0.04921875
3 0.6203125 0.30859375 0.0140625 0.0265625
3 0.5859375 0.29140625 0.01015625 0.025
3 0.42578125 0.49453125 0.0453125 0.07734375
3 0.4390625 0.38203125 0.028125 0.0421875
3 0.37578125 0.39296875 0.02109375 0.05546875
3 0.50234375 0.27734375 0.0140625 0.0265625