2 0.1453125 0.5375 0.12578125 0.125
1 0.32578125 0.3859375 0.053125 0.06171875
1 0.35703125 0.35078125 0.03125 0.03515625
1 0.3921875 0.3234375 0.0265625 0.03671875
1 0.60703125 0.36015625 0.0265625 0.03671875
1 0.63515625 0.26796875 0.01796875 0.0265625
1 0.57734375 0.25078125 0.01796875 0.025
1 0.82734375 0.4546875 0.07578125 0.08671875
3 0.65 0.3796875 0.028125 0.05703125
3 0.4015625 0.4171875 0.0265625 0.06796875
3 0.58984375 0.32578125 0.02109375 0.03828125
3 0.58359375 0.3640625 0.02890625 0.0484375
3 0.60703125 0.2859375 0.01328125 0.028125
3 0.42421875 0.35703125 0.01875 0.053125
3 0.46796875 0.29921875 0.01328125 0.03828125
1 0.57421875 0.28359375 0.015625 0.03671875