3 0.334375 0.39453125 0.04453125 0.06796875
3 0.2984375 0.409375 0.0296875 0.06796875
3 0.41015625 0.3546875 0.01875 0.03984375
1 0.82265625 0.4375 0.084375 0.1046875
1 0.88828125 0.4890625 0.12109375 0.128125
1 0.6625 0.29453125 0.0359375 0.0546875
1 0.42734375 0.38359375 0.0578125 0.0703125
1 0.36796875 0.3484375 0.03359375 0.06015625
1 0.3921875 0.31640625 0.02890625 0.04296875
5 0.47734375 0.38828125 0.04375 0.1
5 0.4640625 0.265625 0.028125 0.0453125
2 0.50625 0.25859375 0.01640625 0.0296875